1.757000000000000028e+01 2.628257999999999983e-02 5.207784999999999798e+01
1.757000000000000028e+01 4.415427999999999714e-02 7.800123000000000673e+01
1.757000000000000028e+01 6.232185999999999976e-02 1.169513000000000034e+02
1.757000000000000028e+01 9.020585000000000409e-02 1.182348999999999961e+02
1.757000000000000028e+01 1.352297000000000082e-01 1.423551999999999964e+02
1.757000000000000028e+01 2.038964000000000054e-01 1.558719000000000108e+02
1.757000000000000028e+01 3.056348999999999871e-01 1.542170000000000130e+02
1.757000000000000028e+01 4.586450999999999723e-01 1.523095999999999890e+02
1.757000000000000028e+01 6.883943999999999619e-01 1.673449999999999989e+02
1.757000000000000028e+01 1.032767999999999908e+00 2.318351999999999862e+02
1.757000000000000028e+01 1.549323000000000006e+00 3.802742999999999824e+02
1.757000000000000028e+01 2.237315999999999860e+00 5.337446999999999662e+02
1.757000000000000028e+01 2.922752000000000017e+00 5.998863000000000056e+02
