1.757000000000000028e+01 2.628257999999999983e-02 1.039763999999999982e+02
1.757000000000000028e+01 4.415427999999999714e-02 1.529031999999999982e+02
1.757000000000000028e+01 6.232185999999999976e-02 2.212231999999999914e+02
1.757000000000000028e+01 9.020585000000000409e-02 2.161047000000000082e+02
1.757000000000000028e+01 1.352297000000000082e-01 2.501777999999999906e+02
1.757000000000000028e+01 2.038964000000000054e-01 2.681304999999999836e+02
1.757000000000000028e+01 3.056348999999999871e-01 2.713698999999999728e+02
1.757000000000000028e+01 4.586450999999999723e-01 2.851222999999999956e+02
1.757000000000000028e+01 6.883943999999999619e-01 3.455246999999999957e+02
1.757000000000000028e+01 1.032767999999999908e+00 5.046612999999999829e+02
1.757000000000000028e+01 1.549323000000000006e+00 8.168878999999999451e+02
1.757000000000000028e+01 2.237315999999999860e+00 1.061401000000000067e+03
1.757000000000000028e+01 2.922752000000000017e+00 1.022769999999999982e+03
