1.040000000000000036e+01 2.628257999999999983e-02 4.851741999999999777e+00
1.040000000000000036e+01 4.415427999999999714e-02 7.628612999999999644e+00
1.040000000000000036e+01 6.232185999999999976e-02 9.418865000000000265e+00
1.040000000000000036e+01 9.020585000000000409e-02 7.973840000000000039e+00
1.040000000000000036e+01 1.352297000000000082e-01 6.819795000000000051e+00
1.040000000000000036e+01 2.038964000000000054e-01 5.381342000000000070e+00
1.040000000000000036e+01 3.056348999999999871e-01 4.992905000000000371e+00
1.040000000000000036e+01 4.586450999999999723e-01 5.479809999999999626e+00
1.040000000000000036e+01 6.883943999999999619e-01 6.987764999999999560e+00
1.040000000000000036e+01 1.032767999999999908e+00 8.688909000000000660e+00
1.040000000000000036e+01 1.549323000000000006e+00 1.124995999999999974e+01
1.040000000000000036e+01 2.237315999999999860e+00 1.768821000000000154e+01
1.040000000000000036e+01 2.922752000000000017e+00 2.702306000000000097e+01
1.097000000000000064e+01 2.628257999999999983e-02 1.072019000000000055e+01
1.097000000000000064e+01 4.415427999999999714e-02 1.716888000000000147e+01
1.097000000000000064e+01 6.232185999999999976e-02 2.022342000000000084e+01
1.097000000000000064e+01 9.020585000000000409e-02 1.652177000000000007e+01
1.097000000000000064e+01 1.352297000000000082e-01 1.297207000000000043e+01
1.097000000000000064e+01 2.038964000000000054e-01 8.770200000000000884e+00
1.097000000000000064e+01 3.056348999999999871e-01 6.060468000000000188e+00
1.097000000000000064e+01 4.586450999999999723e-01 4.508594999999999686e+00
1.097000000000000064e+01 6.883943999999999619e-01 4.253929000000000293e+00
1.097000000000000064e+01 1.032767999999999908e+00 4.697363000000000177e+00
1.097000000000000064e+01 1.549323000000000006e+00 5.968567000000000178e+00
1.097000000000000064e+01 2.237315999999999860e+00 9.384365000000000734e+00
1.097000000000000064e+01 2.922752000000000017e+00 1.445532000000000039e+01
1.157000000000000028e+01 2.628257999999999983e-02 2.223236999999999952e+01
1.157000000000000028e+01 4.415427999999999714e-02 3.617110000000000269e+01
1.157000000000000028e+01 6.232185999999999976e-02 4.127718999999999738e+01
1.157000000000000028e+01 9.020585000000000409e-02 3.297341000000000122e+01
1.157000000000000028e+01 1.352297000000000082e-01 2.447552999999999912e+01
1.157000000000000028e+01 2.038964000000000054e-01 1.556404999999999994e+01
1.157000000000000028e+01 3.056348999999999871e-01 1.056976000000000049e+01
1.157000000000000028e+01 4.586450999999999723e-01 9.129810000000000869e+00
1.157000000000000028e+01 6.883943999999999619e-01 9.845046999999999215e+00
1.157000000000000028e+01 1.032767999999999908e+00 1.176979000000000042e+01
1.157000000000000028e+01 1.549323000000000006e+00 1.574780999999999942e+01
1.157000000000000028e+01 2.237315999999999860e+00 2.189430000000000121e+01
1.157000000000000028e+01 2.922752000000000017e+00 2.585076000000000107e+01
1.219999999999999929e+01 2.628257999999999983e-02 4.220165000000000077e+01
1.219999999999999929e+01 4.415427999999999714e-02 6.987796000000000163e+01
1.219999999999999929e+01 6.232185999999999976e-02 7.858204000000000633e+01
1.219999999999999929e+01 9.020585000000000409e-02 6.235452000000000083e+01
1.219999999999999929e+01 1.352297000000000082e-01 4.515229000000000070e+01
1.219999999999999929e+01 2.038964000000000054e-01 2.852527999999999864e+01
1.219999999999999929e+01 3.056348999999999871e-01 2.261601999999999890e+01
1.219999999999999929e+01 4.586450999999999723e-01 2.731593000000000160e+01
1.219999999999999929e+01 6.883943999999999619e-01 3.655812000000000239e+01
1.219999999999999929e+01 1.032767999999999908e+00 4.813828999999999780e+01
1.219999999999999929e+01 1.549323000000000006e+00 6.713755999999999347e+01
1.219999999999999929e+01 2.237315999999999860e+00 9.048596000000000572e+01
1.219999999999999929e+01 2.922752000000000017e+00 9.798462999999999568e+01
1.285999999999999943e+01 2.628257999999999983e-02 6.546348000000000411e+01
1.285999999999999943e+01 4.415427999999999714e-02 1.113722999999999956e+02
1.285999999999999943e+01 6.232185999999999976e-02 1.251713000000000022e+02
1.285999999999999943e+01 9.020585000000000409e-02 1.002536000000000058e+02
1.285999999999999943e+01 1.352297000000000082e-01 7.371766999999999825e+01
1.285999999999999943e+01 2.038964000000000054e-01 4.941552000000000078e+01
1.285999999999999943e+01 3.056348999999999871e-01 4.734975000000000023e+01
1.285999999999999943e+01 4.586450999999999723e-01 6.993631999999999493e+01
1.285999999999999943e+01 6.883943999999999619e-01 1.024000999999999948e+02
1.285999999999999943e+01 1.032767999999999908e+00 1.403360999999999876e+02
1.285999999999999943e+01 1.549323000000000006e+00 2.017196000000000140e+02
1.285999999999999943e+01 2.237315999999999860e+00 2.704069000000000074e+02
1.285999999999999943e+01 2.922752000000000017e+00 2.859463999999999828e+02
1.355000000000000071e+01 2.628257999999999983e-02 7.379662000000000432e+01
1.355000000000000071e+01 4.415427999999999714e-02 1.310542000000000087e+02
1.355000000000000071e+01 6.232185999999999976e-02 1.487687999999999988e+02
1.355000000000000071e+01 9.020585000000000409e-02 1.222947000000000060e+02
1.355000000000000071e+01 1.352297000000000082e-01 9.531019999999999470e+01
1.355000000000000071e+01 2.038964000000000054e-01 7.278118999999999517e+01
1.355000000000000071e+01 3.056348999999999871e-01 8.538443999999999789e+01
1.355000000000000071e+01 4.586450999999999723e-01 1.405121000000000038e+02
1.355000000000000071e+01 6.883943999999999619e-01 2.146117000000000132e+02
1.355000000000000071e+01 1.032767999999999908e+00 3.022490000000000236e+02
1.355000000000000071e+01 1.549323000000000006e+00 4.469979999999999905e+02
1.355000000000000071e+01 2.237315999999999860e+00 6.024261999999999944e+02
1.355000000000000071e+01 2.922752000000000017e+00 6.241688000000000329e+02
1.427999999999999936e+01 2.628257999999999983e-02 4.541877999999999815e+01
1.427999999999999936e+01 4.415427999999999714e-02 8.878031000000000006e+01
1.427999999999999936e+01 6.232185999999999976e-02 1.034017999999999944e+02
1.427999999999999936e+01 9.020585000000000409e-02 9.149107999999999663e+01
1.427999999999999936e+01 1.352297000000000082e-01 8.265955999999999904e+01
1.427999999999999936e+01 2.038964000000000054e-01 8.387124000000000024e+01
1.427999999999999936e+01 3.056348999999999871e-01 1.244140000000000015e+02
1.427999999999999936e+01 4.586450999999999723e-01 2.157909999999999968e+02
1.427999999999999936e+01 6.883943999999999619e-01 3.367316999999999894e+02
1.427999999999999936e+01 1.032767999999999908e+00 4.861179000000000201e+02
1.427999999999999936e+01 1.549323000000000006e+00 7.353473000000000184e+02
1.427999999999999936e+01 2.237315999999999860e+00 9.864279999999999973e+02
1.427999999999999936e+01 2.922752000000000017e+00 1.016942000000000007e+03
1.505000000000000071e+01 2.628257999999999983e-02 8.603289000000000186e+00
1.505000000000000071e+01 4.415427999999999714e-02 2.367297999999999902e+01
1.505000000000000071e+01 6.232185999999999976e-02 3.073580000000000112e+01
1.505000000000000071e+01 9.020585000000000409e-02 3.590516000000000219e+01
1.505000000000000071e+01 1.352297000000000082e-01 5.030487000000000108e+01
1.505000000000000071e+01 2.038964000000000054e-01 8.262197999999999354e+01
1.505000000000000071e+01 3.056348999999999871e-01 1.504061000000000092e+02
1.505000000000000071e+01 4.586450999999999723e-01 2.622855999999999881e+02
1.505000000000000071e+01 6.883943999999999619e-01 4.104941000000000031e+02
1.505000000000000071e+01 1.032767999999999908e+00 6.078134000000000015e+02
1.505000000000000071e+01 1.549323000000000006e+00 9.401457000000000335e+02
1.505000000000000071e+01 2.237315999999999860e+00 1.243374000000000024e+03
1.505000000000000071e+01 2.922752000000000017e+00 1.266255000000000109e+03
1.584999999999999964e+01 2.628257999999999983e-02 4.087208999999999648e+00
1.584999999999999964e+01 4.415427999999999714e-02 4.561181999999999626e+00
1.584999999999999964e+01 6.232185999999999976e-02 1.305179000000000045e+01
1.584999999999999964e+01 9.020585000000000409e-02 2.167379999999999995e+01
1.584999999999999964e+01 1.352297000000000082e-01 4.453851999999999833e+01
1.584999999999999964e+01 2.038964000000000054e-01 8.624635000000000673e+01
1.584999999999999964e+01 3.056348999999999871e-01 1.556876000000000033e+02
1.584999999999999964e+01 4.586450999999999723e-01 2.519071000000000140e+02
1.584999999999999964e+01 6.883943999999999619e-01 3.865061999999999784e+02
1.584999999999999964e+01 1.032767999999999908e+00 5.823151000000000295e+02
1.584999999999999964e+01 1.549323000000000006e+00 9.230333000000000538e+02
1.584999999999999964e+01 2.237315999999999860e+00 1.220845000000000027e+03
1.584999999999999964e+01 2.922752000000000017e+00 1.226765000000000100e+03
1.669000000000000128e+01 2.628257999999999983e-02 2.880622999999999934e+01
1.669000000000000128e+01 4.415427999999999714e-02 3.647540999999999656e+01
1.669000000000000128e+01 6.232185999999999976e-02 5.678025000000000233e+01
1.669000000000000128e+01 9.020585000000000409e-02 5.865377000000000152e+01
1.669000000000000128e+01 1.352297000000000082e-01 7.773093000000000075e+01
1.669000000000000128e+01 2.038964000000000054e-01 1.047750000000000057e+02
1.669000000000000128e+01 3.056348999999999871e-01 1.466871999999999900e+02
1.669000000000000128e+01 4.586450999999999723e-01 2.001875000000000000e+02
1.669000000000000128e+01 6.883943999999999619e-01 2.860640000000000214e+02
1.669000000000000128e+01 1.032767999999999908e+00 4.314755999999999858e+02
1.669000000000000128e+01 1.549323000000000006e+00 6.935265000000000555e+02
1.669000000000000128e+01 2.237315999999999860e+00 9.176612000000000080e+02
1.669000000000000128e+01 2.922752000000000017e+00 9.143438999999999623e+02
1.757000000000000028e+01 2.628257999999999983e-02 4.496607000000000198e+01
1.757000000000000028e+01 4.415427999999999714e-02 6.278529000000000337e+01
1.757000000000000028e+01 6.232185999999999976e-02 9.087990999999999531e+01
1.757000000000000028e+01 9.020585000000000409e-02 8.947330999999999790e+01
1.757000000000000028e+01 1.352297000000000082e-01 1.055978999999999957e+02
1.757000000000000028e+01 2.038964000000000054e-01 1.177048000000000059e+02
1.757000000000000028e+01 3.056348999999999871e-01 1.281312000000000069e+02
1.757000000000000028e+01 4.586450999999999723e-01 1.427590999999999894e+02
1.757000000000000028e+01 6.883943999999999619e-01 1.775218999999999880e+02
1.757000000000000028e+01 1.032767999999999908e+00 2.544625000000000057e+02
1.757000000000000028e+01 1.549323000000000006e+00 4.027529999999999859e+02
1.757000000000000028e+01 2.237315999999999860e+00 5.219729999999999563e+02
1.757000000000000028e+01 2.922752000000000017e+00 5.075124000000000137e+02
1.850000000000000000e+01 2.628257999999999983e-02 3.681266000000000105e+01
1.850000000000000000e+01 4.415427999999999714e-02 5.456136000000000053e+01
1.850000000000000000e+01 6.232185999999999976e-02 7.848019999999999641e+01
1.850000000000000000e+01 9.020585000000000409e-02 7.801350999999999658e+01
1.850000000000000000e+01 1.352297000000000082e-01 9.139355999999999369e+01
1.850000000000000000e+01 2.038964000000000054e-01 9.755086000000000013e+01
1.850000000000000000e+01 3.056348999999999871e-01 9.388223000000000695e+01
1.850000000000000000e+01 4.586450999999999723e-01 9.038295999999999708e+01
1.850000000000000000e+01 6.883943999999999619e-01 9.429596999999999696e+01
1.850000000000000000e+01 1.032767999999999908e+00 1.197599000000000018e+02
1.850000000000000000e+01 1.549323000000000006e+00 1.813721999999999923e+02
1.850000000000000000e+01 2.237315999999999860e+00 2.325560999999999865e+02
1.850000000000000000e+01 2.922752000000000017e+00 2.288122999999999934e+02
1.948000000000000043e+01 2.628257999999999983e-02 1.892240999999999929e+01
1.948000000000000043e+01 4.415427999999999714e-02 2.957629000000000019e+01
1.948000000000000043e+01 6.232185999999999976e-02 4.338871999999999929e+01
1.948000000000000043e+01 9.020585000000000409e-02 4.473810999999999893e+01
1.948000000000000043e+01 1.352297000000000082e-01 5.448353000000000179e+01
1.948000000000000043e+01 2.038964000000000054e-01 6.007858999999999838e+01
1.948000000000000043e+01 3.056348999999999871e-01 5.708382999999999896e+01
1.948000000000000043e+01 4.586450999999999723e-01 5.276758000000000237e+01
1.948000000000000043e+01 6.883943999999999619e-01 4.805487000000000108e+01
1.948000000000000043e+01 1.032767999999999908e+00 5.046096000000000004e+01
1.948000000000000043e+01 1.549323000000000006e+00 6.848869000000000540e+01
1.948000000000000043e+01 2.237315999999999860e+00 8.572646000000000299e+01
1.948000000000000043e+01 2.922752000000000017e+00 8.712220000000000653e+01
2.050000000000000000e+01 2.628257999999999983e-02 6.662748999999999810e+00
2.050000000000000000e+01 4.415427999999999714e-02 1.099840000000000018e+01
2.050000000000000000e+01 6.232185999999999976e-02 1.666735999999999862e+01
2.050000000000000000e+01 9.020585000000000409e-02 1.809289000000000058e+01
2.050000000000000000e+01 1.352297000000000082e-01 2.347684999999999889e+01
2.050000000000000000e+01 2.038964000000000054e-01 2.783931000000000111e+01
2.050000000000000000e+01 3.056348999999999871e-01 2.815679000000000087e+01
2.050000000000000000e+01 4.586450999999999723e-01 2.748459000000000074e+01
2.050000000000000000e+01 6.883943999999999619e-01 2.436665999999999954e+01
2.050000000000000000e+01 1.032767999999999908e+00 2.162543000000000148e+01
2.050000000000000000e+01 1.549323000000000006e+00 2.458406000000000091e+01
2.050000000000000000e+01 2.237315999999999860e+00 2.954074999999999918e+01
2.050000000000000000e+01 2.922752000000000017e+00 3.167539000000000016e+01
2.157999999999999829e+01 2.628257999999999983e-02 1.732685000000000031e+00
2.157999999999999829e+01 4.415427999999999714e-02 3.030267999999999962e+00
2.157999999999999829e+01 6.232185999999999976e-02 4.807396999999999920e+00
2.157999999999999829e+01 9.020585000000000409e-02 5.553828000000000209e+00
2.157999999999999829e+01 1.352297000000000082e-01 7.832857999999999876e+00
2.157999999999999829e+01 2.038964000000000054e-01 1.026795000000000080e+01
2.157999999999999829e+01 3.056348999999999871e-01 1.166485999999999912e+01
2.157999999999999829e+01 4.586450999999999723e-01 1.285646999999999984e+01
2.157999999999999829e+01 6.883943999999999619e-01 1.236280999999999963e+01
2.157999999999999829e+01 1.032767999999999908e+00 1.043477000000000032e+01
2.157999999999999829e+01 1.549323000000000006e+00 1.014612999999999943e+01
2.157999999999999829e+01 2.237315999999999860e+00 1.174887000000000015e+01
2.157999999999999829e+01 2.922752000000000017e+00 1.352549999999999919e+01
2.271000000000000085e+01 2.628257999999999983e-02 3.600345999999999824e-01
2.271000000000000085e+01 4.415427999999999714e-02 6.697315000000000351e-01
2.271000000000000085e+01 6.232185999999999976e-02 1.123849000000000098e+00
2.271000000000000085e+01 9.020585000000000409e-02 1.388112000000000013e+00
2.271000000000000085e+01 1.352297000000000082e-01 2.153064999999999785e+00
2.271000000000000085e+01 2.038964000000000054e-01 3.167105999999999977e+00
2.271000000000000085e+01 3.056348999999999871e-01 4.153823000000000043e+00
2.271000000000000085e+01 4.586450999999999723e-01 5.330759999999999721e+00
2.271000000000000085e+01 6.883943999999999619e-01 5.881911999999999807e+00
2.271000000000000085e+01 1.032767999999999908e+00 5.300339000000000134e+00
2.271000000000000085e+01 1.549323000000000006e+00 4.826459999999999972e+00
2.271000000000000085e+01 2.237315999999999860e+00 5.614559999999999995e+00
2.271000000000000085e+01 2.922752000000000017e+00 6.855334000000000039e+00
2.389000000000000057e+01 2.628257999999999983e-02 6.751498000000000221e-02
2.389000000000000057e+01 4.415427999999999714e-02 1.355580000000000118e-01
2.389000000000000057e+01 6.232185999999999976e-02 2.425898999999999972e-01
2.389000000000000057e+01 9.020585000000000409e-02 3.193751000000000229e-01
2.389000000000000057e+01 1.352297000000000082e-01 5.415168999999999677e-01
2.389000000000000057e+01 2.038964000000000054e-01 8.816138999999999504e-01
2.389000000000000057e+01 3.056348999999999871e-01 1.320330000000000004e+00
2.389000000000000057e+01 4.586450999999999723e-01 1.974593999999999960e+00
2.389000000000000057e+01 6.883943999999999619e-01 2.574933000000000138e+00
2.389000000000000057e+01 1.032767999999999908e+00 2.684768000000000043e+00
2.389000000000000057e+01 1.549323000000000006e+00 2.493167000000000133e+00
2.389000000000000057e+01 2.237315999999999860e+00 3.016853999999999925e+00
2.389000000000000057e+01 2.922752000000000017e+00 3.673147000000000162e+00
2.514000000000000057e+01 2.628257999999999983e-02 1.469514000000000063e-02
2.514000000000000057e+01 4.415427999999999714e-02 3.260273000000000337e-02
2.514000000000000057e+01 6.232185999999999976e-02 6.236503000000000185e-02
2.514000000000000057e+01 9.020585000000000409e-02 8.678983999999999310e-02
2.514000000000000057e+01 1.352297000000000082e-01 1.553723999999999938e-01
2.514000000000000057e+01 2.038964000000000054e-01 2.669742999999999977e-01
2.514000000000000057e+01 3.056348999999999871e-01 4.336325999999999792e-01
2.514000000000000057e+01 4.586450999999999723e-01 7.195221000000000533e-01
2.514000000000000057e+01 6.883943999999999619e-01 1.086745000000000072e+00
2.514000000000000057e+01 1.032767999999999908e+00 1.336003999999999969e+00
2.514000000000000057e+01 1.549323000000000006e+00 1.346465999999999941e+00
2.514000000000000057e+01 2.237315999999999860e+00 1.688666999999999918e+00
2.514000000000000057e+01 2.922752000000000017e+00 2.118164999999999853e+00
2.644000000000000128e+01 2.628257999999999983e-02 6.022254000000000322e-03
2.644000000000000128e+01 4.415427999999999714e-02 1.460281000000000079e-02
2.644000000000000128e+01 6.232185999999999976e-02 2.982057999999999931e-02
2.644000000000000128e+01 9.020585000000000409e-02 4.300779999999999881e-02
2.644000000000000128e+01 1.352297000000000082e-01 7.673364000000000573e-02
2.644000000000000128e+01 2.038964000000000054e-01 1.289405000000000134e-01
2.644000000000000128e+01 3.056348999999999871e-01 2.058728999999999976e-01
2.644000000000000128e+01 4.586450999999999723e-01 3.349313999999999902e-01
2.644000000000000128e+01 6.883943999999999619e-01 5.280643000000000420e-01
2.644000000000000128e+01 1.032767999999999908e+00 7.208655000000000479e-01
2.644000000000000128e+01 1.549323000000000006e+00 8.016221000000000041e-01
2.644000000000000128e+01 2.237315999999999860e+00 1.001298999999999939e+00
2.644000000000000128e+01 2.922752000000000017e+00 1.279662999999999995e+00
2.782000000000000028e+01 2.628257999999999983e-02 5.273828000000000370e-03
2.782000000000000028e+01 4.415427999999999714e-02 1.325577000000000005e-02
2.782000000000000028e+01 6.232185999999999976e-02 2.872246999999999995e-02
2.782000000000000028e+01 9.020585000000000409e-02 4.222688000000000136e-02
2.782000000000000028e+01 1.352297000000000082e-01 7.563284000000000673e-02
2.782000000000000028e+01 2.038964000000000054e-01 1.231454000000000021e-01
2.782000000000000028e+01 3.056348999999999871e-01 1.883890000000000009e-01
2.782000000000000028e+01 4.586450999999999723e-01 2.795142999999999933e-01
2.782000000000000028e+01 6.883943999999999619e-01 4.091682999999999848e-01
2.782000000000000028e+01 1.032767999999999908e+00 5.466071999999999598e-01
2.782000000000000028e+01 1.549323000000000006e+00 6.417684999999999640e-01
2.782000000000000028e+01 2.237315999999999860e+00 7.837581000000000131e-01
2.782000000000000028e+01 2.922752000000000017e+00 9.527643999999999558e-01
2.926000000000000156e+01 2.628257999999999983e-02 6.706562000000000114e-03
2.926000000000000156e+01 4.415427999999999714e-02 1.693568000000000157e-02
2.926000000000000156e+01 6.232185999999999976e-02 3.781219000000000247e-02
2.926000000000000156e+01 9.020585000000000409e-02 5.577515000000000250e-02
2.926000000000000156e+01 1.352297000000000082e-01 1.006457999999999936e-01
2.926000000000000156e+01 2.038964000000000054e-01 1.622145999999999866e-01
2.926000000000000156e+01 3.056348999999999871e-01 2.451297000000000059e-01
2.926000000000000156e+01 4.586450999999999723e-01 3.496014000000000066e-01
2.926000000000000156e+01 6.883943999999999619e-01 4.842039000000000204e-01
2.926000000000000156e+01 1.032767999999999908e+00 6.111843000000000137e-01
2.926000000000000156e+01 1.549323000000000006e+00 7.091692000000000551e-01
2.926000000000000156e+01 2.237315999999999860e+00 8.375787000000000093e-01
2.926000000000000156e+01 2.922752000000000017e+00 9.754194000000000475e-01
3.076999999999999957e+01 2.628257999999999983e-02 9.387866999999999393e-03
3.076999999999999957e+01 4.415427999999999714e-02 2.359914999999999929e-02
3.076999999999999957e+01 6.232185999999999976e-02 5.337946999999999831e-02
3.076999999999999957e+01 9.020585000000000409e-02 7.857591999999999355e-02
3.076999999999999957e+01 1.352297000000000082e-01 1.422206000000000026e-01
3.076999999999999957e+01 2.038964000000000054e-01 2.292204999999999937e-01
3.076999999999999957e+01 3.056348999999999871e-01 3.458736000000000033e-01
3.076999999999999957e+01 4.586450999999999723e-01 4.914728999999999903e-01
3.076999999999999957e+01 6.883943999999999619e-01 6.743506999999999696e-01
3.076999999999999957e+01 1.032767999999999908e+00 8.349564999999999904e-01
3.076999999999999957e+01 1.549323000000000006e+00 9.661684000000000383e-01
3.076999999999999957e+01 2.237315999999999860e+00 1.144525000000000015e+00
3.076999999999999957e+01 2.922752000000000017e+00 1.325904999999999889e+00
3.235999999999999943e+01 2.628257999999999983e-02 1.299503999999999937e-02
3.235999999999999943e+01 4.415427999999999714e-02 3.279523000000000160e-02
3.235999999999999943e+01 6.232185999999999976e-02 7.513591000000000020e-02
3.235999999999999943e+01 9.020585000000000409e-02 1.100437999999999972e-01
3.235999999999999943e+01 1.352297000000000082e-01 1.996641000000000110e-01
3.235999999999999943e+01 2.038964000000000054e-01 3.217463999999999880e-01
3.235999999999999943e+01 3.056348999999999871e-01 4.867630000000000012e-01
3.235999999999999943e+01 4.586450999999999723e-01 6.963411000000000461e-01
3.235999999999999943e+01 6.883943999999999619e-01 9.572083999999999593e-01
3.235999999999999943e+01 1.032767999999999908e+00 1.181511999999999896e+00
3.235999999999999943e+01 1.549323000000000006e+00 1.378422000000000036e+00
3.235999999999999943e+01 2.237315999999999860e+00 1.661113999999999979e+00
3.235999999999999943e+01 2.922752000000000017e+00 1.983019000000000087e+00
3.403000000000000114e+01 2.628257999999999983e-02 1.761557000000000053e-02
3.403000000000000114e+01 4.415427999999999714e-02 4.455486000000000169e-02
3.403000000000000114e+01 6.232185999999999976e-02 1.032909000000000049e-01
3.403000000000000114e+01 9.020585000000000409e-02 1.503587999999999869e-01
3.403000000000000114e+01 1.352297000000000082e-01 2.733923999999999799e-01
3.403000000000000114e+01 2.038964000000000054e-01 4.408472999999999975e-01
3.403000000000000114e+01 3.056348999999999871e-01 6.701652999999999638e-01
3.403000000000000114e+01 4.586450999999999723e-01 9.655415999999999999e-01
3.403000000000000114e+01 6.883943999999999619e-01 1.331507999999999914e+00
3.403000000000000114e+01 1.032767999999999908e+00 1.641955000000000053e+00
3.403000000000000114e+01 1.549323000000000006e+00 1.934871000000000008e+00
3.403000000000000114e+01 2.237315999999999860e+00 2.376196999999999893e+00
3.403000000000000114e+01 2.922752000000000017e+00 2.913924000000000181e+00
6.000000000000000000e+00 2.628257999999999983e-02 7.360151000000000332e-01
6.000000000000000000e+00 4.415427999999999714e-02 2.251681000000000044e+00
6.000000000000000000e+00 6.232185999999999976e-02 4.240766999999999953e+00
6.000000000000000000e+00 9.020585000000000409e-02 6.729307000000000372e+00
6.000000000000000000e+00 1.352297000000000082e-01 1.234601999999999933e+01
6.000000000000000000e+00 2.038964000000000054e-01 1.466497999999999990e+01
6.000000000000000000e+00 3.056348999999999871e-01 1.439954000000000001e+01
6.000000000000000000e+00 4.586450999999999723e-01 1.364531000000000027e+01
6.000000000000000000e+00 6.883943999999999619e-01 1.352580000000000027e+01
6.000000000000000000e+00 1.032767999999999908e+00 1.454452999999999996e+01
6.000000000000000000e+00 1.549323000000000006e+00 1.759706999999999866e+01
6.000000000000000000e+00 2.237315999999999860e+00 2.721467000000000169e+01
6.000000000000000000e+00 2.922752000000000017e+00 4.277553000000000338e+01
6.349999999999999645e+00 2.628257999999999983e-02 6.484526999999999930e-01
6.349999999999999645e+00 4.415427999999999714e-02 2.063147999999999982e+00
6.349999999999999645e+00 6.232185999999999976e-02 3.779637000000000135e+00
6.349999999999999645e+00 9.020585000000000409e-02 5.972240000000000215e+00
6.349999999999999645e+00 1.352297000000000082e-01 1.155392999999999937e+01
6.349999999999999645e+00 2.038964000000000054e-01 1.555003999999999920e+01
6.349999999999999645e+00 3.056348999999999871e-01 1.629773000000000138e+01
6.349999999999999645e+00 4.586450999999999723e-01 1.620091000000000037e+01
6.349999999999999645e+00 6.883943999999999619e-01 1.659825999999999979e+01
6.349999999999999645e+00 1.032767999999999908e+00 1.803421000000000163e+01
6.349999999999999645e+00 1.549323000000000006e+00 2.197053000000000011e+01
6.349999999999999645e+00 2.237315999999999860e+00 3.392228000000000065e+01
6.349999999999999645e+00 2.922752000000000017e+00 5.338047999999999860e+01
6.719999999999999751e+00 2.628257999999999983e-02 5.158354000000000550e-01
6.719999999999999751e+00 4.415427999999999714e-02 1.638579999999999925e+00
6.719999999999999751e+00 6.232185999999999976e-02 2.965256000000000114e+00
6.719999999999999751e+00 9.020585000000000409e-02 4.767723000000000155e+00
6.719999999999999751e+00 1.352297000000000082e-01 9.784694999999999254e+00
6.719999999999999751e+00 2.038964000000000054e-01 1.498495999999999917e+01
6.719999999999999751e+00 3.056348999999999871e-01 1.729217999999999833e+01
6.719999999999999751e+00 4.586450999999999723e-01 1.828934999999999889e+01
6.719999999999999751e+00 6.883943999999999619e-01 1.932397999999999882e+01
6.719999999999999751e+00 1.032767999999999908e+00 2.146825000000000117e+01
6.719999999999999751e+00 1.549323000000000006e+00 2.626155999999999935e+01
6.719999999999999751e+00 2.237315999999999860e+00 4.038738000000000028e+01
6.719999999999999751e+00 2.922752000000000017e+00 6.296529000000000309e+01
7.099999999999999645e+00 2.628257999999999983e-02 3.309289000000000258e-01
7.099999999999999645e+00 4.415427999999999714e-02 1.147267000000000037e+00
7.099999999999999645e+00 6.232185999999999976e-02 2.062695999999999863e+00
7.099999999999999645e+00 9.020585000000000409e-02 3.444977999999999874e+00
7.099999999999999645e+00 1.352297000000000082e-01 7.484999000000000180e+00
7.099999999999999645e+00 2.038964000000000054e-01 1.315554000000000023e+01
7.099999999999999645e+00 3.056348999999999871e-01 1.689703000000000088e+01
7.099999999999999645e+00 4.586450999999999723e-01 1.952809999999999846e+01
7.099999999999999645e+00 6.883943999999999619e-01 2.148565999999999931e+01
7.099999999999999645e+00 1.032767999999999908e+00 2.437883000000000067e+01
7.099999999999999645e+00 1.549323000000000006e+00 2.998714999999999975e+01
7.099999999999999645e+00 2.237315999999999860e+00 4.601917000000000257e+01
7.099999999999999645e+00 2.922752000000000017e+00 7.153658000000000072e+01
7.509999999999999787e+00 2.628257999999999983e-02 1.578106999999999982e-01
7.509999999999999787e+00 4.415427999999999714e-02 6.855797999999999615e-01
7.509999999999999787e+00 6.232185999999999976e-02 1.309396000000000004e+00
7.509999999999999787e+00 9.020585000000000409e-02 2.347074999999999800e+00
7.509999999999999787e+00 1.352297000000000082e-01 5.398859999999999992e+00
7.509999999999999787e+00 2.038964000000000054e-01 1.071738000000000035e+01
7.509999999999999787e+00 3.056348999999999871e-01 1.537137000000000064e+01
7.509999999999999787e+00 4.586450999999999723e-01 1.953649000000000058e+01
7.509999999999999787e+00 6.883943999999999619e-01 2.277139000000000024e+01
7.509999999999999787e+00 1.032767999999999908e+00 2.639031999999999911e+01
7.509999999999999787e+00 1.549323000000000006e+00 3.277627999999999986e+01
7.509999999999999787e+00 2.237315999999999860e+00 5.018753000000000242e+01
7.509999999999999787e+00 2.922752000000000017e+00 7.711767000000000394e+01
7.929999999999999716e+00 2.628257999999999983e-02 5.092293999999999987e-02
7.929999999999999716e+00 4.415427999999999714e-02 3.284581999999999780e-01
7.929999999999999716e+00 6.232185999999999976e-02 7.175291999999999781e-01
7.929999999999999716e+00 9.020585000000000409e-02 1.506898999999999988e+00
7.929999999999999716e+00 1.352297000000000082e-01 3.780107999999999802e+00
7.929999999999999716e+00 2.038964000000000054e-01 8.140646000000000271e+00
7.929999999999999716e+00 3.056348999999999871e-01 1.317896000000000001e+01
7.929999999999999716e+00 4.586450999999999723e-01 1.859334000000000131e+01
7.929999999999999716e+00 6.883943999999999619e-01 2.298333999999999833e+01
7.929999999999999716e+00 1.032767999999999908e+00 2.736022000000000176e+01
7.929999999999999716e+00 1.549323000000000006e+00 3.420515999999999934e+01
7.929999999999999716e+00 2.237315999999999860e+00 5.216626999999999725e+01
7.929999999999999716e+00 2.922752000000000017e+00 7.969970999999999606e+01
8.380000000000000782e+00 2.628257999999999983e-02 5.219421999999999950e-02
8.380000000000000782e+00 4.415427999999999714e-02 1.647002999999999939e-01
8.380000000000000782e+00 6.232185999999999976e-02 4.557836000000000110e-01
8.380000000000000782e+00 9.020585000000000409e-02 1.038713999999999915e+00
8.380000000000000782e+00 1.352297000000000082e-01 2.640760000000000218e+00
8.380000000000000782e+00 2.038964000000000054e-01 5.968308999999999642e+00
8.380000000000000782e+00 3.056348999999999871e-01 1.071518000000000015e+01
8.380000000000000782e+00 4.586450999999999723e-01 1.675956000000000046e+01
8.380000000000000782e+00 6.883943999999999619e-01 2.201169000000000153e+01
8.380000000000000782e+00 1.032767999999999908e+00 2.687977000000000061e+01
8.380000000000000782e+00 1.549323000000000006e+00 3.395810999999999780e+01
8.380000000000000782e+00 2.237315999999999860e+00 5.174710000000000321e+01
8.380000000000000782e+00 2.922752000000000017e+00 7.797456999999999994e+01
8.849999999999999645e+00 2.628257999999999983e-02 2.461759000000000031e-01
8.849999999999999645e+00 4.415427999999999714e-02 3.330607999999999902e-01
8.849999999999999645e+00 6.232185999999999976e-02 6.747537999999999592e-01
8.849999999999999645e+00 9.020585000000000409e-02 1.075763000000000025e+00
8.849999999999999645e+00 1.352297000000000082e-01 2.156442000000000192e+00
8.849999999999999645e+00 2.038964000000000054e-01 4.472584000000000337e+00
8.849999999999999645e+00 3.056348999999999871e-01 8.439159999999999329e+00
8.849999999999999645e+00 4.586450999999999723e-01 1.421345999999999954e+01
8.849999999999999645e+00 6.883943999999999619e-01 1.978599000000000174e+01
8.849999999999999645e+00 1.032767999999999908e+00 2.474542999999999893e+01
8.849999999999999645e+00 1.549323000000000006e+00 3.155148000000000152e+01
8.849999999999999645e+00 2.237315999999999860e+00 4.815574999999999761e+01
8.849999999999999645e+00 2.922752000000000017e+00 7.160568000000000666e+01
9.339999999999999858e+00 2.628257999999999983e-02 7.989043000000000117e-01
9.339999999999999858e+00 4.415427999999999714e-02 1.112092000000000080e+00
9.339999999999999858e+00 6.232185999999999976e-02 1.687931999999999988e+00
9.339999999999999858e+00 9.020585000000000409e-02 1.822381000000000029e+00
9.339999999999999858e+00 1.352297000000000082e-01 2.406359000000000137e+00
9.339999999999999858e+00 2.038964000000000054e-01 3.757448000000000121e+00
9.339999999999999858e+00 3.056348999999999871e-01 6.685984999999999623e+00
9.339999999999999858e+00 4.586450999999999723e-01 1.129901000000000089e+01
9.339999999999999858e+00 6.883943999999999619e-01 1.628218999999999994e+01
9.339999999999999858e+00 1.032767999999999908e+00 2.082270000000000110e+01
9.339999999999999858e+00 1.549323000000000006e+00 2.680976000000000070e+01
9.339999999999999858e+00 2.237315999999999860e+00 4.093710999999999700e+01
9.339999999999999858e+00 2.922752000000000017e+00 6.070911999999999864e+01
9.859999999999999432e+00 2.628257999999999983e-02 2.047865999999999964e+00
9.859999999999999432e+00 4.415427999999999714e-02 3.102451999999999988e+00
9.859999999999999432e+00 6.232185999999999976e-02 4.127536000000000094e+00
9.859999999999999432e+00 9.020585000000000409e-02 3.760993000000000031e+00
9.859999999999999432e+00 1.352297000000000082e-01 3.745556999999999803e+00
9.859999999999999432e+00 2.038964000000000054e-01 3.957824000000000009e+00
9.859999999999999432e+00 3.056348999999999871e-01 5.463955000000000339e+00
9.859999999999999432e+00 4.586450999999999723e-01 8.239535999999999305e+00
9.859999999999999432e+00 6.883943999999999619e-01 1.183979000000000070e+01
9.859999999999999432e+00 1.032767999999999908e+00 1.516011999999999915e+01
9.859999999999999432e+00 1.549323000000000006e+00 1.965356999999999843e+01
9.859999999999999432e+00 2.237315999999999860e+00 3.018029999999999902e+01
9.859999999999999432e+00 2.922752000000000017e+00 4.501991000000000298e+01
