1.040000000000000036e+01 2.628257999999999983e-02 1.239594000000000085e+00
1.040000000000000036e+01 4.415427999999999714e-02 2.102310000000000123e+00
1.040000000000000036e+01 6.232185999999999976e-02 3.642717000000000205e+00
1.040000000000000036e+01 9.020585000000000409e-02 4.023291999999999646e+00
1.040000000000000036e+01 1.352297000000000082e-01 5.441111000000000253e+00
1.040000000000000036e+01 2.038964000000000054e-01 6.873292000000000179e+00
1.040000000000000036e+01 3.056348999999999871e-01 9.193467000000000056e+00
1.040000000000000036e+01 4.586450999999999723e-01 1.219549999999999912e+01
1.040000000000000036e+01 6.883943999999999619e-01 1.632186000000000092e+01
1.040000000000000036e+01 1.032767999999999908e+00 2.009963000000000122e+01
1.040000000000000036e+01 1.549323000000000006e+00 2.515495999999999910e+01
1.040000000000000036e+01 2.237315999999999860e+00 3.591232000000000113e+01
1.040000000000000036e+01 2.922752000000000017e+00 4.852711999999999648e+01
1.097000000000000064e+01 2.628257999999999983e-02 1.922012999999999971e+00
1.097000000000000064e+01 4.415427999999999714e-02 3.248458999999999985e+00
1.097000000000000064e+01 6.232185999999999976e-02 5.107629000000000197e+00
1.097000000000000064e+01 9.020585000000000409e-02 5.291154999999999831e+00
1.097000000000000064e+01 1.352297000000000082e-01 6.485121000000000357e+00
1.097000000000000064e+01 2.038964000000000054e-01 7.368446999999999747e+00
1.097000000000000064e+01 3.056348999999999871e-01 8.679626000000000730e+00
1.097000000000000064e+01 4.586450999999999723e-01 1.024749000000000088e+01
1.097000000000000064e+01 6.883943999999999619e-01 1.268862000000000023e+01
1.097000000000000064e+01 1.032767999999999908e+00 1.500920999999999950e+01
1.097000000000000064e+01 1.549323000000000006e+00 1.871088999999999913e+01
1.097000000000000064e+01 2.237315999999999860e+00 2.655908000000000158e+01
1.097000000000000064e+01 2.922752000000000017e+00 3.533037000000000205e+01
1.157000000000000028e+01 2.628257999999999983e-02 2.839633000000000074e+00
1.157000000000000028e+01 4.415427999999999714e-02 4.799859999999999793e+00
1.157000000000000028e+01 6.232185999999999976e-02 6.965252999999999695e+00
1.157000000000000028e+01 9.020585000000000409e-02 6.839915999999999663e+00
1.157000000000000028e+01 1.352297000000000082e-01 7.563032999999999895e+00
1.157000000000000028e+01 2.038964000000000054e-01 7.688195999999999586e+00
1.157000000000000028e+01 3.056348999999999871e-01 7.833320999999999756e+00
1.157000000000000028e+01 4.586450999999999723e-01 7.998803999999999803e+00
1.157000000000000028e+01 6.883943999999999619e-01 8.708033000000000357e+00
1.157000000000000028e+01 1.032767999999999908e+00 9.651168999999999443e+00
1.157000000000000028e+01 1.549323000000000006e+00 1.179579999999999984e+01
1.157000000000000028e+01 2.237315999999999860e+00 1.686216999999999899e+01
1.157000000000000028e+01 2.922752000000000017e+00 2.266933999999999827e+01
1.219999999999999929e+01 2.628257999999999983e-02 3.868892000000000220e+00
1.219999999999999929e+01 4.415427999999999714e-02 6.653068000000000204e+00
1.219999999999999929e+01 6.232185999999999976e-02 9.102788000000000324e+00
1.219999999999999929e+01 9.020585000000000409e-02 8.537425999999999959e+00
1.219999999999999929e+01 1.352297000000000082e-01 8.590246999999999744e+00
1.219999999999999929e+01 2.038964000000000054e-01 7.804148999999999781e+00
1.219999999999999929e+01 3.056348999999999871e-01 6.814626999999999768e+00
1.219999999999999929e+01 4.586450999999999723e-01 5.935401999999999845e+00
1.219999999999999929e+01 6.883943999999999619e-01 5.365179000000000364e+00
1.219999999999999929e+01 1.032767999999999908e+00 5.224922000000000288e+00
1.219999999999999929e+01 1.549323000000000006e+00 6.074551999999999730e+00
1.219999999999999929e+01 2.237315999999999860e+00 8.860531999999999186e+00
1.219999999999999929e+01 2.922752000000000017e+00 1.262960999999999956e+01
1.285999999999999943e+01 2.628257999999999983e-02 4.159530000000000172e+00
1.285999999999999943e+01 4.415427999999999714e-02 7.510318999999999967e+00
1.285999999999999943e+01 6.232185999999999976e-02 1.006898999999999944e+01
1.285999999999999943e+01 9.020585000000000409e-02 9.297221000000000402e+00
1.285999999999999943e+01 1.352297000000000082e-01 8.901227000000000444e+00
1.285999999999999943e+01 2.038964000000000054e-01 7.483962000000000003e+00
1.285999999999999943e+01 3.056348999999999871e-01 5.921123999999999832e+00
1.285999999999999943e+01 4.586450999999999723e-01 4.872664999999999580e+00
1.285999999999999943e+01 6.883943999999999619e-01 3.924844000000000221e+00
1.285999999999999943e+01 1.032767999999999908e+00 3.393107000000000095e+00
1.285999999999999943e+01 1.549323000000000006e+00 3.665411999999999892e+00
1.285999999999999943e+01 2.237315999999999860e+00 5.354856999999999978e+00
1.285999999999999943e+01 2.922752000000000017e+00 7.925165999999999933e+00
1.355000000000000071e+01 2.628257999999999983e-02 2.922893000000000185e+00
1.355000000000000071e+01 4.415427999999999714e-02 5.820494000000000057e+00
1.355000000000000071e+01 6.232185999999999976e-02 7.982542999999999722e+00
1.355000000000000071e+01 9.020585000000000409e-02 7.562759999999999927e+00
1.355000000000000071e+01 1.352297000000000082e-01 7.328002999999999822e+00
1.355000000000000071e+01 2.038964000000000054e-01 6.238006000000000384e+00
1.355000000000000071e+01 3.056348999999999871e-01 5.167449000000000403e+00
1.355000000000000071e+01 4.586450999999999723e-01 4.967393999999999643e+00
1.355000000000000071e+01 6.883943999999999619e-01 4.736250000000000071e+00
1.355000000000000071e+01 1.032767999999999908e+00 4.628516000000000297e+00
1.355000000000000071e+01 1.549323000000000006e+00 5.342362999999999751e+00
1.355000000000000071e+01 2.237315999999999860e+00 7.168143999999999849e+00
1.355000000000000071e+01 2.922752000000000017e+00 8.887138999999999456e+00
1.427999999999999936e+01 2.628257999999999983e-02 6.982237000000000027e-01
1.427999999999999936e+01 4.415427999999999714e-02 1.876338999999999979e+00
1.427999999999999936e+01 6.232185999999999976e-02 2.925231999999999832e+00
1.427999999999999936e+01 9.020585000000000409e-02 3.223904000000000103e+00
1.427999999999999936e+01 1.352297000000000082e-01 3.684660000000000046e+00
1.427999999999999936e+01 2.038964000000000054e-01 3.821477999999999930e+00
1.427999999999999936e+01 3.056348999999999871e-01 4.005683999999999578e+00
1.427999999999999936e+01 4.586450999999999723e-01 4.851973000000000091e+00
1.427999999999999936e+01 6.883943999999999619e-01 5.609079999999999622e+00
1.427999999999999936e+01 1.032767999999999908e+00 6.197383999999999560e+00
1.427999999999999936e+01 1.549323000000000006e+00 7.651296999999999571e+00
1.427999999999999936e+01 2.237315999999999860e+00 9.896252000000000493e+00
1.427999999999999936e+01 2.922752000000000017e+00 1.098629999999999995e+01
1.505000000000000071e+01 2.628257999999999983e-02 4.073198000000000096e-02
1.505000000000000071e+01 4.415427999999999714e-02 1.020556999999999992e-01
1.505000000000000071e+01 6.232185999999999976e-02 3.193948999999999816e-01
1.505000000000000071e+01 9.020585000000000409e-02 6.575697999999999821e-01
1.505000000000000071e+01 1.352297000000000082e-01 1.252102000000000048e+00
1.505000000000000071e+01 2.038964000000000054e-01 2.029211000000000098e+00
1.505000000000000071e+01 3.056348999999999871e-01 3.067644000000000037e+00
1.505000000000000071e+01 4.586450999999999723e-01 4.482890000000000263e+00
1.505000000000000071e+01 6.883943999999999619e-01 5.894550999999999874e+00
1.505000000000000071e+01 1.032767999999999908e+00 6.859086999999999712e+00
1.505000000000000071e+01 1.549323000000000006e+00 8.361288000000000054e+00
1.505000000000000071e+01 2.237315999999999860e+00 1.026472000000000051e+01
1.505000000000000071e+01 2.922752000000000017e+00 1.069818000000000069e+01
1.584999999999999964e+01 2.628257999999999983e-02 3.957591999999999777e-01
1.584999999999999964e+01 4.415427999999999714e-02 3.933086000000000082e-01
1.584999999999999964e+01 6.232185999999999976e-02 5.012512000000000079e-01
1.584999999999999964e+01 9.020585000000000409e-02 5.111438000000000370e-01
1.584999999999999964e+01 1.352297000000000082e-01 7.322881999999999447e-01
1.584999999999999964e+01 2.038964000000000054e-01 1.121058000000000110e+00
1.584999999999999964e+01 3.056348999999999871e-01 1.805666999999999911e+00
1.584999999999999964e+01 4.586450999999999723e-01 2.645669999999999966e+00
1.584999999999999964e+01 6.883943999999999619e-01 3.633150000000000102e+00
1.584999999999999964e+01 1.032767999999999908e+00 4.427423000000000108e+00
1.584999999999999964e+01 1.549323000000000006e+00 5.505776000000000003e+00
1.584999999999999964e+01 2.237315999999999860e+00 6.824755999999999823e+00
1.584999999999999964e+01 2.922752000000000017e+00 7.206755000000000244e+00
1.669000000000000128e+01 2.628257999999999983e-02 4.553977000000000164e-01
1.669000000000000128e+01 4.415427999999999714e-02 6.211444999999999883e-01
1.669000000000000128e+01 6.232185999999999976e-02 8.397269000000000538e-01
1.669000000000000128e+01 9.020585000000000409e-02 7.839943999999999802e-01
1.669000000000000128e+01 1.352297000000000082e-01 8.801736000000000004e-01
1.669000000000000128e+01 2.038964000000000054e-01 9.449676000000000187e-01
1.669000000000000128e+01 3.056348999999999871e-01 1.105150999999999994e+00
1.669000000000000128e+01 4.586450999999999723e-01 1.384009999999999962e+00
1.669000000000000128e+01 6.883943999999999619e-01 1.842259000000000091e+00
1.669000000000000128e+01 1.032767999999999908e+00 2.314023000000000163e+00
1.669000000000000128e+01 1.549323000000000006e+00 2.817112999999999978e+00
1.669000000000000128e+01 2.237315999999999860e+00 3.477022999999999975e+00
1.669000000000000128e+01 2.922752000000000017e+00 3.784281000000000006e+00
1.757000000000000028e+01 2.628257999999999983e-02 2.330385000000000095e-01
1.757000000000000028e+01 4.415427999999999714e-02 3.684509000000000256e-01
1.757000000000000028e+01 6.232185999999999976e-02 5.399028999999999634e-01
1.757000000000000028e+01 9.020585000000000409e-02 5.534164999999999779e-01
1.757000000000000028e+01 1.352297000000000082e-01 6.642974000000000379e-01
1.757000000000000028e+01 2.038964000000000054e-01 6.984673000000000131e-01
1.757000000000000028e+01 3.056348999999999871e-01 6.749861999999999806e-01
1.757000000000000028e+01 4.586450999999999723e-01 7.191014999999999491e-01
1.757000000000000028e+01 6.883943999999999619e-01 8.800491999999999759e-01
1.757000000000000028e+01 1.032767999999999908e+00 1.119429999999999925e+00
1.757000000000000028e+01 1.549323000000000006e+00 1.316333999999999893e+00
1.757000000000000028e+01 2.237315999999999860e+00 1.572635000000000005e+00
1.757000000000000028e+01 2.922752000000000017e+00 1.828119999999999967e+00
1.850000000000000000e+01 2.628257999999999983e-02 8.182760000000000034e-02
1.850000000000000000e+01 4.415427999999999714e-02 1.432877999999999930e-01
1.850000000000000000e+01 6.232185999999999976e-02 2.264106999999999925e-01
1.850000000000000000e+01 9.020585000000000409e-02 2.558965999999999741e-01
1.850000000000000000e+01 1.352297000000000082e-01 3.408026000000000111e-01
1.850000000000000000e+01 2.038964000000000054e-01 3.960081999999999769e-01
1.850000000000000000e+01 3.056348999999999871e-01 3.874885000000000135e-01
1.850000000000000000e+01 4.586450999999999723e-01 3.913473000000000090e-01
1.850000000000000000e+01 6.883943999999999619e-01 4.400063000000000168e-01
1.850000000000000000e+01 1.032767999999999908e+00 5.584202999999999806e-01
1.850000000000000000e+01 1.549323000000000006e+00 6.624449999999999505e-01
1.850000000000000000e+01 2.237315999999999860e+00 7.737905999999999951e-01
1.850000000000000000e+01 2.922752000000000017e+00 9.515107999999999899e-01
1.948000000000000043e+01 2.628257999999999983e-02 2.298067999999999986e-02
1.948000000000000043e+01 4.415427999999999714e-02 4.372452999999999756e-02
1.948000000000000043e+01 6.232185999999999976e-02 7.486433000000000670e-02
1.948000000000000043e+01 9.020585000000000409e-02 9.282582000000000333e-02
1.948000000000000043e+01 1.352297000000000082e-01 1.386600000000000055e-01
1.948000000000000043e+01 2.038964000000000054e-01 1.851317000000000101e-01
1.948000000000000043e+01 3.056348999999999871e-01 2.048930999999999947e-01
1.948000000000000043e+01 4.586450999999999723e-01 2.206662000000000068e-01
1.948000000000000043e+01 6.883943999999999619e-01 2.396015999999999979e-01
1.948000000000000043e+01 1.032767999999999908e+00 2.957332999999999767e-01
1.948000000000000043e+01 1.549323000000000006e+00 3.726022999999999974e-01
1.948000000000000043e+01 2.237315999999999860e+00 4.461169999999999858e-01
1.948000000000000043e+01 2.922752000000000017e+00 5.631165999999999672e-01
2.050000000000000000e+01 2.628257999999999983e-02 6.054323000000000343e-03
2.050000000000000000e+01 4.415427999999999714e-02 1.251570999999999934e-02
2.050000000000000000e+01 6.232185999999999976e-02 2.316162999999999902e-02
2.050000000000000000e+01 9.020585000000000409e-02 3.086998000000000172e-02
2.050000000000000000e+01 1.352297000000000082e-01 5.105836999999999876e-02
2.050000000000000000e+01 2.038964000000000054e-01 7.752351999999999854e-02
2.050000000000000000e+01 3.056348999999999871e-01 9.920091999999999799e-02
2.050000000000000000e+01 4.586450999999999723e-01 1.209120999999999946e-01
2.050000000000000000e+01 6.883943999999999619e-01 1.363080000000000125e-01
2.050000000000000000e+01 1.032767999999999908e+00 1.629916999999999894e-01
2.050000000000000000e+01 1.549323000000000006e+00 2.191050999999999971e-01
2.050000000000000000e+01 2.237315999999999860e+00 2.768990000000000062e-01
2.050000000000000000e+01 2.922752000000000017e+00 3.569170999999999871e-01
2.157999999999999829e+01 2.628257999999999983e-02 2.008372000000000022e-03
2.157999999999999829e+01 4.415427999999999714e-02 4.542670999999999862e-03
2.157999999999999829e+01 6.232185999999999976e-02 8.967005000000000114e-03
2.157999999999999829e+01 9.020585000000000409e-02 1.250444000000000035e-02
2.157999999999999829e+01 1.352297000000000082e-01 2.193756999999999999e-02
2.157999999999999829e+01 2.038964000000000054e-01 3.581983999999999863e-02
2.157999999999999829e+01 3.056348999999999871e-01 5.094358000000000219e-02
2.157999999999999829e+01 4.586450999999999723e-01 6.955110999999999932e-02
2.157999999999999829e+01 6.883943999999999619e-01 8.537772999999999890e-02
2.157999999999999829e+01 1.032767999999999908e+00 9.895334999999999548e-02
2.157999999999999829e+01 1.549323000000000006e+00 1.319405999999999912e-01
2.157999999999999829e+01 2.237315999999999860e+00 1.795296999999999865e-01
2.157999999999999829e+01 2.922752000000000017e+00 2.329661000000000093e-01
2.271000000000000085e+01 2.628257999999999983e-02 1.181591000000000065e-03
2.271000000000000085e+01 4.415427999999999714e-02 2.873740000000000062e-03
2.271000000000000085e+01 6.232185999999999976e-02 5.946706999999999861e-03
2.271000000000000085e+01 9.020585000000000409e-02 8.583040999999999587e-03
2.271000000000000085e+01 1.352297000000000082e-01 1.528587999999999995e-02
2.271000000000000085e+01 2.038964000000000054e-01 2.506985000000000116e-02
2.271000000000000085e+01 3.056348999999999871e-01 3.704133999999999899e-02
2.271000000000000085e+01 4.586450999999999723e-01 5.260042000000000190e-02
2.271000000000000085e+01 6.883943999999999619e-01 6.904322999999999710e-02
2.271000000000000085e+01 1.032767999999999908e+00 7.997364999999999335e-02
2.271000000000000085e+01 1.549323000000000006e+00 9.594719999999999638e-02
2.271000000000000085e+01 2.237315999999999860e+00 1.327791000000000110e-01
2.271000000000000085e+01 2.922752000000000017e+00 1.637154000000000109e-01
2.389000000000000057e+01 2.628257999999999983e-02 1.255959000000000068e-03
2.389000000000000057e+01 4.415427999999999714e-02 3.153584999999999982e-03
2.389000000000000057e+01 6.232185999999999976e-02 6.761178999999999974e-03
2.389000000000000057e+01 9.020585000000000409e-02 9.964047000000000182e-03
2.389000000000000057e+01 1.352297000000000082e-01 1.790440999999999908e-02
2.389000000000000057e+01 2.038964000000000054e-01 2.896906000000000134e-02
2.389000000000000057e+01 3.056348999999999871e-01 4.294507999999999659e-02
2.389000000000000057e+01 4.586450999999999723e-01 5.997009999999999841e-02
2.389000000000000057e+01 6.883943999999999619e-01 7.966204000000000340e-02
2.389000000000000057e+01 1.032767999999999908e+00 9.328667999999999683e-02
2.389000000000000057e+01 1.549323000000000006e+00 1.032871000000000067e-01
2.389000000000000057e+01 2.237315999999999860e+00 1.281645999999999896e-01
2.389000000000000057e+01 2.922752000000000017e+00 1.425318999999999892e-01
2.514000000000000057e+01 2.628257999999999983e-02 1.811256999999999928e-03
2.514000000000000057e+01 4.415427999999999714e-02 4.577939999999999961e-03
2.514000000000000057e+01 6.232185999999999976e-02 1.003641000000000082e-02
2.514000000000000057e+01 9.020585000000000409e-02 1.486165000000000055e-02
2.514000000000000057e+01 1.352297000000000082e-01 2.687495999999999982e-02
2.514000000000000057e+01 2.038964000000000054e-01 4.325236999999999832e-02
2.514000000000000057e+01 3.056348999999999871e-01 6.421056999999999459e-02
2.514000000000000057e+01 4.586450999999999723e-01 8.861821000000000281e-02
2.514000000000000057e+01 6.883943999999999619e-01 1.171632999999999980e-01
2.514000000000000057e+01 1.032767999999999908e+00 1.371953999999999951e-01
2.514000000000000057e+01 1.549323000000000006e+00 1.480408000000000002e-01
2.514000000000000057e+01 2.237315999999999860e+00 1.692807000000000062e-01
2.514000000000000057e+01 2.922752000000000017e+00 1.838674999999999893e-01
2.644000000000000128e+01 2.628257999999999983e-02 2.771588000000000176e-03
2.644000000000000128e+01 4.415427999999999714e-02 6.997408000000000100e-03
2.644000000000000128e+01 6.232185999999999976e-02 1.552854000000000040e-02
2.644000000000000128e+01 9.020585000000000409e-02 2.299574000000000062e-02
2.644000000000000128e+01 1.352297000000000082e-01 4.161084999999999784e-02
2.644000000000000128e+01 2.038964000000000054e-01 6.685953000000000035e-02
2.644000000000000128e+01 3.056348999999999871e-01 9.947925000000000517e-02
2.644000000000000128e+01 4.586450999999999723e-01 1.373525999999999914e-01
2.644000000000000128e+01 6.883943999999999619e-01 1.819617000000000040e-01
2.644000000000000128e+01 1.032767999999999908e+00 2.136548000000000058e-01
2.644000000000000128e+01 1.549323000000000006e+00 2.274882000000000015e-01
2.644000000000000128e+01 2.237315999999999860e+00 2.519641000000000242e-01
2.644000000000000128e+01 2.922752000000000017e+00 2.804653999999999758e-01
2.782000000000000028e+01 2.628257999999999983e-02 4.272170999999999955e-03
2.782000000000000028e+01 4.415427999999999714e-02 1.076755000000000073e-02
2.782000000000000028e+01 6.232185999999999976e-02 2.414186000000000110e-02
2.782000000000000028e+01 9.020585000000000409e-02 3.566648000000000041e-02
2.782000000000000028e+01 1.352297000000000082e-01 6.458212000000000674e-02
2.782000000000000028e+01 2.038964000000000054e-01 1.037012999999999963e-01
2.782000000000000028e+01 3.056348999999999871e-01 1.548026999999999875e-01
2.782000000000000028e+01 4.586450999999999723e-01 2.149419999999999942e-01
2.782000000000000028e+01 6.883943999999999619e-01 2.874017999999999851e-01
2.782000000000000028e+01 1.032767999999999908e+00 3.413213999999999970e-01
2.782000000000000028e+01 1.549323000000000006e+00 3.689476999999999896e-01
2.782000000000000028e+01 2.237315999999999860e+00 4.095221000000000000e-01
2.782000000000000028e+01 2.922752000000000017e+00 4.582553999999999794e-01
2.926000000000000156e+01 2.628257999999999983e-02 6.382216999999999925e-03
2.926000000000000156e+01 4.415427999999999714e-02 1.607625000000000026e-02
2.926000000000000156e+01 6.232185999999999976e-02 3.628992999999999802e-02
2.926000000000000156e+01 9.020585000000000409e-02 5.348454999999999876e-02
2.926000000000000156e+01 1.352297000000000082e-01 9.692802999999999836e-02
2.926000000000000156e+01 2.038964000000000054e-01 1.555512000000000006e-01
2.926000000000000156e+01 3.056348999999999871e-01 2.332792999999999950e-01
2.926000000000000156e+01 4.586450999999999723e-01 3.265676000000000134e-01
2.926000000000000156e+01 6.883943999999999619e-01 4.405059000000000058e-01
2.926000000000000156e+01 1.032767999999999908e+00 5.311405999999999628e-01
2.926000000000000156e+01 1.549323000000000006e+00 5.894454000000000082e-01
2.926000000000000156e+01 2.237315999999999860e+00 6.713267000000000539e-01
2.926000000000000156e+01 2.922752000000000017e+00 7.652776000000000023e-01
3.076999999999999957e+01 2.628257999999999983e-02 2.607177000000000078e+00
3.076999999999999957e+01 4.415427999999999714e-02 6.516369000000000078e+00
3.076999999999999957e+01 6.232185999999999976e-02 1.785043999999999897e+01
3.076999999999999957e+01 9.020585000000000409e-02 2.561982000000000070e+01
3.076999999999999957e+01 1.352297000000000082e-01 4.712181999999999960e+01
3.076999999999999957e+01 2.038964000000000054e-01 7.694798000000000116e+01
3.076999999999999957e+01 3.056348999999999871e-01 1.222172999999999945e+02
3.076999999999999957e+01 4.586450999999999723e-01 1.983106999999999971e+02
3.076999999999999957e+01 6.883943999999999619e-01 3.305278999999999883e+02
3.076999999999999957e+01 1.032767999999999908e+00 5.081265000000000214e+02
3.076999999999999957e+01 1.549323000000000006e+00 7.378923999999999523e+02
3.076999999999999957e+01 2.237315999999999860e+00 1.032280999999999949e+03
3.076999999999999957e+01 2.922752000000000017e+00 1.300258000000000038e+03
3.235999999999999943e+01 2.628257999999999983e-02 2.318527000000000005e+00
3.235999999999999943e+01 4.415427999999999714e-02 5.813767999999999603e+00
3.235999999999999943e+01 6.232185999999999976e-02 1.580756000000000050e+01
3.235999999999999943e+01 9.020585000000000409e-02 2.260097000000000023e+01
3.235999999999999943e+01 1.352297000000000082e-01 4.166111999999999682e+01
3.235999999999999943e+01 2.038964000000000054e-01 6.829601999999999862e+01
3.235999999999999943e+01 3.056348999999999871e-01 1.094312999999999931e+02
3.235999999999999943e+01 4.586450999999999723e-01 1.792839999999999918e+02
3.235999999999999943e+01 6.883943999999999619e-01 2.960378000000000043e+02
3.235999999999999943e+01 1.032767999999999908e+00 4.486413999999999760e+02
3.235999999999999943e+01 1.549323000000000006e+00 6.484584999999999582e+02
3.235999999999999943e+01 2.237315999999999860e+00 9.151448000000000320e+02
3.235999999999999943e+01 2.922752000000000017e+00 1.183194999999999936e+03
3.403000000000000114e+01 2.628257999999999983e-02 2.074591999999999992e+00
3.403000000000000114e+01 4.415427999999999714e-02 5.195852999999999611e+00
3.403000000000000114e+01 6.232185999999999976e-02 1.405363999999999969e+01
3.403000000000000114e+01 9.020585000000000409e-02 1.999453000000000102e+01
3.403000000000000114e+01 1.352297000000000082e-01 3.689829999999999899e+01
3.403000000000000114e+01 2.038964000000000054e-01 6.078620999999999697e+01
3.403000000000000114e+01 3.056348999999999871e-01 9.836826000000000647e+01
3.403000000000000114e+01 4.586450999999999723e-01 1.619234999999999900e+02
3.403000000000000114e+01 6.883943999999999619e-01 2.639739000000000146e+02
3.403000000000000114e+01 1.032767999999999908e+00 3.941485999999999876e+02
3.403000000000000114e+01 1.549323000000000006e+00 5.675887000000000171e+02
3.403000000000000114e+01 2.237315999999999860e+00 8.091939999999999600e+02
3.403000000000000114e+01 2.922752000000000017e+00 1.066002999999999929e+03
6.000000000000000000e+00 2.628257999999999983e-02 5.120892999999999695e-01
6.000000000000000000e+00 4.415427999999999714e-02 1.597522000000000109e+00
6.000000000000000000e+00 6.232185999999999976e-02 2.868014000000000063e+00
6.000000000000000000e+00 9.020585000000000409e-02 4.608643999999999963e+00
6.000000000000000000e+00 1.352297000000000082e-01 9.239416000000000295e+00
6.000000000000000000e+00 2.038964000000000054e-01 1.322241999999999962e+01
6.000000000000000000e+00 3.056348999999999871e-01 1.424721000000000082e+01
6.000000000000000000e+00 4.586450999999999723e-01 1.521807000000000087e+01
6.000000000000000000e+00 6.883943999999999619e-01 1.683452000000000126e+01
6.000000000000000000e+00 1.032767999999999908e+00 1.938119999999999976e+01
6.000000000000000000e+00 1.549323000000000006e+00 2.400965000000000060e+01
6.000000000000000000e+00 2.237315999999999860e+00 3.628932999999999964e+01
6.000000000000000000e+00 2.922752000000000017e+00 5.618979000000000212e+01
6.349999999999999645e+00 2.628257999999999983e-02 3.716014999999999735e-01
6.349999999999999645e+00 4.415427999999999714e-02 1.187767999999999935e+00
6.349999999999999645e+00 6.232185999999999976e-02 2.108724000000000043e+00
6.349999999999999645e+00 9.020585000000000409e-02 3.441680999999999990e+00
6.349999999999999645e+00 1.352297000000000082e-01 7.435740000000000016e+00
6.349999999999999645e+00 2.038964000000000054e-01 1.233755000000000024e+01
6.349999999999999645e+00 3.056348999999999871e-01 1.485218000000000060e+01
6.349999999999999645e+00 4.586450999999999723e-01 1.708543999999999841e+01
6.349999999999999645e+00 6.883943999999999619e-01 1.951993999999999829e+01
6.349999999999999645e+00 1.032767999999999908e+00 2.278846000000000060e+01
6.349999999999999645e+00 1.549323000000000006e+00 2.823304999999999865e+01
6.349999999999999645e+00 2.237315999999999860e+00 4.255217999999999989e+01
6.349999999999999645e+00 2.922752000000000017e+00 6.524416999999999689e+01
6.719999999999999751e+00 2.628257999999999983e-02 2.209637000000000129e-01
6.719999999999999751e+00 4.415427999999999714e-02 7.986174999999999802e-01
6.719999999999999751e+00 6.232185999999999976e-02 1.427548999999999957e+00
6.719999999999999751e+00 9.020585000000000409e-02 2.469380000000000130e+00
6.719999999999999751e+00 1.352297000000000082e-01 5.587564000000000419e+00
6.719999999999999751e+00 2.038964000000000054e-01 1.076519000000000048e+01
6.719999999999999751e+00 3.056348999999999871e-01 1.459942999999999991e+01
6.719999999999999751e+00 4.586450999999999723e-01 1.830399999999999849e+01
6.719999999999999751e+00 6.883943999999999619e-01 2.181469999999999843e+01
6.719999999999999751e+00 1.032767999999999908e+00 2.592265000000000086e+01
6.719999999999999751e+00 1.549323000000000006e+00 3.206772999999999740e+01
6.719999999999999751e+00 2.237315999999999860e+00 4.808883000000000152e+01
6.719999999999999751e+00 2.922752000000000017e+00 7.313899999999999579e+01
7.099999999999999645e+00 2.628257999999999983e-02 1.088568000000000036e-01
7.099999999999999645e+00 4.415427999999999714e-02 4.766812000000000271e-01
7.099999999999999645e+00 6.232185999999999976e-02 9.252472000000000474e-01
7.099999999999999645e+00 9.020585000000000409e-02 1.759055999999999953e+00
7.099999999999999645e+00 1.352297000000000082e-01 4.254648000000000430e+00
7.099999999999999645e+00 2.038964000000000054e-01 8.975894000000000261e+00
7.099999999999999645e+00 3.056348999999999871e-01 1.374559999999999960e+01
7.099999999999999645e+00 4.586450999999999723e-01 1.880786000000000158e+01
7.099999999999999645e+00 6.883943999999999619e-01 2.352314000000000149e+01
7.099999999999999645e+00 1.032767999999999908e+00 2.841396999999999906e+01
7.099999999999999645e+00 1.549323000000000006e+00 3.518979999999999819e+01
7.099999999999999645e+00 2.237315999999999860e+00 5.254874000000000223e+01
7.099999999999999645e+00 2.922752000000000017e+00 7.944416999999999973e+01
7.509999999999999787e+00 2.628257999999999983e-02 4.739966999999999792e-02
7.509999999999999787e+00 4.415427999999999714e-02 2.672593999999999803e-01
7.509999999999999787e+00 6.232185999999999976e-02 6.145779999999999577e-01
7.509999999999999787e+00 9.020585000000000409e-02 1.320564999999999989e+00
7.509999999999999787e+00 1.352297000000000082e-01 3.342659999999999965e+00
7.509999999999999787e+00 2.038964000000000054e-01 7.321153999999999940e+00
7.509999999999999787e+00 3.056348999999999871e-01 1.259307000000000087e+01
7.509999999999999787e+00 4.586450999999999723e-01 1.882661999999999836e+01
7.509999999999999787e+00 6.883943999999999619e-01 2.459922999999999860e+01
7.509999999999999787e+00 1.032767999999999908e+00 3.018974000000000046e+01
7.509999999999999787e+00 1.549323000000000006e+00 3.748163999999999874e+01
7.509999999999999787e+00 2.237315999999999860e+00 5.573266000000000275e+01
7.509999999999999787e+00 2.922752000000000017e+00 8.370842000000000382e+01
7.929999999999999716e+00 2.628257999999999983e-02 4.100650000000000128e-02
7.929999999999999716e+00 4.415427999999999714e-02 1.690978999999999954e-01
7.929999999999999716e+00 6.232185999999999976e-02 5.245463000000000209e-01
7.929999999999999716e+00 9.020585000000000409e-02 1.173175999999999997e+00
7.929999999999999716e+00 1.352297000000000082e-01 2.870465999999999962e+00
7.929999999999999716e+00 2.038964000000000054e-01 6.190506000000000064e+00
7.929999999999999716e+00 3.056348999999999871e-01 1.137454999999999927e+01
7.929999999999999716e+00 4.586450999999999723e-01 1.833181000000000083e+01
7.929999999999999716e+00 6.883943999999999619e-01 2.511280000000000001e+01
7.929999999999999716e+00 1.032767999999999908e+00 3.122069000000000116e+01
7.929999999999999716e+00 1.549323000000000006e+00 3.879542000000000002e+01
7.929999999999999716e+00 2.237315999999999860e+00 5.725571999999999662e+01
7.929999999999999716e+00 2.922752000000000017e+00 8.468189999999999884e+01
8.380000000000000782e+00 2.628257999999999983e-02 9.816553999999999558e-02
8.380000000000000782e+00 4.415427999999999714e-02 1.999442999999999915e-01
8.380000000000000782e+00 6.232185999999999976e-02 6.721555000000000168e-01
8.380000000000000782e+00 9.020585000000000409e-02 1.285145999999999900e+00
8.380000000000000782e+00 1.352297000000000082e-01 2.771892999999999940e+00
8.380000000000000782e+00 2.038964000000000054e-01 5.586162999999999990e+00
8.380000000000000782e+00 3.056348999999999871e-01 1.044982000000000077e+01
8.380000000000000782e+00 4.586450999999999723e-01 1.750187000000000026e+01
8.380000000000000782e+00 6.883943999999999619e-01 2.485644999999999882e+01
8.380000000000000782e+00 1.032767999999999908e+00 3.121664000000000172e+01
8.380000000000000782e+00 1.549323000000000006e+00 3.897189000000000192e+01
8.380000000000000782e+00 2.237315999999999860e+00 5.722048000000000201e+01
8.380000000000000782e+00 2.922752000000000017e+00 8.317116000000000042e+01
8.849999999999999645e+00 2.628257999999999983e-02 2.183346999999999927e-01
8.849999999999999645e+00 4.415427999999999714e-02 3.815642000000000200e-01
8.849999999999999645e+00 6.232185999999999976e-02 1.041579000000000033e+00
8.849999999999999645e+00 9.020585000000000409e-02 1.615194000000000019e+00
8.849999999999999645e+00 1.352297000000000082e-01 3.060880000000000045e+00
8.849999999999999645e+00 2.038964000000000054e-01 5.485953000000000301e+00
8.849999999999999645e+00 3.056348999999999871e-01 9.990271999999999153e+00
8.849999999999999645e+00 4.586450999999999723e-01 1.651981999999999928e+01
8.849999999999999645e+00 6.883943999999999619e-01 2.385358000000000089e+01
8.849999999999999645e+00 1.032767999999999908e+00 3.017587999999999937e+01
8.849999999999999645e+00 1.549323000000000006e+00 3.770882999999999896e+01
8.849999999999999645e+00 2.237315999999999860e+00 5.516322000000000259e+01
8.849999999999999645e+00 2.922752000000000017e+00 7.902716999999999814e+01
9.339999999999999858e+00 2.628257999999999983e-02 4.169361999999999790e-01
9.339999999999999858e+00 4.415427999999999714e-02 7.169102000000000530e-01
9.339999999999999858e+00 6.232185999999999976e-02 1.631774000000000058e+00
9.339999999999999858e+00 9.020585000000000409e-02 2.183939000000000075e+00
9.339999999999999858e+00 1.352297000000000082e-01 3.638882999999999868e+00
9.339999999999999858e+00 2.038964000000000054e-01 5.775864999999999583e+00
9.339999999999999858e+00 3.056348999999999871e-01 9.791779999999999262e+00
9.339999999999999858e+00 4.586450999999999723e-01 1.542235999999999940e+01
9.339999999999999858e+00 6.883943999999999619e-01 2.229495999999999967e+01
9.339999999999999858e+00 1.032767999999999908e+00 2.821129000000000175e+01
9.339999999999999858e+00 1.549323000000000006e+00 3.522659999999999769e+01
9.339999999999999858e+00 2.237315999999999860e+00 5.103325999999999851e+01
9.339999999999999858e+00 2.922752000000000017e+00 7.174653000000000702e+01
9.859999999999999432e+00 2.628257999999999983e-02 7.224625999999999548e-01
9.859999999999999432e+00 4.415427999999999714e-02 1.254008999999999929e+00
9.859999999999999432e+00 6.232185999999999976e-02 2.463579999999999881e+00
9.859999999999999432e+00 9.020585000000000409e-02 2.974219999999999864e+00
9.859999999999999432e+00 1.352297000000000082e-01 4.476511000000000351e+00
9.859999999999999432e+00 2.038964000000000054e-01 6.319628999999999941e+00
9.859999999999999432e+00 3.056348999999999871e-01 9.646850999999999843e+00
9.859999999999999432e+00 4.586450999999999723e-01 1.419724000000000075e+01
9.859999999999999432e+00 6.883943999999999619e-01 1.998680999999999841e+01
9.859999999999999432e+00 1.032767999999999908e+00 2.509551000000000087e+01
9.859999999999999432e+00 1.549323000000000006e+00 3.134296000000000149e+01
9.859999999999999432e+00 2.237315999999999860e+00 4.499143000000000114e+01
9.859999999999999432e+00 2.922752000000000017e+00 6.181983000000000317e+01
