1.040000000000000036e+01 2.628257999999999983e-02 1.756191000000000002e-01
1.040000000000000036e+01 4.415427999999999714e-02 5.734763000000000499e-01
1.040000000000000036e+01 6.232185999999999976e-02 9.517497000000000318e-01
1.040000000000000036e+01 9.020585000000000409e-02 1.576062000000000074e+00
1.040000000000000036e+01 1.352297000000000082e-01 3.377254999999999896e+00
1.040000000000000036e+01 2.038964000000000054e-01 6.694204000000000043e+00
1.040000000000000036e+01 3.056348999999999871e-01 1.127172000000000018e+01
1.040000000000000036e+01 4.586450999999999723e-01 1.750521000000000171e+01
1.040000000000000036e+01 6.883943999999999619e-01 2.297062000000000026e+01
1.040000000000000036e+01 1.032767999999999908e+00 2.792392999999999859e+01
1.040000000000000036e+01 1.549323000000000006e+00 3.618728000000000122e+01
1.040000000000000036e+01 2.237315999999999860e+00 5.657817000000000007e+01
1.040000000000000036e+01 2.922752000000000017e+00 8.589912999999999954e+01
1.097000000000000064e+01 2.628257999999999983e-02 8.003820000000000379e-02
1.097000000000000064e+01 4.415427999999999714e-02 2.989530000000000243e-01
1.097000000000000064e+01 6.232185999999999976e-02 5.575388999999999484e-01
1.097000000000000064e+01 9.020585000000000409e-02 1.012782000000000071e+00
1.097000000000000064e+01 1.352297000000000082e-01 2.304206000000000198e+00
1.097000000000000064e+01 2.038964000000000054e-01 4.893823000000000256e+00
1.097000000000000064e+01 3.056348999999999871e-01 9.074305000000000732e+00
1.097000000000000064e+01 4.586450999999999723e-01 1.574901000000000018e+01
1.097000000000000064e+01 6.883943999999999619e-01 2.259664000000000073e+01
1.097000000000000064e+01 1.032767999999999908e+00 2.928095000000000070e+01
1.097000000000000064e+01 1.549323000000000006e+00 3.937543999999999755e+01
1.097000000000000064e+01 2.237315999999999860e+00 6.191474000000000188e+01
1.097000000000000064e+01 2.922752000000000017e+00 9.263993999999999573e+01
1.157000000000000028e+01 2.628257999999999983e-02 2.952547000000000157e-02
1.157000000000000028e+01 4.415427999999999714e-02 1.270571000000000061e-01
1.157000000000000028e+01 6.232185999999999976e-02 3.754059000000000146e-01
1.157000000000000028e+01 9.020585000000000409e-02 7.259010999999999658e-01
1.157000000000000028e+01 1.352297000000000082e-01 1.716436999999999991e+00
1.157000000000000028e+01 2.038964000000000054e-01 3.789266000000000023e+00
1.157000000000000028e+01 3.056348999999999871e-01 7.563161000000000023e+00
1.157000000000000028e+01 4.586450999999999723e-01 1.406273999999999980e+01
1.157000000000000028e+01 6.883943999999999619e-01 2.179745000000000132e+01
1.157000000000000028e+01 1.032767999999999908e+00 2.982623999999999853e+01
1.157000000000000028e+01 1.549323000000000006e+00 4.157956999999999681e+01
1.157000000000000028e+01 2.237315999999999860e+00 6.551121000000000549e+01
1.157000000000000028e+01 2.922752000000000017e+00 9.671296999999999855e+01
1.219999999999999929e+01 2.628257999999999983e-02 2.588897999999999894e-02
1.219999999999999929e+01 4.415427999999999714e-02 9.913392000000000037e-02
1.219999999999999929e+01 6.232185999999999976e-02 4.442092000000000263e-01
1.219999999999999929e+01 9.020585000000000409e-02 7.607374000000000080e-01
1.219999999999999929e+01 1.352297000000000082e-01 1.675349999999999895e+00
1.219999999999999929e+01 2.038964000000000054e-01 3.483840999999999966e+00
1.219999999999999929e+01 3.056348999999999871e-01 6.915793999999999997e+00
1.219999999999999929e+01 4.586450999999999723e-01 1.301449000000000034e+01
1.219999999999999929e+01 6.883943999999999619e-01 2.088328999999999880e+01
1.219999999999999929e+01 1.032767999999999908e+00 2.976592000000000127e+01
1.219999999999999929e+01 1.549323000000000006e+00 4.289629999999999654e+01
1.219999999999999929e+01 2.237315999999999860e+00 6.735066999999999382e+01
1.219999999999999929e+01 2.922752000000000017e+00 9.722987999999999431e+01
1.285999999999999943e+01 2.628257999999999983e-02 7.748934000000000377e-02
1.285999999999999943e+01 4.415427999999999714e-02 2.129504000000000119e-01
1.285999999999999943e+01 6.232185999999999976e-02 7.875362000000000195e-01
1.285999999999999943e+01 9.020585000000000409e-02 1.155667999999999918e+00
1.285999999999999943e+01 1.352297000000000082e-01 2.197775000000000034e+00
1.285999999999999943e+01 2.038964000000000054e-01 3.923197000000000045e+00
1.285999999999999943e+01 3.056348999999999871e-01 7.135222999999999871e+00
1.285999999999999943e+01 4.586450999999999723e-01 1.269800000000000040e+01
1.285999999999999943e+01 6.883943999999999619e-01 2.021967000000000070e+01
1.285999999999999943e+01 1.032767999999999908e+00 2.942404000000000153e+01
1.285999999999999943e+01 1.549323000000000006e+00 4.347466000000000008e+01
1.285999999999999943e+01 2.237315999999999860e+00 6.799712999999999852e+01
1.285999999999999943e+01 2.922752000000000017e+00 9.592958000000000141e+01
1.355000000000000071e+01 2.628257999999999983e-02 2.129263999999999879e-01
1.355000000000000071e+01 4.415427999999999714e-02 5.100879999999999859e-01
1.355000000000000071e+01 6.232185999999999976e-02 1.432063000000000086e+00
1.355000000000000071e+01 9.020585000000000409e-02 1.940126999999999935e+00
1.355000000000000071e+01 1.352297000000000082e-01 3.266624999999999890e+00
1.355000000000000071e+01 2.038964000000000054e-01 5.026353000000000293e+00
1.355000000000000071e+01 3.056348999999999871e-01 8.112716000000000705e+00
1.355000000000000071e+01 4.586450999999999723e-01 1.301694999999999958e+01
1.355000000000000071e+01 6.883943999999999619e-01 1.993046000000000006e+01
1.355000000000000071e+01 1.032767999999999908e+00 2.886571999999999960e+01
1.355000000000000071e+01 1.549323000000000006e+00 4.334002999999999872e+01
1.355000000000000071e+01 2.237315999999999860e+00 6.716885000000000616e+01
1.355000000000000071e+01 2.922752000000000017e+00 9.339968000000000359e+01
1.427999999999999936e+01 2.628257999999999983e-02 5.002029000000000059e-01
1.427999999999999936e+01 4.415427999999999714e-02 1.114141999999999966e+00
1.427999999999999936e+01 6.232185999999999976e-02 2.565386999999999862e+00
1.427999999999999936e+01 9.020585000000000409e-02 3.250631999999999966e+00
1.427999999999999936e+01 1.352297000000000082e-01 4.924356000000000400e+00
1.427999999999999936e+01 2.038964000000000054e-01 6.749685999999999630e+00
1.427999999999999936e+01 3.056348999999999871e-01 9.663702000000000680e+00
1.427999999999999936e+01 4.586450999999999723e-01 1.379739000000000004e+01
1.427999999999999936e+01 6.883943999999999619e-01 1.974392999999999887e+01
1.427999999999999936e+01 1.032767999999999908e+00 2.773239999999999839e+01
1.427999999999999936e+01 1.549323000000000006e+00 4.190948000000000206e+01
1.427999999999999936e+01 2.237315999999999860e+00 6.427513999999999328e+01
1.427999999999999936e+01 2.922752000000000017e+00 8.734659000000000617e+01
1.505000000000000071e+01 2.628257999999999983e-02 1.139218000000000064e+00
1.505000000000000071e+01 4.415427999999999714e-02 2.397104000000000124e+00
1.505000000000000071e+01 6.232185999999999976e-02 4.680191999999999908e+00
1.505000000000000071e+01 9.020585000000000409e-02 5.577760999999999747e+00
1.505000000000000071e+01 1.352297000000000082e-01 7.652364000000000388e+00
1.505000000000000071e+01 2.038964000000000054e-01 9.360134999999999650e+00
1.505000000000000071e+01 3.056348999999999871e-01 1.161679999999999957e+01
1.505000000000000071e+01 4.586450999999999723e-01 1.458680000000000021e+01
1.505000000000000071e+01 6.883943999999999619e-01 1.912713000000000108e+01
1.505000000000000071e+01 1.032767999999999908e+00 2.564833000000000141e+01
1.505000000000000071e+01 1.549323000000000006e+00 3.851527999999999707e+01
1.505000000000000071e+01 2.237315999999999860e+00 5.797816000000000258e+01
1.505000000000000071e+01 2.922752000000000017e+00 7.758286999999999978e+01
1.584999999999999964e+01 2.628257999999999983e-02 2.643180999999999781e+00
1.584999999999999964e+01 4.415427999999999714e-02 5.327962999999999560e+00
1.584999999999999964e+01 6.232185999999999976e-02 9.085267999999999233e+00
1.584999999999999964e+01 9.020585000000000409e-02 1.019577999999999918e+01
1.584999999999999964e+01 1.352297000000000082e-01 1.256680000000000064e+01
1.584999999999999964e+01 2.038964000000000054e-01 1.348898999999999937e+01
1.584999999999999964e+01 3.056348999999999871e-01 1.418451999999999913e+01
1.584999999999999964e+01 4.586450999999999723e-01 1.510797999999999952e+01
1.584999999999999964e+01 6.883943999999999619e-01 1.743281999999999954e+01
1.584999999999999964e+01 1.032767999999999908e+00 2.160231999999999886e+01
1.584999999999999964e+01 1.549323000000000006e+00 3.156608999999999909e+01
1.584999999999999964e+01 2.237315999999999860e+00 4.694740000000000180e+01
1.584999999999999964e+01 2.922752000000000017e+00 6.250748000000000104e+01
1.669000000000000128e+01 2.628257999999999983e-02 6.451740000000000030e+00
1.669000000000000128e+01 4.415427999999999714e-02 1.262941000000000003e+01
1.669000000000000128e+01 6.232185999999999976e-02 1.933962000000000003e+01
1.669000000000000128e+01 9.020585000000000409e-02 2.056340000000000146e+01
1.669000000000000128e+01 1.352297000000000082e-01 2.286964000000000041e+01
1.669000000000000128e+01 2.038964000000000054e-01 2.131824999999999903e+01
1.669000000000000128e+01 3.056348999999999871e-01 1.839595999999999876e+01
1.669000000000000128e+01 4.586450999999999723e-01 1.568143000000000065e+01
1.669000000000000128e+01 6.883943999999999619e-01 1.461128000000000071e+01
1.669000000000000128e+01 1.032767999999999908e+00 1.526806000000000019e+01
1.669000000000000128e+01 1.549323000000000006e+00 2.050269000000000119e+01
1.669000000000000128e+01 2.237315999999999860e+00 3.041254999999999953e+01
1.669000000000000128e+01 2.922752000000000017e+00 4.141864999999999952e+01
1.757000000000000028e+01 2.628257999999999983e-02 1.631285000000000096e+01
1.757000000000000028e+01 4.415427999999999714e-02 3.142749999999999844e+01
1.757000000000000028e+01 6.232185999999999976e-02 4.472558999999999685e+01
1.757000000000000028e+01 9.020585000000000409e-02 4.565160000000000196e+01
1.757000000000000028e+01 1.352297000000000082e-01 4.665453000000000117e+01
1.757000000000000028e+01 2.038964000000000054e-01 3.826789999999999736e+01
1.757000000000000028e+01 3.056348999999999871e-01 2.708793000000000006e+01
1.757000000000000028e+01 4.586450999999999723e-01 1.811645000000000039e+01
1.757000000000000028e+01 6.883943999999999619e-01 1.278177999999999948e+01
1.757000000000000028e+01 1.032767999999999908e+00 9.638470999999999123e+00
1.757000000000000028e+01 1.549323000000000006e+00 1.012077000000000027e+01
1.757000000000000028e+01 2.237315999999999860e+00 1.477383000000000024e+01
1.757000000000000028e+01 2.922752000000000017e+00 2.140655999999999892e+01
1.850000000000000000e+01 2.628257999999999983e-02 3.711054000000000030e+01
1.850000000000000000e+01 4.415427999999999714e-02 7.161093999999999937e+01
1.850000000000000000e+01 6.232185999999999976e-02 9.837682999999999822e+01
1.850000000000000000e+01 9.020585000000000409e-02 9.839387000000000683e+01
1.850000000000000000e+01 1.352297000000000082e-01 9.660276000000000352e+01
1.850000000000000000e+01 2.038964000000000054e-01 7.379863000000000284e+01
1.850000000000000000e+01 3.056348999999999871e-01 4.631611000000000189e+01
1.850000000000000000e+01 4.586450999999999723e-01 2.838272999999999868e+01
1.850000000000000000e+01 6.883943999999999619e-01 2.119179000000000102e+01
1.850000000000000000e+01 1.032767999999999908e+00 1.977055999999999969e+01
1.850000000000000000e+01 1.549323000000000006e+00 2.332657000000000025e+01
1.850000000000000000e+01 2.237315999999999860e+00 2.848340999999999923e+01
1.850000000000000000e+01 2.922752000000000017e+00 3.132750000000000057e+01
1.948000000000000043e+01 2.628257999999999983e-02 6.540214000000000283e+01
1.948000000000000043e+01 4.415427999999999714e-02 1.282680000000000007e+02
1.948000000000000043e+01 6.232185999999999976e-02 1.748097999999999956e+02
1.948000000000000043e+01 9.020585000000000409e-02 1.746356000000000108e+02
1.948000000000000043e+01 1.352297000000000082e-01 1.717325999999999908e+02
1.948000000000000043e+01 2.038964000000000054e-01 1.300511999999999944e+02
1.948000000000000043e+01 3.056348999999999871e-01 8.082368999999999915e+01
1.948000000000000043e+01 4.586450999999999723e-01 5.681186000000000291e+01
1.948000000000000043e+01 6.883943999999999619e-01 6.023740999999999701e+01
1.948000000000000043e+01 1.032767999999999908e+00 8.172486999999999568e+01
1.948000000000000043e+01 1.549323000000000006e+00 1.154194999999999993e+02
1.948000000000000043e+01 2.237315999999999860e+00 1.411274999999999977e+02
1.948000000000000043e+01 2.922752000000000017e+00 1.448317999999999870e+02
2.050000000000000000e+01 2.628257999999999983e-02 6.945633999999999730e+01
2.050000000000000000e+01 4.415427999999999714e-02 1.421355000000000075e+02
2.050000000000000000e+01 6.232185999999999976e-02 1.957641000000000133e+02
2.050000000000000000e+01 9.020585000000000409e-02 1.992064000000000021e+02
2.050000000000000000e+01 1.352297000000000082e-01 2.056182000000000016e+02
2.050000000000000000e+01 2.038964000000000054e-01 1.672624000000000137e+02
2.050000000000000000e+01 3.056348999999999871e-01 1.172943999999999960e+02
2.050000000000000000e+01 4.586450999999999723e-01 1.076551000000000045e+02
2.050000000000000000e+01 6.883943999999999619e-01 1.470740999999999872e+02
2.050000000000000000e+01 1.032767999999999908e+00 2.278197000000000116e+02
2.050000000000000000e+01 1.549323000000000006e+00 3.349103999999999814e+02
2.050000000000000000e+01 2.237315999999999860e+00 4.162835000000000036e+02
2.050000000000000000e+01 2.922752000000000017e+00 4.371218000000000075e+02
2.157999999999999829e+01 2.628257999999999983e-02 3.527288999999999675e+01
2.157999999999999829e+01 4.415427999999999714e-02 7.911370999999999754e+01
2.157999999999999829e+01 6.232185999999999976e-02 1.108371000000000066e+02
2.157999999999999829e+01 9.020585000000000409e-02 1.188001000000000005e+02
2.157999999999999829e+01 1.352297000000000082e-01 1.362364000000000033e+02
2.157999999999999829e+01 2.038964000000000054e-01 1.323894999999999982e+02
2.157999999999999829e+01 3.056348999999999871e-01 1.237237999999999971e+02
2.157999999999999829e+01 4.586450999999999723e-01 1.597364000000000033e+02
2.157999999999999829e+01 6.883943999999999619e-01 2.580817999999999870e+02
2.157999999999999829e+01 1.032767999999999908e+00 4.209252999999999929e+02
2.157999999999999829e+01 1.549323000000000006e+00 6.272074999999999818e+02
2.157999999999999829e+01 2.237315999999999860e+00 7.921992999999999938e+02
2.157999999999999829e+01 2.922752000000000017e+00 8.458488999999999578e+02
2.271000000000000085e+01 2.628257999999999983e-02 3.624661000000000133e+00
2.271000000000000085e+01 4.415427999999999714e-02 1.233999999999999986e+01
2.271000000000000085e+01 6.232185999999999976e-02 1.969559999999999889e+01
2.271000000000000085e+01 9.020585000000000409e-02 2.727109000000000094e+01
2.271000000000000085e+01 1.352297000000000082e-01 4.419308999999999799e+01
2.271000000000000085e+01 2.038964000000000054e-01 6.689963000000000193e+01
2.271000000000000085e+01 3.056348999999999871e-01 1.031290999999999940e+02
2.271000000000000085e+01 4.586450999999999723e-01 1.788539000000000101e+02
2.271000000000000085e+01 6.883943999999999619e-01 3.180905999999999949e+02
2.271000000000000085e+01 1.032767999999999908e+00 5.271977000000000544e+02
2.271000000000000085e+01 1.549323000000000006e+00 7.916200000000000045e+02
2.271000000000000085e+01 2.237315999999999860e+00 1.021253000000000043e+03
2.271000000000000085e+01 2.922752000000000017e+00 1.111190000000000055e+03
2.389000000000000057e+01 2.628257999999999983e-02 6.276196999999999804e+00
2.389000000000000057e+01 4.415427999999999714e-02 7.720747000000000249e+00
2.389000000000000057e+01 6.232185999999999976e-02 1.461997000000000035e+01
2.389000000000000057e+01 9.020585000000000409e-02 1.845336999999999961e+01
2.389000000000000057e+01 1.352297000000000082e-01 3.068327999999999989e+01
2.389000000000000057e+01 2.038964000000000054e-01 5.203020000000000067e+01
2.389000000000000057e+01 3.056348999999999871e-01 9.340006999999999948e+01
2.389000000000000057e+01 4.586450999999999723e-01 1.639098999999999933e+02
2.389000000000000057e+01 6.883943999999999619e-01 2.918861999999999739e+02
2.389000000000000057e+01 1.032767999999999908e+00 4.804780999999999835e+02
2.389000000000000057e+01 1.549323000000000006e+00 7.218985000000000127e+02
2.389000000000000057e+01 2.237315999999999860e+00 9.462947000000000344e+02
2.389000000000000057e+01 2.922752000000000017e+00 1.058058999999999969e+03
2.514000000000000057e+01 2.628257999999999983e-02 2.992877999999999972e+01
2.514000000000000057e+01 4.415427999999999714e-02 4.428007999999999811e+01
2.514000000000000057e+01 6.232185999999999976e-02 6.401734999999999332e+01
2.514000000000000057e+01 9.020585000000000409e-02 6.337413999999999703e+01
2.514000000000000057e+01 1.352297000000000082e-01 7.410548000000000002e+01
2.514000000000000057e+01 2.038964000000000054e-01 8.207929000000000030e+01
2.514000000000000057e+01 3.056348999999999871e-01 9.886120999999999981e+01
2.514000000000000057e+01 4.586450999999999723e-01 1.303987999999999943e+02
2.514000000000000057e+01 6.883943999999999619e-01 2.032872000000000128e+02
2.514000000000000057e+01 1.032767999999999908e+00 3.187364999999999782e+02
2.514000000000000057e+01 1.549323000000000006e+00 4.741204999999999927e+02
2.514000000000000057e+01 2.237315999999999860e+00 6.309569000000000187e+02
2.514000000000000057e+01 2.922752000000000017e+00 7.217001999999999953e+02
2.644000000000000128e+01 2.628257999999999983e-02 4.018146000000000129e+01
2.644000000000000128e+01 4.415427999999999714e-02 6.358288999999999902e+01
2.644000000000000128e+01 6.232185999999999976e-02 8.927445000000000164e+01
2.644000000000000128e+01 9.020585000000000409e-02 8.694084999999999752e+01
2.644000000000000128e+01 1.352297000000000082e-01 9.727541999999999689e+01
2.644000000000000128e+01 2.038964000000000054e-01 9.740326000000000306e+01
2.644000000000000128e+01 3.056348999999999871e-01 9.283938000000000557e+01
2.644000000000000128e+01 4.586450999999999723e-01 9.192539999999999623e+01
2.644000000000000128e+01 6.883943999999999619e-01 1.103970000000000056e+02
2.644000000000000128e+01 1.032767999999999908e+00 1.523609999999999900e+02
2.644000000000000128e+01 1.549323000000000006e+00 2.189885999999999910e+02
2.644000000000000128e+01 2.237315999999999860e+00 2.932046000000000276e+02
2.644000000000000128e+01 2.922752000000000017e+00 3.427382000000000062e+02
2.782000000000000028e+01 2.628257999999999983e-02 2.351554000000000144e+01
2.782000000000000028e+01 4.415427999999999714e-02 3.958277999999999963e+01
2.782000000000000028e+01 6.232185999999999976e-02 5.692842000000000269e+01
2.782000000000000028e+01 9.020585000000000409e-02 5.723949000000000353e+01
2.782000000000000028e+01 1.352297000000000082e-01 6.656695000000000562e+01
2.782000000000000028e+01 2.038964000000000054e-01 6.863339000000000567e+01
2.782000000000000028e+01 3.056348999999999871e-01 6.236905999999999750e+01
2.782000000000000028e+01 4.586450999999999723e-01 5.516935999999999751e+01
2.782000000000000028e+01 6.883943999999999619e-01 5.145828000000000202e+01
2.782000000000000028e+01 1.032767999999999908e+00 5.574186999999999870e+01
2.782000000000000028e+01 1.549323000000000006e+00 7.219807000000000130e+01
2.782000000000000028e+01 2.237315999999999860e+00 9.439719999999999800e+01
2.782000000000000028e+01 2.922752000000000017e+00 1.110245000000000033e+02
2.926000000000000156e+01 2.628257999999999983e-02 6.699411999999999701e+00
2.926000000000000156e+01 4.415427999999999714e-02 1.212598000000000020e+01
2.926000000000000156e+01 6.232185999999999976e-02 1.847238000000000113e+01
2.926000000000000156e+01 9.020585000000000409e-02 1.982763999999999882e+01
2.926000000000000156e+01 1.352297000000000082e-01 2.513202000000000069e+01
2.926000000000000156e+01 2.038964000000000054e-01 2.858174999999999955e+01
2.926000000000000156e+01 3.056348999999999871e-01 2.799454000000000065e+01
2.926000000000000156e+01 4.586450999999999723e-01 2.644987000000000066e+01
2.926000000000000156e+01 6.883943999999999619e-01 2.333136999999999972e+01
2.926000000000000156e+01 1.032767999999999908e+00 2.053376000000000090e+01
2.926000000000000156e+01 1.549323000000000006e+00 2.197257000000000104e+01
2.926000000000000156e+01 2.237315999999999860e+00 2.675313999999999837e+01
2.926000000000000156e+01 2.922752000000000017e+00 3.203717999999999932e+01
3.076999999999999957e+01 2.628257999999999983e-02 1.201241000000000003e+00
3.076999999999999957e+01 4.415427999999999714e-02 2.349374000000000073e+00
3.076999999999999957e+01 6.232185999999999976e-02 3.870995000000000186e+00
3.076999999999999957e+01 9.020585000000000409e-02 4.510347999999999580e+00
3.076999999999999957e+01 1.352297000000000082e-01 6.376901000000000153e+00
3.076999999999999957e+01 2.038964000000000054e-01 8.273471999999999937e+00
3.076999999999999957e+01 3.056348999999999871e-01 9.375773999999999830e+00
3.076999999999999957e+01 4.586450999999999723e-01 1.042088999999999999e+01
3.076999999999999957e+01 6.883943999999999619e-01 1.033172000000000068e+01
3.076999999999999957e+01 1.032767999999999908e+00 9.003702999999999790e+00
3.076999999999999957e+01 1.549323000000000006e+00 8.499814999999999898e+00
3.076999999999999957e+01 2.237315999999999860e+00 9.882956000000000074e+00
3.076999999999999957e+01 2.922752000000000017e+00 1.197340999999999944e+01
3.235999999999999943e+01 2.628257999999999983e-02 1.953663999999999956e-01
3.235999999999999943e+01 4.415427999999999714e-02 4.185988999999999960e-01
3.235999999999999943e+01 6.232185999999999976e-02 7.647325000000000372e-01
3.235999999999999943e+01 9.020585000000000409e-02 9.691117999999999677e-01
3.235999999999999943e+01 1.352297000000000082e-01 1.525754999999999972e+00
3.235999999999999943e+01 2.038964000000000054e-01 2.229821999999999971e+00
3.235999999999999943e+01 3.056348999999999871e-01 2.927669999999999995e+00
3.235999999999999943e+01 4.586450999999999723e-01 3.843580000000000219e+00
3.235999999999999943e+01 6.883943999999999619e-01 4.565705999999999598e+00
3.235999999999999943e+01 1.032767999999999908e+00 4.637614000000000125e+00
3.235999999999999943e+01 1.549323000000000006e+00 4.548551999999999929e+00
3.235999999999999943e+01 2.237315999999999860e+00 5.433907999999999738e+00
3.235999999999999943e+01 2.922752000000000017e+00 6.780829999999999913e+00
3.403000000000000114e+01 2.628257999999999983e-02 5.001219999999999971e-02
3.403000000000000114e+01 4.415427999999999714e-02 1.179343999999999948e-01
3.403000000000000114e+01 6.232185999999999976e-02 2.428744999999999932e-01
3.403000000000000114e+01 9.020585000000000409e-02 3.318190999999999780e-01
3.403000000000000114e+01 1.352297000000000082e-01 5.671420999999999824e-01
3.403000000000000114e+01 2.038964000000000054e-01 8.907770000000000410e-01
3.403000000000000114e+01 3.056348999999999871e-01 1.297331999999999930e+00
3.403000000000000114e+01 4.586450999999999723e-01 1.883984000000000103e+00
3.403000000000000114e+01 6.883943999999999619e-01 2.579296999999999951e+00
3.403000000000000114e+01 1.032767999999999908e+00 3.099743000000000137e+00
3.403000000000000114e+01 1.549323000000000006e+00 3.402562999999999782e+00
3.403000000000000114e+01 2.237315999999999860e+00 4.202153000000000027e+00
3.403000000000000114e+01 2.922752000000000017e+00 5.367143999999999693e+00
6.000000000000000000e+00 2.628257999999999983e-02 4.854995000000000144e-02
6.000000000000000000e+00 4.415427999999999714e-02 1.414867999999999959e-01
6.000000000000000000e+00 6.232185999999999976e-02 2.477439999999999920e-01
6.000000000000000000e+00 9.020585000000000409e-02 4.285627000000000186e-01
6.000000000000000000e+00 1.352297000000000082e-01 7.343629000000000406e-01
6.000000000000000000e+00 2.038964000000000054e-01 7.203975999999999713e-01
6.000000000000000000e+00 3.056348999999999871e-01 6.539443999999999813e-01
6.000000000000000000e+00 4.586450999999999723e-01 5.611095000000000388e-01
6.000000000000000000e+00 6.883943999999999619e-01 4.799125000000000196e-01
6.000000000000000000e+00 1.032767999999999908e+00 4.356312999999999991e-01
6.000000000000000000e+00 1.549323000000000006e+00 4.970490000000000186e-01
6.000000000000000000e+00 2.237315999999999860e+00 7.939410999999999552e-01
6.000000000000000000e+00 2.922752000000000017e+00 1.314135000000000053e+00
6.349999999999999645e+00 2.628257999999999983e-02 1.425652000000000030e-01
6.349999999999999645e+00 4.415427999999999714e-02 3.836929000000000034e-01
6.349999999999999645e+00 6.232185999999999976e-02 6.770526000000000044e-01
6.349999999999999645e+00 9.020585000000000409e-02 1.197076999999999947e+00
6.349999999999999645e+00 1.352297000000000082e-01 1.991111999999999993e+00
6.349999999999999645e+00 2.038964000000000054e-01 1.766051999999999955e+00
6.349999999999999645e+00 3.056348999999999871e-01 1.694531999999999927e+00
6.349999999999999645e+00 4.586450999999999723e-01 1.434377000000000013e+00
6.349999999999999645e+00 6.883943999999999619e-01 1.238899999999999890e+00
6.349999999999999645e+00 1.032767999999999908e+00 1.131105999999999945e+00
6.349999999999999645e+00 1.549323000000000006e+00 1.260385000000000089e+00
6.349999999999999645e+00 2.237315999999999860e+00 1.982895000000000074e+00
6.349999999999999645e+00 2.922752000000000017e+00 3.263128000000000029e+00
6.719999999999999751e+00 2.628257999999999983e-02 3.091756999999999977e-01
6.719999999999999751e+00 4.415427999999999714e-02 7.975940999999999725e-01
6.719999999999999751e+00 6.232185999999999976e-02 1.438318999999999903e+00
6.719999999999999751e+00 9.020585000000000409e-02 2.423198999999999881e+00
6.719999999999999751e+00 1.352297000000000082e-01 4.057845000000000368e+00
6.719999999999999751e+00 2.038964000000000054e-01 3.626646000000000036e+00
6.719999999999999751e+00 3.056348999999999871e-01 3.498676999999999815e+00
6.719999999999999751e+00 4.586450999999999723e-01 3.048000000000000043e+00
6.719999999999999751e+00 6.883943999999999619e-01 2.682678999999999814e+00
6.719999999999999751e+00 1.032767999999999908e+00 2.471619000000000010e+00
6.719999999999999751e+00 1.549323000000000006e+00 2.721054000000000084e+00
6.719999999999999751e+00 2.237315999999999860e+00 4.252710000000000434e+00
6.719999999999999751e+00 2.922752000000000017e+00 6.956781999999999577e+00
7.099999999999999645e+00 2.628257999999999983e-02 4.980523000000000033e-01
7.099999999999999645e+00 4.415427999999999714e-02 1.291420000000000012e+00
7.099999999999999645e+00 6.232185999999999976e-02 2.356106000000000034e+00
7.099999999999999645e+00 9.020585000000000409e-02 3.849756999999999874e+00
7.099999999999999645e+00 1.352297000000000082e-01 6.597121999999999709e+00
7.099999999999999645e+00 2.038964000000000054e-01 6.520143000000000022e+00
7.099999999999999645e+00 3.056348999999999871e-01 6.215119999999999756e+00
7.099999999999999645e+00 4.586450999999999723e-01 5.543363000000000262e+00
7.099999999999999645e+00 6.883943999999999619e-01 4.984014000000000166e+00
7.099999999999999645e+00 1.032767999999999908e+00 4.619328999999999574e+00
7.099999999999999645e+00 1.549323000000000006e+00 5.121802999999999884e+00
7.099999999999999645e+00 2.237315999999999860e+00 7.950522000000000311e+00
7.099999999999999645e+00 2.922752000000000017e+00 1.300744000000000078e+01
7.509999999999999787e+00 2.628257999999999983e-02 6.138978999999999964e-01
7.509999999999999787e+00 4.415427999999999714e-02 1.710047000000000095e+00
7.509999999999999787e+00 6.232185999999999976e-02 3.188461000000000212e+00
7.509999999999999787e+00 9.020585000000000409e-02 5.051014999999999588e+00
7.509999999999999787e+00 1.352297000000000082e-01 8.765468999999999511e+00
7.509999999999999787e+00 2.038964000000000054e-01 9.785282000000000480e+00
7.509999999999999787e+00 3.056348999999999871e-01 9.556981000000000392e+00
7.509999999999999787e+00 4.586450999999999723e-01 8.692144000000000759e+00
7.509999999999999787e+00 6.883943999999999619e-01 8.019764000000000337e+00
7.509999999999999787e+00 1.032767999999999908e+00 7.615145000000000053e+00
7.509999999999999787e+00 1.549323000000000006e+00 8.536884000000000583e+00
7.509999999999999787e+00 2.237315999999999860e+00 1.327914999999999957e+01
7.509999999999999787e+00 2.922752000000000017e+00 2.154882999999999882e+01
7.929999999999999716e+00 2.628257999999999983e-02 6.706855000000000455e-01
7.929999999999999716e+00 4.415427999999999714e-02 1.961943999999999910e+00
7.929999999999999716e+00 6.232185999999999976e-02 3.591053000000000051e+00
7.929999999999999716e+00 9.020585000000000409e-02 5.513202999999999854e+00
7.929999999999999716e+00 1.352297000000000082e-01 9.942446999999999591e+00
7.929999999999999716e+00 2.038964000000000054e-01 1.239095000000000013e+01
7.929999999999999716e+00 3.056348999999999871e-01 1.289861999999999931e+01
7.929999999999999716e+00 4.586450999999999723e-01 1.225446999999999953e+01
7.929999999999999716e+00 6.883943999999999619e-01 1.157794999999999952e+01
7.929999999999999716e+00 1.032767999999999908e+00 1.132170999999999950e+01
7.929999999999999716e+00 1.549323000000000006e+00 1.282296000000000014e+01
7.929999999999999716e+00 2.237315999999999860e+00 1.985514999999999830e+01
7.929999999999999716e+00 2.922752000000000017e+00 3.190259999999999962e+01
8.380000000000000782e+00 2.628257999999999983e-02 6.644560999999999940e-01
8.380000000000000782e+00 4.415427999999999714e-02 1.928428999999999949e+00
8.380000000000000782e+00 6.232185999999999976e-02 3.366805999999999965e+00
8.380000000000000782e+00 9.020585000000000409e-02 5.077890000000000015e+00
8.380000000000000782e+00 1.352297000000000082e-01 9.589997999999999578e+00
8.380000000000000782e+00 2.038964000000000054e-01 1.357196000000000069e+01
8.380000000000000782e+00 3.056348999999999871e-01 1.549186000000000085e+01
8.380000000000000782e+00 4.586450999999999723e-01 1.558472000000000079e+01
8.380000000000000782e+00 6.883943999999999619e-01 1.527186999999999983e+01
8.380000000000000782e+00 1.032767999999999908e+00 1.532206000000000046e+01
8.380000000000000782e+00 1.549323000000000006e+00 1.766471999999999909e+01
8.380000000000000782e+00 2.237315999999999860e+00 2.719921000000000078e+01
8.380000000000000782e+00 2.922752000000000017e+00 4.306219000000000108e+01
8.849999999999999645e+00 2.628257999999999983e-02 5.707189000000000290e-01
8.849999999999999645e+00 4.415427999999999714e-02 1.651353999999999989e+00
8.849999999999999645e+00 6.232185999999999976e-02 2.782055000000000167e+00
8.849999999999999645e+00 9.020585000000000409e-02 4.182943999999999996e+00
8.849999999999999645e+00 1.352297000000000082e-01 8.069979000000000013e+00
8.849999999999999645e+00 2.038964000000000054e-01 1.303017999999999965e+01
8.849999999999999645e+00 3.056348999999999871e-01 1.643791999999999831e+01
8.849999999999999645e+00 4.586450999999999723e-01 1.804889000000000010e+01
8.849999999999999645e+00 6.883943999999999619e-01 1.856289999999999907e+01
8.849999999999999645e+00 1.032767999999999908e+00 1.932092000000000098e+01
8.849999999999999645e+00 1.549323000000000006e+00 2.270536999999999850e+01
8.849999999999999645e+00 2.237315999999999860e+00 3.501966999999999786e+01
8.849999999999999645e+00 2.922752000000000017e+00 5.481765000000000043e+01
9.339999999999999858e+00 2.628257999999999983e-02 4.349501000000000062e-01
9.339999999999999858e+00 4.415427999999999714e-02 1.285987999999999909e+00
9.339999999999999858e+00 6.232185999999999976e-02 2.145948999999999884e+00
9.339999999999999858e+00 9.020585000000000409e-02 3.253635000000000055e+00
9.339999999999999858e+00 1.352297000000000082e-01 6.422889999999999766e+00
9.339999999999999858e+00 2.038964000000000054e-01 1.126271999999999984e+01
9.339999999999999858e+00 3.056348999999999871e-01 1.564364999999999917e+01
9.339999999999999858e+00 4.586450999999999723e-01 1.908661999999999992e+01
9.339999999999999858e+00 6.883943999999999619e-01 2.106055999999999884e+01
9.339999999999999858e+00 1.032767999999999908e+00 2.285715000000000074e+01
9.339999999999999858e+00 1.549323000000000006e+00 2.762125999999999948e+01
9.339999999999999858e+00 2.237315999999999860e+00 4.274454999999999671e+01
9.339999999999999858e+00 2.922752000000000017e+00 6.634499999999999886e+01
9.859999999999999432e+00 2.628257999999999983e-02 3.007136999999999727e-01
9.859999999999999432e+00 4.415427999999999714e-02 9.105275000000000452e-01
9.859999999999999432e+00 6.232185999999999976e-02 1.519360999999999962e+00
9.859999999999999432e+00 9.020585000000000409e-02 2.342198999999999920e+00
9.859999999999999432e+00 1.352297000000000082e-01 4.798098000000000418e+00
9.859999999999999432e+00 2.038964000000000054e-01 8.894149999999999778e+00
9.859999999999999432e+00 3.056348999999999871e-01 1.367826999999999948e+01
9.859999999999999432e+00 4.586450999999999723e-01 1.879737000000000080e+01
9.859999999999999432e+00 6.883943999999999619e-01 2.253835000000000122e+01
9.859999999999999432e+00 1.032767999999999908e+00 2.583100999999999914e+01
9.859999999999999432e+00 1.549323000000000006e+00 3.220900999999999925e+01
9.859999999999999432e+00 2.237315999999999860e+00 5.003302999999999656e+01
9.859999999999999432e+00 2.922752000000000017e+00 7.705895999999999901e+01
