1.040000000000000036e+01 2.628257999999999983e-02 1.235219000000000067e+00
1.040000000000000036e+01 4.415427999999999714e-02 2.095353999999999939e+00
1.040000000000000036e+01 6.232185999999999976e-02 3.634040000000000159e+00
1.040000000000000036e+01 9.020585000000000409e-02 4.016040000000000276e+00
1.040000000000000036e+01 1.352297000000000082e-01 5.435839999999999783e+00
1.040000000000000036e+01 2.038964000000000054e-01 6.871202000000000254e+00
1.040000000000000036e+01 3.056348999999999871e-01 9.195270999999999972e+00
1.040000000000000036e+01 4.586450999999999723e-01 1.220181999999999967e+01
1.040000000000000036e+01 6.883943999999999619e-01 1.633259999999999934e+01
1.040000000000000036e+01 1.032767999999999908e+00 2.011367999999999867e+01
1.040000000000000036e+01 1.549323000000000006e+00 2.517241999999999891e+01
1.040000000000000036e+01 2.237315999999999860e+00 3.593536999999999892e+01
1.040000000000000036e+01 2.922752000000000017e+00 4.855438000000000187e+01
1.097000000000000064e+01 2.628257999999999983e-02 1.909545000000000048e+00
1.097000000000000064e+01 4.415427999999999714e-02 3.228368999999999822e+00
1.097000000000000064e+01 6.232185999999999976e-02 5.083257999999999832e+00
1.097000000000000064e+01 9.020585000000000409e-02 5.271081999999999823e+00
1.097000000000000064e+01 1.352297000000000082e-01 6.470564000000000426e+00
1.097000000000000064e+01 2.038964000000000054e-01 7.361864999999999881e+00
1.097000000000000064e+01 3.056348999999999871e-01 8.681682999999999595e+00
1.097000000000000064e+01 4.586450999999999723e-01 1.025873999999999953e+01
1.097000000000000064e+01 6.883943999999999619e-01 1.270852000000000004e+01
1.097000000000000064e+01 1.032767999999999908e+00 1.503533999999999970e+01
1.097000000000000064e+01 1.549323000000000006e+00 1.874361000000000033e+01
1.097000000000000064e+01 2.237315999999999860e+00 2.660157999999999845e+01
1.097000000000000064e+01 2.922752000000000017e+00 3.537839000000000311e+01
1.157000000000000028e+01 2.628257999999999983e-02 2.805645999999999862e+00
1.157000000000000028e+01 4.415427999999999714e-02 4.744139999999999802e+00
1.157000000000000028e+01 6.232185999999999976e-02 6.899116000000000248e+00
1.157000000000000028e+01 9.020585000000000409e-02 6.786506000000000149e+00
1.157000000000000028e+01 1.352297000000000082e-01 7.524678999999999895e+00
1.157000000000000028e+01 2.038964000000000054e-01 7.669321000000000055e+00
1.157000000000000028e+01 3.056348999999999871e-01 7.832419999999999938e+00
1.157000000000000028e+01 4.586450999999999723e-01 8.014495999999999398e+00
1.157000000000000028e+01 6.883943999999999619e-01 8.738350999999999758e+00
1.157000000000000028e+01 1.032767999999999908e+00 9.691862999999999673e+00
1.157000000000000028e+01 1.549323000000000006e+00 1.184737999999999936e+01
1.157000000000000028e+01 2.237315999999999860e+00 1.692770000000000152e+01
1.157000000000000028e+01 2.922752000000000017e+00 2.274042000000000030e+01
1.219999999999999929e+01 2.628257999999999983e-02 3.782328000000000134e+00
1.219999999999999929e+01 4.415427999999999714e-02 6.507786000000000293e+00
1.219999999999999929e+01 6.232185999999999976e-02 8.931252000000000635e+00
1.219999999999999929e+01 9.020585000000000409e-02 8.398851000000000511e+00
1.219999999999999929e+01 1.352297000000000082e-01 8.491787999999999670e+00
1.219999999999999929e+01 2.038964000000000054e-01 7.753079999999999750e+00
1.219999999999999929e+01 3.056348999999999871e-01 6.798553000000000068e+00
1.219999999999999929e+01 4.586450999999999723e-01 5.943073000000000050e+00
1.219999999999999929e+01 6.883943999999999619e-01 5.391422000000000381e+00
1.219999999999999929e+01 1.032767999999999908e+00 5.263027000000000122e+00
1.219999999999999929e+01 1.549323000000000006e+00 6.124475000000000335e+00
1.219999999999999929e+01 2.237315999999999860e+00 8.924426999999999666e+00
1.219999999999999929e+01 2.922752000000000017e+00 1.269800000000000040e+01
1.285999999999999943e+01 2.628257999999999983e-02 4.002818000000000431e+00
1.285999999999999943e+01 4.415427999999999714e-02 7.232985000000000220e+00
1.285999999999999943e+01 6.232185999999999976e-02 9.738647999999999527e+00
1.285999999999999943e+01 9.020585000000000409e-02 9.031537999999999400e+00
1.285999999999999943e+01 1.352297000000000082e-01 8.709918999999999301e+00
1.285999999999999943e+01 2.038964000000000054e-01 7.378089000000000119e+00
1.285999999999999943e+01 3.056348999999999871e-01 5.865376999999999619e+00
1.285999999999999943e+01 4.586450999999999723e-01 4.832171999999999912e+00
1.285999999999999943e+01 6.883943999999999619e-01 3.889167000000000041e+00
1.285999999999999943e+01 1.032767999999999908e+00 3.355860999999999983e+00
1.285999999999999943e+01 1.549323000000000006e+00 3.620155000000000012e+00
1.285999999999999943e+01 2.237315999999999860e+00 5.299710000000000143e+00
1.285999999999999943e+01 2.922752000000000017e+00 7.871608000000000160e+00
1.355000000000000071e+01 2.628257999999999983e-02 2.737823000000000118e+00
1.355000000000000071e+01 4.415427999999999714e-02 5.461954000000000420e+00
1.355000000000000071e+01 6.232185999999999976e-02 7.536374999999999602e+00
1.355000000000000071e+01 9.020585000000000409e-02 7.187772999999999968e+00
1.355000000000000071e+01 1.352297000000000082e-01 7.045418999999999876e+00
1.355000000000000071e+01 2.038964000000000054e-01 6.069065000000000154e+00
1.355000000000000071e+01 3.056348999999999871e-01 5.045619000000000298e+00
1.355000000000000071e+01 4.586450999999999723e-01 4.820739999999999803e+00
1.355000000000000071e+01 6.883943999999999619e-01 4.546770000000000422e+00
1.355000000000000071e+01 1.032767999999999908e+00 4.393563999999999581e+00
1.355000000000000071e+01 1.549323000000000006e+00 5.032254000000000005e+00
1.355000000000000071e+01 2.237315999999999860e+00 6.776997999999999855e+00
1.355000000000000071e+01 2.922752000000000017e+00 8.500201999999999813e+00
1.427999999999999936e+01 2.628257999999999983e-02 6.298065000000000468e-01
1.427999999999999936e+01 4.415427999999999714e-02 1.703335000000000043e+00
1.427999999999999936e+01 6.232185999999999976e-02 2.684196000000000026e+00
1.427999999999999936e+01 9.020585000000000409e-02 2.998501999999999779e+00
1.427999999999999936e+01 1.352297000000000082e-01 3.485088000000000186e+00
1.427999999999999936e+01 2.038964000000000054e-01 3.664861999999999842e+00
1.427999999999999936e+01 3.056348999999999871e-01 3.843249999999999833e+00
1.427999999999999936e+01 4.586450999999999723e-01 4.615976999999999997e+00
1.427999999999999936e+01 6.883943999999999619e-01 5.281711999999999740e+00
1.427999999999999936e+01 1.032767999999999908e+00 5.775536999999999921e+00
1.427999999999999936e+01 1.549323000000000006e+00 7.072937999999999725e+00
1.427999999999999936e+01 2.237315999999999860e+00 9.160412000000000887e+00
1.427999999999999936e+01 2.922752000000000017e+00 1.025652000000000008e+01
1.505000000000000071e+01 2.628257999999999983e-02 4.053256999999999693e-02
1.505000000000000071e+01 4.415427999999999714e-02 8.964743999999999491e-02
1.505000000000000071e+01 6.232185999999999976e-02 2.885315999999999992e-01
1.505000000000000071e+01 9.020585000000000409e-02 6.100202000000000124e-01
1.505000000000000071e+01 1.352297000000000082e-01 1.181265999999999927e+00
1.505000000000000071e+01 2.038964000000000054e-01 1.928724000000000105e+00
1.505000000000000071e+01 3.056348999999999871e-01 2.912733999999999934e+00
1.505000000000000071e+01 4.586450999999999723e-01 4.239565999999999946e+00
1.505000000000000071e+01 6.883943999999999619e-01 5.548191000000000095e+00
1.505000000000000071e+01 1.032767999999999908e+00 6.400216999999999601e+00
1.505000000000000071e+01 1.549323000000000006e+00 7.710021000000000235e+00
1.505000000000000071e+01 2.237315999999999860e+00 9.434234000000000009e+00
1.505000000000000071e+01 2.922752000000000017e+00 9.877691000000000443e+00
1.584999999999999964e+01 2.628257999999999983e-02 3.616188000000000180e-01
1.584999999999999964e+01 4.415427999999999714e-02 3.637595000000000134e-01
1.584999999999999964e+01 6.232185999999999976e-02 4.664421999999999735e-01
1.584999999999999964e+01 9.020585000000000409e-02 4.771662999999999877e-01
1.584999999999999964e+01 1.352297000000000082e-01 6.858598000000000194e-01
1.584999999999999964e+01 2.038964000000000054e-01 1.049025000000000096e+00
1.584999999999999964e+01 3.056348999999999871e-01 1.692183999999999910e+00
1.584999999999999964e+01 4.586450999999999723e-01 2.484156000000000031e+00
1.584999999999999964e+01 6.883943999999999619e-01 3.410150999999999932e+00
1.584999999999999964e+01 1.032767999999999908e+00 4.127947999999999951e+00
1.584999999999999964e+01 1.549323000000000006e+00 5.068545000000000300e+00
1.584999999999999964e+01 2.237315999999999860e+00 6.259198999999999735e+00
1.584999999999999964e+01 2.922752000000000017e+00 6.641319000000000194e+00
1.669000000000000128e+01 2.628257999999999983e-02 4.068374000000000157e-01
1.669000000000000128e+01 4.415427999999999714e-02 5.571190999999999782e-01
1.669000000000000128e+01 6.232185999999999976e-02 7.558757000000000392e-01
1.669000000000000128e+01 9.020585000000000409e-02 7.083561999999999914e-01
1.669000000000000128e+01 1.352297000000000082e-01 8.003909000000000162e-01
1.669000000000000128e+01 2.038964000000000054e-01 8.644547000000000203e-01
1.669000000000000128e+01 3.056348999999999871e-01 1.021652000000000005e+00
1.669000000000000128e+01 4.586450999999999723e-01 1.294985999999999970e+00
1.669000000000000128e+01 6.883943999999999619e-01 1.737039000000000000e+00
1.669000000000000128e+01 1.032767999999999908e+00 2.177677999999999781e+00
1.669000000000000128e+01 1.549323000000000006e+00 2.620036999999999949e+00
1.669000000000000128e+01 2.237315999999999860e+00 3.217560000000000198e+00
1.669000000000000128e+01 2.922752000000000017e+00 3.515338999999999992e+00
1.757000000000000028e+01 2.628257999999999983e-02 2.082011000000000001e-01
1.757000000000000028e+01 4.415427999999999714e-02 3.301509999999999723e-01
1.757000000000000028e+01 6.232185999999999976e-02 4.852581000000000255e-01
1.757000000000000028e+01 9.020585000000000409e-02 4.988731000000000138e-01
1.757000000000000028e+01 1.352297000000000082e-01 6.014235999999999471e-01
1.757000000000000028e+01 2.038964000000000054e-01 6.351649999999999796e-01
1.757000000000000028e+01 3.056348999999999871e-01 6.195644999999999625e-01
1.757000000000000028e+01 4.586450999999999723e-01 6.699952999999999603e-01
1.757000000000000028e+01 6.883943999999999619e-01 8.333002999999999938e-01
1.757000000000000028e+01 1.032767999999999908e+00 1.065809999999999924e+00
1.757000000000000028e+01 1.549323000000000006e+00 1.244347000000000092e+00
1.757000000000000028e+01 2.237315999999999860e+00 1.477178000000000102e+00
1.757000000000000028e+01 2.922752000000000017e+00 1.717924000000000007e+00
1.850000000000000000e+01 2.628257999999999983e-02 7.386004000000000180e-02
1.850000000000000000e+01 4.415427999999999714e-02 1.297591999999999912e-01
1.850000000000000000e+01 6.232185999999999976e-02 2.057752999999999943e-01
1.850000000000000000e+01 9.020585000000000409e-02 2.331326999999999983e-01
1.850000000000000000e+01 1.352297000000000082e-01 3.114699000000000217e-01
1.850000000000000000e+01 2.038964000000000054e-01 3.630527000000000060e-01
1.850000000000000000e+01 3.056348999999999871e-01 3.572935999999999890e-01
1.850000000000000000e+01 4.586450999999999723e-01 3.645450000000000079e-01
1.850000000000000000e+01 6.883943999999999619e-01 4.171786000000000105e-01
1.850000000000000000e+01 1.032767999999999908e+00 5.357596000000000025e-01
1.850000000000000000e+01 1.549323000000000006e+00 6.341790999999999956e-01
1.850000000000000000e+01 2.237315999999999860e+00 7.350349999999999939e-01
1.850000000000000000e+01 2.922752000000000017e+00 8.990099000000000284e-01
1.948000000000000043e+01 2.628257999999999983e-02 2.124204999999999843e-02
1.948000000000000043e+01 4.415427999999999714e-02 4.060951000000000144e-02
1.948000000000000043e+01 6.232185999999999976e-02 6.985876000000000585e-02
1.948000000000000043e+01 9.020585000000000409e-02 8.670319999999999416e-02
1.948000000000000043e+01 1.352297000000000082e-01 1.296779999999999877e-01
1.948000000000000043e+01 2.038964000000000054e-01 1.732933000000000112e-01
1.948000000000000043e+01 3.056348999999999871e-01 1.921414999999999929e-01
1.948000000000000043e+01 4.586450999999999723e-01 2.077848999999999946e-01
1.948000000000000043e+01 6.883943999999999619e-01 2.285114000000000034e-01
1.948000000000000043e+01 1.032767999999999908e+00 2.857290000000000108e-01
1.948000000000000043e+01 1.549323000000000006e+00 3.598017000000000021e-01
1.948000000000000043e+01 2.237315999999999860e+00 4.264629999999999810e-01
1.948000000000000043e+01 2.922752000000000017e+00 5.328327999999999953e-01
2.050000000000000000e+01 2.628257999999999983e-02 5.883152000000000000e-03
2.050000000000000000e+01 4.415427999999999714e-02 1.224956999999999956e-02
2.050000000000000000e+01 6.232185999999999976e-02 2.279665999999999984e-02
2.050000000000000000e+01 9.020585000000000409e-02 3.034084000000000086e-02
2.050000000000000000e+01 1.352297000000000082e-01 5.004179999999999739e-02
2.050000000000000000e+01 2.038964000000000054e-01 7.569198000000000592e-02
2.050000000000000000e+01 3.056348999999999871e-01 9.650343999999999589e-02
2.050000000000000000e+01 4.586450999999999723e-01 1.173775999999999986e-01
2.050000000000000000e+01 6.883943999999999619e-01 1.332276000000000016e-01
2.050000000000000000e+01 1.032767999999999908e+00 1.605408000000000113e-01
2.050000000000000000e+01 1.549323000000000006e+00 2.148478000000000054e-01
2.050000000000000000e+01 2.237315999999999860e+00 2.678115999999999830e-01
2.050000000000000000e+01 2.922752000000000017e+00 3.401607999999999854e-01
2.157999999999999829e+01 2.628257999999999983e-02 2.131272000000000028e-03
2.157999999999999829e+01 4.415427999999999714e-02 4.855540000000000203e-03
2.157999999999999829e+01 6.232185999999999976e-02 9.656578000000000730e-03
2.157999999999999829e+01 9.020585000000000409e-02 1.344735000000000028e-02
2.157999999999999829e+01 1.352297000000000082e-01 2.345442000000000013e-02
2.157999999999999829e+01 2.038964000000000054e-01 3.794259999999999994e-02
2.157999999999999829e+01 3.056348999999999871e-01 5.347389000000000309e-02
2.157999999999999829e+01 4.586450999999999723e-01 7.224859000000000142e-02
2.157999999999999829e+01 6.883943999999999619e-01 8.865694000000000352e-02
2.157999999999999829e+01 1.032767999999999908e+00 1.027972000000000052e-01
2.157999999999999829e+01 1.549323000000000006e+00 1.349787000000000070e-01
2.157999999999999829e+01 2.237315999999999860e+00 1.795001999999999986e-01
2.157999999999999829e+01 2.922752000000000017e+00 2.281268999999999936e-01
2.271000000000000085e+01 2.628257999999999983e-02 1.368859999999999955e-03
2.271000000000000085e+01 4.415427999999999714e-02 3.337306999999999860e-03
2.271000000000000085e+01 6.232185999999999976e-02 6.970758999999999983e-03
2.271000000000000085e+01 9.020585000000000409e-02 1.006600000000000029e-02
2.271000000000000085e+01 1.352297000000000082e-01 1.788643999999999998e-02
2.271000000000000085e+01 2.038964000000000054e-01 2.911348999999999881e-02
2.271000000000000085e+01 3.056348999999999871e-01 4.268033000000000243e-02
2.271000000000000085e+01 4.586450999999999723e-01 5.976929999999999743e-02
2.271000000000000085e+01 6.883943999999999619e-01 7.784660999999999664e-02
2.271000000000000085e+01 1.032767999999999908e+00 8.977034000000000402e-02
2.271000000000000085e+01 1.549323000000000006e+00 1.058029999999999943e-01
2.271000000000000085e+01 2.237315999999999860e+00 1.408833999999999920e-01
2.271000000000000085e+01 2.922752000000000017e+00 1.692999000000000032e-01
2.389000000000000057e+01 2.628257999999999983e-02 1.497791000000000053e-03
2.389000000000000057e+01 4.415427999999999714e-02 3.758403000000000004e-03
2.389000000000000057e+01 6.232185999999999976e-02 8.117166000000000312e-03
2.389000000000000057e+01 9.020585000000000409e-02 1.196143000000000033e-02
2.389000000000000057e+01 1.352297000000000082e-01 2.149720999999999924e-02
2.389000000000000057e+01 2.038964000000000054e-01 3.468945999999999835e-02
2.389000000000000057e+01 3.056348999999999871e-01 5.128225000000000144e-02
2.389000000000000057e+01 4.586450999999999723e-01 7.113363999999999798e-02
2.389000000000000057e+01 6.883943999999999619e-01 9.393965999999999428e-02
2.389000000000000057e+01 1.032767999999999908e+00 1.095021999999999940e-01
2.389000000000000057e+01 1.549323000000000006e+00 1.202235999999999999e-01
2.389000000000000057e+01 2.237315999999999860e+00 1.449599000000000026e-01
2.389000000000000057e+01 2.922752000000000017e+00 1.588098000000000010e-01
2.514000000000000057e+01 2.628257999999999983e-02 2.129461000000000027e-03
2.514000000000000057e+01 4.415427999999999714e-02 5.377538000000000283e-03
2.514000000000000057e+01 6.232185999999999976e-02 1.184582999999999990e-02
2.514000000000000057e+01 9.020585000000000409e-02 1.753180000000000016e-02
2.514000000000000057e+01 1.352297000000000082e-01 3.171058000000000210e-02
2.514000000000000057e+01 2.038964000000000054e-01 5.099189999999999973e-02
2.514000000000000057e+01 3.056348999999999871e-01 7.563991999999999938e-02
2.514000000000000057e+01 4.586450999999999723e-01 1.042273999999999978e-01
2.514000000000000057e+01 6.883943999999999619e-01 1.376836999999999922e-01
2.514000000000000057e+01 1.032767999999999908e+00 1.611787000000000081e-01
2.514000000000000057e+01 1.549323000000000006e+00 1.736852000000000118e-01
2.514000000000000057e+01 2.237315999999999860e+00 1.965667000000000109e-01
2.514000000000000057e+01 2.922752000000000017e+00 2.124937000000000076e-01
2.644000000000000128e+01 2.628257999999999983e-02 3.177246999999999797e-03
2.644000000000000128e+01 4.415427999999999714e-02 8.017747000000000415e-03
2.644000000000000128e+01 6.232185999999999976e-02 1.785211999999999910e-02
2.644000000000000128e+01 9.020585000000000409e-02 2.642469000000000068e-02
2.644000000000000128e+01 1.352297000000000082e-01 4.782010999999999901e-02
2.644000000000000128e+01 2.038964000000000054e-01 7.681061000000000138e-02
2.644000000000000128e+01 3.056348999999999871e-01 1.142617999999999967e-01
2.644000000000000128e+01 4.586450999999999723e-01 1.577700999999999965e-01
2.644000000000000128e+01 6.883943999999999619e-01 2.092727000000000059e-01
2.644000000000000128e+01 1.032767999999999908e+00 2.463223999999999969e-01
2.644000000000000128e+01 1.549323000000000006e+00 2.631955000000000267e-01
2.644000000000000128e+01 2.237315999999999860e+00 2.915113999999999761e-01
2.644000000000000128e+01 2.922752000000000017e+00 3.238009000000000026e-01
2.782000000000000028e+01 2.628257999999999983e-02 4.775493999999999920e-03
2.782000000000000028e+01 4.415427999999999714e-02 1.203354000000000056e-02
2.782000000000000028e+01 6.232185999999999976e-02 2.704387999999999931e-02
2.782000000000000028e+01 9.020585000000000409e-02 3.994033000000000305e-02
2.782000000000000028e+01 1.352297000000000082e-01 7.232531999999999850e-02
2.782000000000000028e+01 2.038964000000000054e-01 1.161134999999999945e-01
2.782000000000000028e+01 3.056348999999999871e-01 1.733360999999999930e-01
2.782000000000000028e+01 4.586450999999999723e-01 2.407837999999999923e-01
2.782000000000000028e+01 6.883943999999999619e-01 3.224446999999999730e-01
2.782000000000000028e+01 1.032767999999999908e+00 3.839099000000000261e-01
2.782000000000000028e+01 1.549323000000000006e+00 4.166559000000000235e-01
2.782000000000000028e+01 2.237315999999999860e+00 4.640681999999999863e-01
2.782000000000000028e+01 2.922752000000000017e+00 5.198207999999999718e-01
2.926000000000000156e+01 2.628257999999999983e-02 6.975468000000000293e-03
2.926000000000000156e+01 4.415427999999999714e-02 1.756945999999999855e-02
2.926000000000000156e+01 6.232185999999999976e-02 3.972915999999999948e-02
2.926000000000000156e+01 9.020585000000000409e-02 5.853705000000000019e-02
2.926000000000000156e+01 1.352297000000000082e-01 1.060944999999999944e-01
2.926000000000000156e+01 2.038964000000000054e-01 1.702373000000000081e-01
2.926000000000000156e+01 3.056348999999999871e-01 2.553328999999999738e-01
2.926000000000000156e+01 4.586450999999999723e-01 3.576290999999999776e-01
2.926000000000000156e+01 6.883943999999999619e-01 4.830364999999999798e-01
2.926000000000000156e+01 1.032767999999999908e+00 5.835700000000000331e-01
2.926000000000000156e+01 1.549323000000000006e+00 6.495817999999999870e-01
2.926000000000000156e+01 2.237315999999999860e+00 7.420021999999999451e-01
2.926000000000000156e+01 2.922752000000000017e+00 8.475797999999999943e-01
3.076999999999999957e+01 2.628257999999999983e-02 2.357746999999999815e+00
3.076999999999999957e+01 4.415427999999999714e-02 5.892934999999999590e+00
3.076999999999999957e+01 6.232185999999999976e-02 1.614669999999999916e+01
3.076999999999999957e+01 9.020585000000000409e-02 2.317381999999999920e+01
3.076999999999999957e+01 1.352297000000000082e-01 4.262424000000000035e+01
3.076999999999999957e+01 2.038964000000000054e-01 6.960639000000000465e+01
3.076999999999999957e+01 3.056348999999999871e-01 1.105677000000000021e+02
3.076999999999999957e+01 4.586450999999999723e-01 1.794478000000000009e+02
3.076999999999999957e+01 6.883943999999999619e-01 2.991675999999999931e+02
3.076999999999999957e+01 1.032767999999999908e+00 4.600249999999999773e+02
3.076999999999999957e+01 1.549323000000000006e+00 6.681675999999999931e+02
3.076999999999999957e+01 2.237315999999999860e+00 9.348328999999999951e+02
3.076999999999999957e+01 2.922752000000000017e+00 1.177550999999999931e+03
3.235999999999999943e+01 2.628257999999999983e-02 2.103976999999999986e+00
3.235999999999999943e+01 4.415427999999999714e-02 5.275750000000000384e+00
3.235999999999999943e+01 6.232185999999999976e-02 1.434750000000000014e+01
3.235999999999999943e+01 9.020585000000000409e-02 2.051288999999999874e+01
3.235999999999999943e+01 1.352297000000000082e-01 3.781307000000000329e+01
3.235999999999999943e+01 2.038964000000000054e-01 6.199007999999999896e+01
3.235999999999999943e+01 3.056348999999999871e-01 9.933608999999999867e+01
3.235999999999999943e+01 4.586450999999999723e-01 1.627743000000000109e+02
3.235999999999999943e+01 6.883943999999999619e-01 2.688315000000000055e+02
3.235999999999999943e+01 1.032767999999999908e+00 4.074863000000000284e+02
3.235999999999999943e+01 1.549323000000000006e+00 5.890620000000000118e+02
3.235999999999999943e+01 2.237315999999999860e+00 8.313903999999999996e+02
3.235999999999999943e+01 2.922752000000000017e+00 1.074940000000000055e+03
3.403000000000000114e+01 2.628257999999999983e-02 1.889259000000000022e+00
3.403000000000000114e+01 4.415427999999999714e-02 4.731662000000000035e+00
3.403000000000000114e+01 6.232185999999999976e-02 1.279912999999999990e+01
3.403000000000000114e+01 9.020585000000000409e-02 1.820947999999999922e+01
3.403000000000000114e+01 1.352297000000000082e-01 3.360452999999999690e+01
3.403000000000000114e+01 2.038964000000000054e-01 5.536101000000000028e+01
3.403000000000000114e+01 3.056348999999999871e-01 8.959251000000000431e+01
3.403000000000000114e+01 4.586450999999999723e-01 1.474892000000000110e+02
3.403000000000000114e+01 6.883943999999999619e-01 2.404625000000000057e+02
3.403000000000000114e+01 1.032767999999999908e+00 3.590708999999999946e+02
3.403000000000000114e+01 1.549323000000000006e+00 5.171081000000000358e+02
3.403000000000000114e+01 2.237315999999999860e+00 7.372519999999999527e+02
3.403000000000000114e+01 2.922752000000000017e+00 9.712414999999999736e+02
6.000000000000000000e+00 2.628257999999999983e-02 5.120394999999999808e-01
6.000000000000000000e+00 4.415427999999999714e-02 1.597455000000000069e+00
6.000000000000000000e+00 6.232185999999999976e-02 2.868030000000000079e+00
6.000000000000000000e+00 9.020585000000000409e-02 4.608653000000000333e+00
6.000000000000000000e+00 1.352297000000000082e-01 9.239466000000000179e+00
6.000000000000000000e+00 2.038964000000000054e-01 1.322234000000000087e+01
6.000000000000000000e+00 3.056348999999999871e-01 1.424707000000000079e+01
6.000000000000000000e+00 4.586450999999999723e-01 1.521773999999999916e+01
6.000000000000000000e+00 6.883943999999999619e-01 1.683406000000000091e+01
6.000000000000000000e+00 1.032767999999999908e+00 1.938091999999999970e+01
6.000000000000000000e+00 1.549323000000000006e+00 2.400941999999999865e+01
6.000000000000000000e+00 2.237315999999999860e+00 3.628864999999999696e+01
6.000000000000000000e+00 2.922752000000000017e+00 5.618936999999999671e+01
6.349999999999999645e+00 2.628257999999999983e-02 3.716029000000000138e-01
6.349999999999999645e+00 4.415427999999999714e-02 1.187912999999999997e+00
6.349999999999999645e+00 6.232185999999999976e-02 2.108693000000000151e+00
6.349999999999999645e+00 9.020585000000000409e-02 3.441660000000000164e+00
6.349999999999999645e+00 1.352297000000000082e-01 7.435940999999999690e+00
6.349999999999999645e+00 2.038964000000000054e-01 1.233752999999999922e+01
6.349999999999999645e+00 3.056348999999999871e-01 1.485182999999999964e+01
6.349999999999999645e+00 4.586450999999999723e-01 1.708504999999999896e+01
6.349999999999999645e+00 6.883943999999999619e-01 1.951945999999999870e+01
6.349999999999999645e+00 1.032767999999999908e+00 2.278811999999999927e+01
6.349999999999999645e+00 1.549323000000000006e+00 2.823284999999999911e+01
6.349999999999999645e+00 2.237315999999999860e+00 4.255151999999999646e+01
6.349999999999999645e+00 2.922752000000000017e+00 6.524081999999999937e+01
6.719999999999999751e+00 2.628257999999999983e-02 2.209830999999999879e-01
6.719999999999999751e+00 4.415427999999999714e-02 7.985432999999999559e-01
6.719999999999999751e+00 6.232185999999999976e-02 1.427585000000000104e+00
6.719999999999999751e+00 9.020585000000000409e-02 2.469298999999999911e+00
6.719999999999999751e+00 1.352297000000000082e-01 5.587424999999999642e+00
6.719999999999999751e+00 2.038964000000000054e-01 1.076501999999999981e+01
6.719999999999999751e+00 3.056348999999999871e-01 1.459932000000000052e+01
6.719999999999999751e+00 4.586450999999999723e-01 1.830339999999999989e+01
6.719999999999999751e+00 6.883943999999999619e-01 2.181437999999999988e+01
6.719999999999999751e+00 1.032767999999999908e+00 2.592252999999999830e+01
6.719999999999999751e+00 1.549323000000000006e+00 3.206728999999999985e+01
6.719999999999999751e+00 2.237315999999999860e+00 4.808829000000000065e+01
6.719999999999999751e+00 2.922752000000000017e+00 7.313697999999999411e+01
7.099999999999999645e+00 2.628257999999999983e-02 1.088524000000000019e-01
7.099999999999999645e+00 4.415427999999999714e-02 4.766700999999999855e-01
7.099999999999999645e+00 6.232185999999999976e-02 9.252046999999999910e-01
7.099999999999999645e+00 9.020585000000000409e-02 1.759142999999999901e+00
7.099999999999999645e+00 1.352297000000000082e-01 4.254730999999999597e+00
7.099999999999999645e+00 2.038964000000000054e-01 8.975834000000000756e+00
7.099999999999999645e+00 3.056348999999999871e-01 1.374540999999999968e+01
7.099999999999999645e+00 4.586450999999999723e-01 1.880770000000000053e+01
7.099999999999999645e+00 6.883943999999999619e-01 2.352258000000000138e+01
7.099999999999999645e+00 1.032767999999999908e+00 2.841319000000000017e+01
7.099999999999999645e+00 1.549323000000000006e+00 3.518927000000000049e+01
7.099999999999999645e+00 2.237315999999999860e+00 5.254807999999999879e+01
7.099999999999999645e+00 2.922752000000000017e+00 7.944207000000000107e+01
7.509999999999999787e+00 2.628257999999999983e-02 4.739796999999999760e-02
7.509999999999999787e+00 4.415427999999999714e-02 2.672477999999999798e-01
7.509999999999999787e+00 6.232185999999999976e-02 6.146038000000000334e-01
7.509999999999999787e+00 9.020585000000000409e-02 1.320656000000000052e+00
7.509999999999999787e+00 1.352297000000000082e-01 3.342678999999999956e+00
7.509999999999999787e+00 2.038964000000000054e-01 7.321221000000000423e+00
7.509999999999999787e+00 3.056348999999999871e-01 1.259289000000000058e+01
7.509999999999999787e+00 4.586450999999999723e-01 1.882641999999999882e+01
7.509999999999999787e+00 6.883943999999999619e-01 2.459909999999999997e+01
7.509999999999999787e+00 1.032767999999999908e+00 3.018943000000000154e+01
7.509999999999999787e+00 1.549323000000000006e+00 3.748100999999999772e+01
7.509999999999999787e+00 2.237315999999999860e+00 5.573205000000000098e+01
7.509999999999999787e+00 2.922752000000000017e+00 8.370884999999999820e+01
7.929999999999999716e+00 2.628257999999999983e-02 4.100158000000000275e-02
7.929999999999999716e+00 4.415427999999999714e-02 1.691024999999999889e-01
7.929999999999999716e+00 6.232185999999999976e-02 5.245296000000000403e-01
7.929999999999999716e+00 9.020585000000000409e-02 1.173124999999999973e+00
7.929999999999999716e+00 1.352297000000000082e-01 2.870352000000000015e+00
7.929999999999999716e+00 2.038964000000000054e-01 6.190510999999999875e+00
7.929999999999999716e+00 3.056348999999999871e-01 1.137445999999999913e+01
7.929999999999999716e+00 4.586450999999999723e-01 1.833180000000000121e+01
7.929999999999999716e+00 6.883943999999999619e-01 2.511261999999999972e+01
7.929999999999999716e+00 1.032767999999999908e+00 3.122050000000000125e+01
7.929999999999999716e+00 1.549323000000000006e+00 3.879554000000000258e+01
7.929999999999999716e+00 2.237315999999999860e+00 5.725536999999999921e+01
7.929999999999999716e+00 2.922752000000000017e+00 8.467928000000000566e+01
8.380000000000000782e+00 2.628257999999999983e-02 9.812297999999999853e-02
8.380000000000000782e+00 4.415427999999999714e-02 1.998862999999999890e-01
8.380000000000000782e+00 6.232185999999999976e-02 6.720819000000000099e-01
8.380000000000000782e+00 9.020585000000000409e-02 1.285061999999999927e+00
8.380000000000000782e+00 1.352297000000000082e-01 2.771783999999999804e+00
8.380000000000000782e+00 2.038964000000000054e-01 5.586228000000000193e+00
8.380000000000000782e+00 3.056348999999999871e-01 1.045010000000000083e+01
8.380000000000000782e+00 4.586450999999999723e-01 1.750215999999999994e+01
8.380000000000000782e+00 6.883943999999999619e-01 2.485690999999999917e+01
8.380000000000000782e+00 1.032767999999999908e+00 3.121690999999999860e+01
8.380000000000000782e+00 1.549323000000000006e+00 3.897205999999999904e+01
8.380000000000000782e+00 2.237315999999999860e+00 5.722052000000000049e+01
8.380000000000000782e+00 2.922752000000000017e+00 8.317242000000000246e+01
8.849999999999999645e+00 2.628257999999999983e-02 2.181685999999999903e-01
8.849999999999999645e+00 4.415427999999999714e-02 3.813288000000000233e-01
8.849999999999999645e+00 6.232185999999999976e-02 1.041179000000000077e+00
8.849999999999999645e+00 9.020585000000000409e-02 1.614932999999999952e+00
8.849999999999999645e+00 1.352297000000000082e-01 3.060769000000000073e+00
8.849999999999999645e+00 2.038964000000000054e-01 5.485907000000000089e+00
8.849999999999999645e+00 3.056348999999999871e-01 9.990524000000000626e+00
8.849999999999999645e+00 4.586450999999999723e-01 1.652058999999999855e+01
8.849999999999999645e+00 6.883943999999999619e-01 2.385427999999999926e+01
8.849999999999999645e+00 1.032767999999999908e+00 3.017702999999999847e+01
8.849999999999999645e+00 1.549323000000000006e+00 3.771016999999999797e+01
8.849999999999999645e+00 2.237315999999999860e+00 5.516570000000000107e+01
8.849999999999999645e+00 2.922752000000000017e+00 7.903037000000000489e+01
9.339999999999999858e+00 2.628257999999999983e-02 4.164374000000000131e-01
9.339999999999999858e+00 4.415427999999999714e-02 7.161653000000000047e-01
9.339999999999999858e+00 6.232185999999999976e-02 1.630778000000000061e+00
9.339999999999999858e+00 9.020585000000000409e-02 2.183002000000000109e+00
9.339999999999999858e+00 1.352297000000000082e-01 3.638282999999999934e+00
9.339999999999999858e+00 2.038964000000000054e-01 5.775811000000000028e+00
9.339999999999999858e+00 3.056348999999999871e-01 9.792415000000000092e+00
9.339999999999999858e+00 4.586450999999999723e-01 1.542379000000000033e+01
9.339999999999999858e+00 6.883943999999999619e-01 2.229723999999999862e+01
9.339999999999999858e+00 1.032767999999999908e+00 2.821430000000000149e+01
9.339999999999999858e+00 1.549323000000000006e+00 3.523044000000000153e+01
9.339999999999999858e+00 2.237315999999999860e+00 5.103810000000000002e+01
9.339999999999999858e+00 2.922752000000000017e+00 7.175391000000000474e+01
9.859999999999999432e+00 2.628257999999999983e-02 7.208833999999999520e-01
9.859999999999999432e+00 4.415427999999999714e-02 1.251535000000000064e+00
9.859999999999999432e+00 6.232185999999999976e-02 2.460428999999999977e+00
9.859999999999999432e+00 9.020585000000000409e-02 2.971560000000000201e+00
9.859999999999999432e+00 1.352297000000000082e-01 4.474521000000000193e+00
9.859999999999999432e+00 2.038964000000000054e-01 6.319014000000000131e+00
9.859999999999999432e+00 3.056348999999999871e-01 9.647992000000000345e+00
9.859999999999999432e+00 4.586450999999999723e-01 1.420051999999999914e+01
9.859999999999999432e+00 6.883943999999999619e-01 1.999226000000000170e+01
9.859999999999999432e+00 1.032767999999999908e+00 2.510257999999999967e+01
9.859999999999999432e+00 1.549323000000000006e+00 3.135170000000000101e+01
9.859999999999999432e+00 2.237315999999999860e+00 4.500303000000000253e+01
9.859999999999999432e+00 2.922752000000000017e+00 6.183317000000000263e+01
