1.040000000000000036e+01 2.628257999999999983e-02 2.212345000000000006e+00
1.040000000000000036e+01 4.415427999999999714e-02 2.826693000000000122e+00
1.040000000000000036e+01 6.232185999999999976e-02 2.831405999999999867e+00
1.040000000000000036e+01 9.020585000000000409e-02 2.239812999999999832e+00
1.040000000000000036e+01 1.352297000000000082e-01 2.053795000000000037e+00
1.040000000000000036e+01 2.038964000000000054e-01 3.291955000000000187e+00
1.040000000000000036e+01 3.056348999999999871e-01 5.277396999999999672e+00
1.040000000000000036e+01 4.586450999999999723e-01 6.956826999999999650e+00
1.040000000000000036e+01 6.883943999999999619e-01 7.993318000000000367e+00
1.040000000000000036e+01 1.032767999999999908e+00 9.041928000000000409e+00
1.040000000000000036e+01 1.549323000000000006e+00 1.120578000000000074e+01
1.040000000000000036e+01 2.237315999999999860e+00 1.768380000000000152e+01
1.040000000000000036e+01 2.922752000000000017e+00 2.779791000000000167e+01
1.097000000000000064e+01 2.628257999999999983e-02 7.705422000000000438e+00
1.097000000000000064e+01 4.415427999999999714e-02 1.136337999999999937e+01
1.097000000000000064e+01 6.232185999999999976e-02 1.212373999999999974e+01
1.097000000000000064e+01 9.020585000000000409e-02 9.113243999999999900e+00
1.097000000000000064e+01 1.352297000000000082e-01 5.859599000000000224e+00
1.097000000000000064e+01 2.038964000000000054e-01 3.298827000000000176e+00
1.097000000000000064e+01 3.056348999999999871e-01 2.637379999999999836e+00
1.097000000000000064e+01 4.586450999999999723e-01 2.802976000000000134e+00
1.097000000000000064e+01 6.883943999999999619e-01 3.055740000000000123e+00
1.097000000000000064e+01 1.032767999999999908e+00 3.335538000000000114e+00
1.097000000000000064e+01 1.549323000000000006e+00 4.154048999999999658e+00
1.097000000000000064e+01 2.237315999999999860e+00 6.644233999999999973e+00
1.097000000000000064e+01 2.922752000000000017e+00 1.051764999999999972e+01
1.157000000000000028e+01 2.628257999999999983e-02 2.019121000000000166e+01
1.157000000000000028e+01 4.415427999999999714e-02 3.165649000000000157e+01
1.157000000000000028e+01 6.232185999999999976e-02 3.476225999999999772e+01
1.157000000000000028e+01 9.020585000000000409e-02 2.683145000000000024e+01
1.157000000000000028e+01 1.352297000000000082e-01 1.819425999999999988e+01
1.157000000000000028e+01 2.038964000000000054e-01 1.015375000000000050e+01
1.157000000000000028e+01 3.056348999999999871e-01 6.369228999999999807e+00
1.157000000000000028e+01 4.586450999999999723e-01 5.677012000000000391e+00
1.157000000000000028e+01 6.883943999999999619e-01 6.741995000000000182e+00
1.157000000000000028e+01 1.032767999999999908e+00 8.514820000000000277e+00
1.157000000000000028e+01 1.549323000000000006e+00 1.205579999999999963e+01
1.157000000000000028e+01 2.237315999999999860e+00 1.766766000000000147e+01
1.157000000000000028e+01 2.922752000000000017e+00 2.183257000000000048e+01
1.219999999999999929e+01 2.628257999999999983e-02 4.464171999999999940e+01
1.219999999999999929e+01 4.415427999999999714e-02 7.246029000000000053e+01
1.219999999999999929e+01 6.232185999999999976e-02 8.036617999999999995e+01
1.219999999999999929e+01 9.020585000000000409e-02 6.319386999999999688e+01
1.219999999999999929e+01 1.352297000000000082e-01 4.458755000000000024e+01
1.219999999999999929e+01 2.038964000000000054e-01 2.706099000000000032e+01
1.219999999999999929e+01 3.056348999999999871e-01 2.069922000000000040e+01
1.219999999999999929e+01 4.586450999999999723e-01 2.466507999999999967e+01
1.219999999999999929e+01 6.883943999999999619e-01 3.358185000000000286e+01
1.219999999999999929e+01 1.032767999999999908e+00 4.528772000000000020e+01
1.219999999999999929e+01 1.549323000000000006e+00 6.568090999999999724e+01
1.219999999999999929e+01 2.237315999999999860e+00 9.474108999999999980e+01
1.219999999999999929e+01 2.922752000000000017e+00 1.139505000000000052e+02
1.285999999999999943e+01 2.628257999999999983e-02 7.982558000000000220e+01
1.285999999999999943e+01 4.415427999999999714e-02 1.334444000000000017e+02
1.285999999999999943e+01 6.232185999999999976e-02 1.491452999999999918e+02
1.285999999999999943e+01 9.020585000000000409e-02 1.192852000000000032e+02
1.285999999999999943e+01 1.352297000000000082e-01 8.707120000000000459e+01
1.285999999999999943e+01 2.038964000000000054e-01 5.707538999999999874e+01
1.285999999999999943e+01 3.056348999999999871e-01 5.184872000000000014e+01
1.285999999999999943e+01 4.586450999999999723e-01 7.347471000000000174e+01
1.285999999999999943e+01 6.883943999999999619e-01 1.065998000000000019e+02
1.285999999999999943e+01 1.032767999999999908e+00 1.480055999999999869e+02
1.285999999999999943e+01 1.549323000000000006e+00 2.190641999999999996e+02
1.285999999999999943e+01 2.237315999999999860e+00 3.132404999999999973e+02
1.285999999999999943e+01 2.922752000000000017e+00 3.683462999999999852e+02
1.355000000000000071e+01 2.628257999999999983e-02 1.090156999999999954e+02
1.355000000000000071e+01 4.415427999999999714e-02 1.876479999999999961e+02
1.355000000000000071e+01 6.232185999999999976e-02 2.115529999999999973e+02
1.355000000000000071e+01 9.020585000000000409e-02 1.727419999999999902e+02
1.355000000000000071e+01 1.352297000000000082e-01 1.329637999999999920e+02
1.355000000000000071e+01 2.038964000000000054e-01 9.658970999999999663e+01
1.355000000000000071e+01 3.056348999999999871e-01 1.033717000000000041e+02
1.355000000000000071e+01 4.586450999999999723e-01 1.631039000000000101e+02
1.355000000000000071e+01 6.883943999999999619e-01 2.466681000000000097e+02
1.355000000000000071e+01 1.032767999999999908e+00 3.514682000000000244e+02
1.355000000000000071e+01 1.549323000000000006e+00 5.326133999999999560e+02
1.355000000000000071e+01 2.237315999999999860e+00 7.592297999999999547e+02
1.355000000000000071e+01 2.922752000000000017e+00 8.704497999999999820e+02
1.427999999999999936e+01 2.628257999999999983e-02 1.031263000000000005e+02
1.427999999999999936e+01 4.415427999999999714e-02 1.839275000000000091e+02
1.427999999999999936e+01 6.232185999999999976e-02 2.083125000000000000e+02
1.427999999999999936e+01 9.020585000000000409e-02 1.767368999999999915e+02
1.427999999999999936e+01 1.352297000000000082e-01 1.489130999999999858e+02
1.427999999999999936e+01 2.038964000000000054e-01 1.297653999999999996e+02
1.427999999999999936e+01 3.056348999999999871e-01 1.686827999999999861e+02
1.427999999999999936e+01 4.586450999999999723e-01 2.847205999999999904e+02
1.427999999999999936e+01 6.883943999999999619e-01 4.431453999999999951e+02
1.427999999999999936e+01 1.032767999999999908e+00 6.470982000000000198e+02
1.427999999999999936e+01 1.549323000000000006e+00 1.000292000000000030e+03
1.427999999999999936e+01 2.237315999999999860e+00 1.404978000000000065e+03
1.427999999999999936e+01 2.922752000000000017e+00 1.574936999999999898e+03
1.505000000000000071e+01 2.628257999999999983e-02 5.906519999999999726e+01
1.505000000000000071e+01 4.415427999999999714e-02 1.113301000000000016e+02
1.505000000000000071e+01 6.232185999999999976e-02 1.254012000000000029e+02
1.505000000000000071e+01 9.020585000000000409e-02 1.149728000000000065e+02
1.505000000000000071e+01 1.352297000000000082e-01 1.173652000000000015e+02
1.505000000000000071e+01 2.038964000000000054e-01 1.417582999999999913e+02
1.505000000000000071e+01 3.056348999999999871e-01 2.287478999999999871e+02
1.505000000000000071e+01 4.586450999999999723e-01 4.024112000000000080e+02
1.505000000000000071e+01 6.883943999999999619e-01 6.381996000000000322e+02
1.505000000000000071e+01 1.032767999999999908e+00 9.603668999999999869e+02
1.505000000000000071e+01 1.549323000000000006e+00 1.511333000000000084e+03
1.505000000000000071e+01 2.237315999999999860e+00 2.074788000000000011e+03
1.505000000000000071e+01 2.922752000000000017e+00 2.272278999999999996e+03
1.584999999999999964e+01 2.628257999999999983e-02 1.559150999999999954e+01
1.584999999999999964e+01 4.415427999999999714e-02 3.362095000000000056e+01
1.584999999999999964e+01 6.232185999999999976e-02 3.906927999999999912e+01
1.584999999999999964e+01 9.020585000000000409e-02 4.633117000000000019e+01
1.584999999999999964e+01 1.352297000000000082e-01 7.557653000000000532e+01
1.584999999999999964e+01 2.038964000000000054e-01 1.404918999999999869e+02
1.584999999999999964e+01 3.056348999999999871e-01 2.682436000000000149e+02
1.584999999999999964e+01 4.586450999999999723e-01 4.731566000000000258e+02
1.584999999999999964e+01 6.883943999999999619e-01 7.602994999999999663e+02
1.584999999999999964e+01 1.032767999999999908e+00 1.175534000000000106e+03
1.584999999999999964e+01 1.549323000000000006e+00 1.892819999999999936e+03
1.584999999999999964e+01 2.237315999999999860e+00 2.566445999999999913e+03
1.584999999999999964e+01 2.922752000000000017e+00 2.726938999999999851e+03
1.669000000000000128e+01 2.628257999999999983e-02 9.803507000000000193e-01
1.669000000000000128e+01 4.415427999999999714e-02 4.144768000000000008e+00
1.669000000000000128e+01 6.232185999999999976e-02 1.578561999999999976e+01
1.669000000000000128e+01 9.020585000000000409e-02 3.034275999999999840e+01
1.669000000000000128e+01 1.352297000000000082e-01 7.251856999999999687e+01
1.669000000000000128e+01 2.038964000000000054e-01 1.508708000000000027e+02
1.669000000000000128e+01 3.056348999999999871e-01 2.873473000000000184e+02
1.669000000000000128e+01 4.586450999999999723e-01 4.833944999999999936e+02
1.669000000000000128e+01 6.883943999999999619e-01 7.727433999999999514e+02
1.669000000000000128e+01 1.032767999999999908e+00 1.227182999999999993e+03
1.669000000000000128e+01 1.549323000000000006e+00 2.005181000000000040e+03
1.669000000000000128e+01 2.237315999999999860e+00 2.688492999999999938e+03
1.669000000000000128e+01 2.922752000000000017e+00 2.769400999999999840e+03
1.757000000000000028e+01 2.628257999999999983e-02 1.236533000000000015e+01
1.757000000000000028e+01 4.415427999999999714e-02 1.976439999999999841e+01
1.757000000000000028e+01 6.232185999999999976e-02 4.804863000000000284e+01
1.757000000000000028e+01 9.020585000000000409e-02 6.312281000000000120e+01
1.757000000000000028e+01 1.352297000000000082e-01 1.086688999999999936e+02
1.757000000000000028e+01 2.038964000000000054e-01 1.780407999999999902e+02
1.757000000000000028e+01 3.056348999999999871e-01 2.876451999999999884e+02
1.757000000000000028e+01 4.586450999999999723e-01 4.411141999999999825e+02
1.757000000000000028e+01 6.883943999999999619e-01 6.870055999999999585e+02
1.757000000000000028e+01 1.032767999999999908e+00 1.105597999999999956e+03
1.757000000000000028e+01 1.549323000000000006e+00 1.817035000000000082e+03
1.757000000000000028e+01 2.237315999999999860e+00 2.397088000000000193e+03
1.757000000000000028e+01 2.922752000000000017e+00 2.423340999999999894e+03
1.850000000000000000e+01 2.628257999999999983e-02 4.075065000000000026e+01
1.850000000000000000e+01 4.415427999999999714e-02 6.270096999999999809e+01
1.850000000000000000e+01 6.232185999999999976e-02 1.086594000000000051e+02
1.850000000000000000e+01 9.020585000000000409e-02 1.192048999999999950e+02
1.850000000000000000e+01 1.352297000000000082e-01 1.627259999999999991e+02
1.850000000000000000e+01 2.038964000000000054e-01 2.131317999999999984e+02
1.850000000000000000e+01 3.056348999999999871e-01 2.798770999999999844e+02
1.850000000000000000e+01 4.586450999999999723e-01 3.745509000000000128e+02
1.850000000000000000e+01 6.883943999999999619e-01 5.497586000000000013e+02
1.850000000000000000e+01 1.032767999999999908e+00 8.744185999999999694e+02
1.850000000000000000e+01 1.549323000000000006e+00 1.428949000000000069e+03
1.850000000000000000e+01 2.237315999999999860e+00 1.844357999999999947e+03
1.850000000000000000e+01 2.922752000000000017e+00 1.804952999999999975e+03
1.948000000000000043e+01 2.628257999999999983e-02 7.254685000000000628e+01
1.948000000000000043e+01 4.415427999999999714e-02 1.097031999999999954e+02
1.948000000000000043e+01 6.232185999999999976e-02 1.652692000000000121e+02
1.948000000000000043e+01 9.020585000000000409e-02 1.664988999999999919e+02
1.948000000000000043e+01 1.352297000000000082e-01 1.994732999999999947e+02
1.948000000000000043e+01 2.038964000000000054e-01 2.237423000000000002e+02
1.948000000000000043e+01 3.056348999999999871e-01 2.416602000000000032e+02
1.948000000000000043e+01 4.586450999999999723e-01 2.729814000000000078e+02
1.948000000000000043e+01 6.883943999999999619e-01 3.596367000000000189e+02
1.948000000000000043e+01 1.032767999999999908e+00 5.512509000000000015e+02
1.948000000000000043e+01 1.549323000000000006e+00 8.896408000000000129e+02
1.948000000000000043e+01 2.237315999999999860e+00 1.145613000000000056e+03
1.948000000000000043e+01 2.922752000000000017e+00 1.141441000000000031e+03
2.050000000000000000e+01 2.628257999999999983e-02 8.171930999999999301e+01
2.050000000000000000e+01 4.415427999999999714e-02 1.247072000000000003e+02
2.050000000000000000e+01 6.232185999999999976e-02 1.767435000000000116e+02
2.050000000000000000e+01 9.020585000000000409e-02 1.719786000000000001e+02
2.050000000000000000e+01 1.352297000000000082e-01 1.943101000000000056e+02
2.050000000000000000e+01 2.038964000000000054e-01 2.000046000000000106e+02
2.050000000000000000e+01 3.056348999999999871e-01 1.859641000000000020e+02
2.050000000000000000e+01 4.586450999999999723e-01 1.756420999999999992e+02
2.050000000000000000e+01 6.883943999999999619e-01 1.916324999999999932e+02
2.050000000000000000e+01 1.032767999999999908e+00 2.640419999999999732e+02
2.050000000000000000e+01 1.549323000000000006e+00 4.101847999999999956e+02
2.050000000000000000e+01 2.237315999999999860e+00 5.250987999999999829e+02
2.050000000000000000e+01 2.922752000000000017e+00 5.342020999999999731e+02
2.157999999999999829e+01 2.628257999999999983e-02 4.950724999999999909e+01
2.157999999999999829e+01 4.415427999999999714e-02 7.879637999999999920e+01
2.157999999999999829e+01 6.232185999999999976e-02 1.123568000000000069e+02
2.157999999999999829e+01 9.020585000000000409e-02 1.115133000000000010e+02
2.157999999999999829e+01 1.352297000000000082e-01 1.284474999999999909e+02
2.157999999999999829e+01 2.038964000000000054e-01 1.328310999999999922e+02
2.157999999999999829e+01 3.056348999999999871e-01 1.182460999999999984e+02
2.157999999999999829e+01 4.586450999999999723e-01 1.024222000000000037e+02
2.157999999999999829e+01 6.883943999999999619e-01 9.123036000000000456e+01
2.157999999999999829e+01 1.032767999999999908e+00 1.008011000000000053e+02
2.157999999999999829e+01 1.549323000000000006e+00 1.421056000000000097e+02
2.157999999999999829e+01 2.237315999999999860e+00 1.791281999999999925e+02
2.157999999999999829e+01 2.922752000000000017e+00 1.848228000000000009e+02
2.271000000000000085e+01 2.628257999999999983e-02 1.660202999999999918e+01
2.271000000000000085e+01 4.415427999999999714e-02 2.811081000000000074e+01
2.271000000000000085e+01 6.232185999999999976e-02 4.181452000000000169e+01
2.271000000000000085e+01 9.020585000000000409e-02 4.404778000000000304e+01
2.271000000000000085e+01 1.352297000000000082e-01 5.457665999999999684e+01
2.271000000000000085e+01 2.038964000000000054e-01 6.115659999999999741e+01
2.271000000000000085e+01 3.056348999999999871e-01 5.814130999999999716e+01
2.271000000000000085e+01 4.586450999999999723e-01 5.269742000000000104e+01
2.271000000000000085e+01 6.883943999999999619e-01 4.318478000000000350e+01
2.271000000000000085e+01 1.032767999999999908e+00 3.649553999999999832e+01
2.271000000000000085e+01 1.549323000000000006e+00 4.147455000000000069e+01
2.271000000000000085e+01 2.237315999999999860e+00 4.975921999999999912e+01
2.271000000000000085e+01 2.922752000000000017e+00 5.216756000000000171e+01
2.389000000000000057e+01 2.628257999999999983e-02 3.468513000000000179e+00
2.389000000000000057e+01 4.415427999999999714e-02 6.312075000000000102e+00
2.389000000000000057e+01 6.232185999999999976e-02 1.001258999999999943e+01
2.389000000000000057e+01 9.020585000000000409e-02 1.146199999999999974e+01
2.389000000000000057e+01 1.352297000000000082e-01 1.578888000000000069e+01
2.389000000000000057e+01 2.038964000000000054e-01 2.002211000000000141e+01
2.389000000000000057e+01 3.056348999999999871e-01 2.177261000000000024e+01
2.389000000000000057e+01 4.586450999999999723e-01 2.272521000000000058e+01
2.389000000000000057e+01 6.883943999999999619e-01 2.038404999999999845e+01
2.389000000000000057e+01 1.032767999999999908e+00 1.566618000000000066e+01
2.389000000000000057e+01 1.549323000000000006e+00 1.386940000000000062e+01
2.389000000000000057e+01 2.237315999999999860e+00 1.528908000000000023e+01
2.389000000000000057e+01 2.922752000000000017e+00 1.651320000000000121e+01
2.514000000000000057e+01 2.628257999999999983e-02 5.218920999999999699e-01
2.514000000000000057e+01 4.415427999999999714e-02 1.025392000000000081e+00
2.514000000000000057e+01 6.232185999999999976e-02 1.764615000000000045e+00
2.514000000000000057e+01 9.020585000000000409e-02 2.227003999999999984e+00
2.514000000000000057e+01 1.352297000000000082e-01 3.498482999999999787e+00
2.514000000000000057e+01 2.038964000000000054e-01 5.133435000000000414e+00
2.514000000000000057e+01 3.056348999999999871e-01 6.622073999999999572e+00
2.514000000000000057e+01 4.586450999999999723e-01 8.267832999999999544e+00
2.514000000000000057e+01 6.883943999999999619e-01 8.840379000000000431e+00
2.514000000000000057e+01 1.032767999999999908e+00 7.543517999999999724e+00
2.514000000000000057e+01 1.549323000000000006e+00 6.120674000000000170e+00
2.514000000000000057e+01 2.237315999999999860e+00 6.583274000000000292e+00
2.514000000000000057e+01 2.922752000000000017e+00 7.537094999999999878e+00
2.644000000000000128e+01 2.628257999999999983e-02 7.522413999999999490e-02
2.644000000000000128e+01 4.415427999999999714e-02 1.616049999999999986e-01
2.644000000000000128e+01 6.232185999999999976e-02 3.016578999999999788e-01
2.644000000000000128e+01 9.020585000000000409e-02 4.101628999999999969e-01
2.644000000000000128e+01 1.352297000000000082e-01 7.117348000000000008e-01
2.644000000000000128e+01 2.038964000000000054e-01 1.173194000000000070e+00
2.644000000000000128e+01 3.056348999999999871e-01 1.763343000000000105e+00
2.644000000000000128e+01 4.586450999999999723e-01 2.625519999999999854e+00
2.644000000000000128e+01 6.883943999999999619e-01 3.430544999999999956e+00
2.644000000000000128e+01 1.032767999999999908e+00 3.569209999999999994e+00
2.644000000000000128e+01 1.549323000000000006e+00 3.090683999999999987e+00
2.644000000000000128e+01 2.237315999999999860e+00 3.448109000000000091e+00
2.644000000000000128e+01 2.922752000000000017e+00 4.168175999999999881e+00
2.782000000000000028e+01 2.628257999999999983e-02 1.649095999999999895e-02
2.782000000000000028e+01 4.415427999999999714e-02 3.911122000000000209e-02
2.782000000000000028e+01 6.232185999999999976e-02 7.840134999999999466e-02
2.782000000000000028e+01 9.020585000000000409e-02 1.113364000000000020e-01
2.782000000000000028e+01 1.352297000000000082e-01 1.993999999999999939e-01
2.782000000000000028e+01 2.038964000000000054e-01 3.398422999999999861e-01
2.782000000000000028e+01 3.056348999999999871e-01 5.464183000000000234e-01
2.782000000000000028e+01 4.586450999999999723e-01 8.952658999999999478e-01
2.782000000000000028e+01 6.883943999999999619e-01 1.367242999999999986e+00
2.782000000000000028e+01 1.032767999999999908e+00 1.739991999999999983e+00
2.782000000000000028e+01 1.549323000000000006e+00 1.762234000000000078e+00
2.782000000000000028e+01 2.237315999999999860e+00 2.061993000000000187e+00
2.782000000000000028e+01 2.922752000000000017e+00 2.594933999999999852e+00
2.926000000000000156e+01 2.628257999999999983e-02 9.214270999999999573e-03
2.926000000000000156e+01 4.415427999999999714e-02 2.309736999999999901e-02
2.926000000000000156e+01 6.232185999999999976e-02 4.951962000000000030e-02
2.926000000000000156e+01 9.020585000000000409e-02 7.236154000000000197e-02
2.926000000000000156e+01 1.352297000000000082e-01 1.293729999999999880e-01
2.926000000000000156e+01 2.038964000000000054e-01 2.126747999999999972e-01
2.926000000000000156e+01 3.056348999999999871e-01 3.317204000000000264e-01
2.926000000000000156e+01 4.586450999999999723e-01 5.136724000000000290e-01
2.926000000000000156e+01 6.883943999999999619e-01 7.814750999999999781e-01
2.926000000000000156e+01 1.032767999999999908e+00 1.070480000000000098e+00
2.926000000000000156e+01 1.549323000000000006e+00 1.239830999999999905e+00
2.926000000000000156e+01 2.237315999999999860e+00 1.484437999999999924e+00
2.926000000000000156e+01 2.922752000000000017e+00 1.824416999999999955e+00
3.076999999999999957e+01 2.628257999999999983e-02 1.007114999999999920e-02
3.076999999999999957e+01 4.415427999999999714e-02 2.536439999999999875e-02
3.076999999999999957e+01 6.232185999999999976e-02 5.665519000000000110e-02
3.076999999999999957e+01 9.020585000000000409e-02 8.345466999999999469e-02
3.076999999999999957e+01 1.352297000000000082e-01 1.503407999999999967e-01
3.076999999999999957e+01 2.038964000000000054e-01 2.435856000000000132e-01
3.076999999999999957e+01 3.056348999999999871e-01 3.713208000000000064e-01
3.076999999999999957e+01 4.586450999999999723e-01 5.411502999999999730e-01
3.076999999999999957e+01 6.883943999999999619e-01 7.702814999999999523e-01
3.076999999999999957e+01 1.032767999999999908e+00 1.005781999999999954e+00
3.076999999999999957e+01 1.549323000000000006e+00 1.207149000000000028e+00
3.076999999999999957e+01 2.237315999999999860e+00 1.463640000000000052e+00
3.076999999999999957e+01 2.922752000000000017e+00 1.748521999999999910e+00
3.235999999999999943e+01 2.628257999999999983e-02 1.322108999999999958e-02
3.235999999999999943e+01 4.415427999999999714e-02 3.340825000000000045e-02
3.235999999999999943e+01 6.232185999999999976e-02 7.626702000000000481e-02
3.235999999999999943e+01 9.020585000000000409e-02 1.117997000000000019e-01
3.235999999999999943e+01 1.352297000000000082e-01 2.025199000000000027e-01
3.235999999999999943e+01 2.038964000000000054e-01 3.270418999999999965e-01
3.235999999999999943e+01 3.056348999999999871e-01 4.965609000000000273e-01
3.235999999999999943e+01 4.586450999999999723e-01 7.152178999999999620e-01
3.235999999999999943e+01 6.883943999999999619e-01 9.930683000000000149e-01
3.235999999999999943e+01 1.032767999999999908e+00 1.248493000000000075e+00
3.235999999999999943e+01 1.549323000000000006e+00 1.485338000000000047e+00
3.235999999999999943e+01 2.237315999999999860e+00 1.811517999999999962e+00
3.235999999999999943e+01 2.922752000000000017e+00 2.174710000000000143e+00
3.403000000000000114e+01 2.628257999999999983e-02 2.061411000000000104e+00
3.403000000000000114e+01 4.415427999999999714e-02 5.162838999999999956e+00
3.403000000000000114e+01 6.232185999999999976e-02 1.396441000000000088e+01
3.403000000000000114e+01 9.020585000000000409e-02 1.986757000000000062e+01
3.403000000000000114e+01 1.352297000000000082e-01 3.666405000000000314e+01
3.403000000000000114e+01 2.038964000000000054e-01 6.040037000000000234e+01
3.403000000000000114e+01 3.056348999999999871e-01 9.774412999999999840e+01
3.403000000000000114e+01 4.586450999999999723e-01 1.608968999999999880e+02
3.403000000000000114e+01 6.883943999999999619e-01 2.623018000000000143e+02
3.403000000000000114e+01 1.032767999999999908e+00 3.916539999999999964e+02
3.403000000000000114e+01 1.549323000000000006e+00 5.639986000000000104e+02
3.403000000000000114e+01 2.237315999999999860e+00 8.040777000000000498e+02
3.403000000000000114e+01 2.922752000000000017e+00 1.059263999999999896e+03
6.000000000000000000e+00 2.628257999999999983e-02 2.551348999999999978e-02
6.000000000000000000e+00 4.415427999999999714e-02 1.053545000000000037e-01
6.000000000000000000e+00 6.232185999999999976e-02 2.246548999999999907e-01
6.000000000000000000e+00 9.020585000000000409e-02 3.667412999999999923e-01
6.000000000000000000e+00 1.352297000000000082e-01 7.951475000000000071e-01
6.000000000000000000e+00 2.038964000000000054e-01 7.698987999999999943e-01
6.000000000000000000e+00 3.056348999999999871e-01 5.714291999999999705e-01
6.000000000000000000e+00 4.586450999999999723e-01 4.644598999999999811e-01
6.000000000000000000e+00 6.883943999999999619e-01 3.944109000000000087e-01
6.000000000000000000e+00 1.032767999999999908e+00 3.763601999999999781e-01
6.000000000000000000e+00 1.549323000000000006e+00 4.333146999999999971e-01
6.000000000000000000e+00 2.237315999999999860e+00 6.580620999999999832e-01
6.000000000000000000e+00 2.922752000000000017e+00 1.042469000000000090e+00
6.349999999999999645e+00 2.628257999999999983e-02 1.405365000000000086e-01
6.349999999999999645e+00 4.415427999999999714e-02 4.698866999999999905e-01
6.349999999999999645e+00 6.232185999999999976e-02 8.638339999999999907e-01
6.349999999999999645e+00 9.020585000000000409e-02 1.455438000000000009e+00
6.349999999999999645e+00 1.352297000000000082e-01 2.625515000000000043e+00
6.349999999999999645e+00 2.038964000000000054e-01 2.418321000000000165e+00
6.349999999999999645e+00 3.056348999999999871e-01 1.866859999999999964e+00
6.349999999999999645e+00 4.586450999999999723e-01 1.493230999999999975e+00
6.349999999999999645e+00 6.883943999999999619e-01 1.274922000000000111e+00
6.349999999999999645e+00 1.032767999999999908e+00 1.217130000000000045e+00
6.349999999999999645e+00 1.549323000000000006e+00 1.388555999999999901e+00
6.349999999999999645e+00 2.237315999999999860e+00 2.119950999999999919e+00
6.349999999999999645e+00 2.922752000000000017e+00 3.397882000000000069e+00
6.719999999999999751e+00 2.628257999999999983e-02 4.447462999999999833e-01
6.719999999999999751e+00 4.415427999999999714e-02 1.219546999999999937e+00
6.719999999999999751e+00 6.232185999999999976e-02 2.196251999999999871e+00
6.719999999999999751e+00 9.020585000000000409e-02 3.959335999999999967e+00
6.719999999999999751e+00 1.352297000000000082e-01 6.761963999999999864e+00
6.719999999999999751e+00 2.038964000000000054e-01 5.266220999999999819e+00
6.719999999999999751e+00 3.056348999999999871e-01 4.344846000000000430e+00
6.719999999999999751e+00 4.586450999999999723e-01 3.495998999999999857e+00
6.719999999999999751e+00 6.883943999999999619e-01 3.045898999999999912e+00
6.719999999999999751e+00 1.032767999999999908e+00 2.902607000000000159e+00
6.719999999999999751e+00 1.549323000000000006e+00 3.316168999999999922e+00
6.719999999999999751e+00 2.237315999999999860e+00 5.130817999999999657e+00
6.719999999999999751e+00 2.922752000000000017e+00 8.232416000000000622e+00
7.099999999999999645e+00 2.628257999999999983e-02 9.272023999999999821e-01
7.099999999999999645e+00 4.415427999999999714e-02 2.457408000000000037e+00
7.099999999999999645e+00 6.232185999999999976e-02 4.541106000000000087e+00
7.099999999999999645e+00 9.020585000000000409e-02 8.042540000000000688e+00
7.099999999999999645e+00 1.352297000000000082e-01 1.331347000000000058e+01
7.099999999999999645e+00 2.038964000000000054e-01 9.563969999999999416e+00
7.099999999999999645e+00 3.056348999999999871e-01 8.243769999999999598e+00
7.099999999999999645e+00 4.586450999999999723e-01 6.762368000000000379e+00
7.099999999999999645e+00 6.883943999999999619e-01 5.995727999999999724e+00
7.099999999999999645e+00 1.032767999999999908e+00 5.836824000000000012e+00
7.099999999999999645e+00 1.549323000000000006e+00 6.662201999999999735e+00
7.099999999999999645e+00 2.237315999999999860e+00 1.030292000000000030e+01
7.099999999999999645e+00 2.922752000000000017e+00 1.645558000000000121e+01
7.509999999999999787e+00 2.628257999999999983e-02 1.426021999999999901e+00
7.509999999999999787e+00 4.415427999999999714e-02 3.703647999999999829e+00
7.509999999999999787e+00 6.232185999999999976e-02 7.038043000000000049e+00
7.509999999999999787e+00 9.020585000000000409e-02 1.206725999999999921e+01
7.509999999999999787e+00 1.352297000000000082e-01 2.071952999999999889e+01
7.509999999999999787e+00 2.038964000000000054e-01 1.581378999999999913e+01
7.509999999999999787e+00 3.056348999999999871e-01 1.341586000000000034e+01
7.509999999999999787e+00 4.586450999999999723e-01 1.140304000000000073e+01
7.509999999999999787e+00 6.883943999999999619e-01 1.025295000000000023e+01
7.509999999999999787e+00 1.032767999999999908e+00 1.010515000000000008e+01
7.509999999999999787e+00 1.549323000000000006e+00 1.163551000000000002e+01
7.509999999999999787e+00 2.237315999999999860e+00 1.794452000000000069e+01
7.509999999999999787e+00 2.922752000000000017e+00 2.859016000000000091e+01
7.929999999999999716e+00 2.628257999999999983e-02 1.526968000000000103e+00
7.929999999999999716e+00 4.415427999999999714e-02 4.351638000000000339e+00
7.929999999999999716e+00 6.232185999999999976e-02 8.503237000000000378e+00
7.929999999999999716e+00 9.020585000000000409e-02 1.423395999999999972e+01
7.929999999999999716e+00 1.352297000000000082e-01 2.515934000000000026e+01
7.929999999999999716e+00 2.038964000000000054e-01 2.212745999999999924e+01
7.929999999999999716e+00 3.056348999999999871e-01 1.852518999999999849e+01
7.929999999999999716e+00 4.586450999999999723e-01 1.604147999999999996e+01
7.929999999999999716e+00 6.883943999999999619e-01 1.495205999999999946e+01
7.929999999999999716e+00 1.032767999999999908e+00 1.503912000000000049e+01
7.929999999999999716e+00 1.549323000000000006e+00 1.749024999999999963e+01
7.929999999999999716e+00 2.237315999999999860e+00 2.708621000000000123e+01
7.929999999999999716e+00 2.922752000000000017e+00 4.316161999999999921e+01
8.380000000000000782e+00 2.628257999999999983e-02 1.167448000000000041e+00
8.380000000000000782e+00 4.415427999999999714e-02 3.816694000000000031e+00
8.380000000000000782e+00 6.232185999999999976e-02 7.858133999999999730e+00
8.380000000000000782e+00 9.020585000000000409e-02 1.282807000000000031e+01
8.380000000000000782e+00 1.352297000000000082e-01 2.378736999999999924e+01
8.380000000000000782e+00 2.038964000000000054e-01 2.480233000000000132e+01
8.380000000000000782e+00 3.056348999999999871e-01 2.182574999999999932e+01
8.380000000000000782e+00 4.586450999999999723e-01 1.959844999999999970e+01
8.380000000000000782e+00 6.883943999999999619e-01 1.872037999999999869e+01
8.380000000000000782e+00 1.032767999999999908e+00 1.922015000000000029e+01
8.380000000000000782e+00 1.549323000000000006e+00 2.269123000000000090e+01
8.380000000000000782e+00 2.237315999999999860e+00 3.529043000000000063e+01
8.380000000000000782e+00 2.922752000000000017e+00 5.560878000000000299e+01
8.849999999999999645e+00 2.628257999999999983e-02 5.796012999999999860e-01
8.849999999999999645e+00 4.415427999999999714e-02 2.362646999999999942e+00
8.849999999999999645e+00 6.232185999999999976e-02 4.969021999999999828e+00
8.849999999999999645e+00 9.020585000000000409e-02 8.517087999999999326e+00
8.849999999999999645e+00 1.352297000000000082e-01 1.777265999999999835e+01
8.849999999999999645e+00 2.038964000000000054e-01 2.246199999999999974e+01
8.849999999999999645e+00 3.056348999999999871e-01 2.157863000000000042e+01
8.849999999999999645e+00 4.586450999999999723e-01 2.064846999999999966e+01
8.849999999999999645e+00 6.883943999999999619e-01 2.034012999999999849e+01
8.849999999999999645e+00 1.032767999999999908e+00 2.137226000000000070e+01
8.849999999999999645e+00 1.549323000000000006e+00 2.556698000000000093e+01
8.849999999999999645e+00 2.237315999999999860e+00 4.000961000000000212e+01
8.849999999999999645e+00 2.922752000000000017e+00 6.282298000000000116e+01
9.339999999999999858e+00 2.628257999999999983e-02 1.003811000000000009e-01
9.339999999999999858e+00 4.415427999999999714e-02 7.605484999999999607e-01
9.339999999999999858e+00 6.232185999999999976e-02 1.854986999999999941e+00
9.339999999999999858e+00 9.020585000000000409e-02 3.850633999999999890e+00
9.339999999999999858e+00 1.352297000000000082e-01 9.702301999999999538e+00
9.339999999999999858e+00 2.038964000000000054e-01 1.587279000000000018e+01
9.339999999999999858e+00 3.056348999999999871e-01 1.763613000000000142e+01
9.339999999999999858e+00 4.586450999999999723e-01 1.838043000000000049e+01
9.339999999999999858e+00 6.883943999999999619e-01 1.899279999999999902e+01
9.339999999999999858e+00 1.032767999999999908e+00 2.043680000000000163e+01
9.339999999999999858e+00 1.549323000000000006e+00 2.487396000000000029e+01
9.339999999999999858e+00 2.237315999999999860e+00 3.891790000000000305e+01
9.339999999999999858e+00 2.922752000000000017e+00 6.071074000000000126e+01
9.859999999999999432e+00 2.628257999999999983e-02 2.981631000000000142e-01
9.859999999999999432e+00 4.415427999999999714e-02 3.475505999999999873e-01
9.859999999999999432e+00 6.232185999999999976e-02 5.184343999999999619e-01
9.859999999999999432e+00 9.020585000000000409e-02 1.260045999999999999e+00
9.859999999999999432e+00 1.352297000000000082e-01 3.738183999999999951e+00
9.859999999999999432e+00 2.038964000000000054e-01 8.285204999999999487e+00
9.859999999999999432e+00 3.056348999999999871e-01 1.122907999999999973e+01
9.859999999999999432e+00 4.586450999999999723e-01 1.319289000000000023e+01
9.859999999999999432e+00 6.883943999999999619e-01 1.439925000000000033e+01
9.859999999999999432e+00 1.032767999999999908e+00 1.596510999999999925e+01
9.859999999999999432e+00 1.549323000000000006e+00 1.971593999999999980e+01
9.859999999999999432e+00 2.237315999999999860e+00 3.093918000000000035e+01
9.859999999999999432e+00 2.922752000000000017e+00 4.809288999999999703e+01
