1.948000000000000043e+01 2.628257999999999983e-02 7.282534999999999703e-02
1.948000000000000043e+01 4.415427999999999714e-02 1.266789000000000109e-01
1.948000000000000043e+01 6.232185999999999976e-02 2.040022999999999975e-01
1.948000000000000043e+01 9.020585000000000409e-02 2.292893000000000014e-01
1.948000000000000043e+01 1.352297000000000082e-01 3.054894000000000220e-01
1.948000000000000043e+01 2.038964000000000054e-01 3.593464000000000103e-01
1.948000000000000043e+01 3.056348999999999871e-01 3.590495000000000214e-01
1.948000000000000043e+01 4.586450999999999723e-01 3.645763000000000198e-01
1.948000000000000043e+01 6.883943999999999619e-01 4.166270000000000251e-01
1.948000000000000043e+01 1.032767999999999908e+00 5.407463999999999604e-01
1.948000000000000043e+01 1.549323000000000006e+00 6.590196999999999861e-01
1.948000000000000043e+01 2.237315999999999860e+00 7.334053000000000377e-01
1.948000000000000043e+01 2.922752000000000017e+00 7.977880000000000527e-01
