1.757000000000000028e+01 2.628257999999999983e-02 2.784227000000000229e-01
1.757000000000000028e+01 4.415427999999999714e-02 4.865569000000000144e-01
1.757000000000000028e+01 6.232185999999999976e-02 8.169265999999999472e-01
1.757000000000000028e+01 9.020585000000000409e-02 1.022806000000000104e+00
1.757000000000000028e+01 1.352297000000000082e-01 1.633081999999999923e+00
1.757000000000000028e+01 2.038964000000000054e-01 2.493091000000000168e+00
1.757000000000000028e+01 3.056348999999999871e-01 3.448120999999999992e+00
1.757000000000000028e+01 4.586450999999999723e-01 4.755372000000000376e+00
1.757000000000000028e+01 6.883943999999999619e-01 5.711433999999999678e+00
1.757000000000000028e+01 1.032767999999999908e+00 5.582684999999999675e+00
1.757000000000000028e+01 1.549323000000000006e+00 5.184160999999999575e+00
1.757000000000000028e+01 2.237315999999999860e+00 5.930398000000000280e+00
1.757000000000000028e+01 2.922752000000000017e+00 7.002283000000000257e+00
