1.757000000000000028e+01 2.628257999999999983e-02 4.545176000000000216e-01
1.757000000000000028e+01 4.415427999999999714e-02 4.382680999999999938e-01
1.757000000000000028e+01 6.232185999999999976e-02 5.572342000000000128e-01
1.757000000000000028e+01 9.020585000000000409e-02 5.877154999999999463e-01
1.757000000000000028e+01 1.352297000000000082e-01 8.633484000000000158e-01
1.757000000000000028e+01 2.038964000000000054e-01 1.360224000000000100e+00
1.757000000000000028e+01 3.056348999999999871e-01 2.247637999999999803e+00
1.757000000000000028e+01 4.586450999999999723e-01 3.370200999999999780e+00
1.757000000000000028e+01 6.883943999999999619e-01 4.710181999999999647e+00
1.757000000000000028e+01 1.032767999999999908e+00 5.937020999999999660e+00
1.757000000000000028e+01 1.549323000000000006e+00 7.589906000000000041e+00
1.757000000000000028e+01 2.237315999999999860e+00 9.306456999999999979e+00
1.757000000000000028e+01 2.922752000000000017e+00 9.708403000000000560e+00
