1.040000000000000036e+01 2.628257999999999983e-02 1.246121000000000034e-01
1.040000000000000036e+01 4.415427999999999714e-02 4.461204999999999754e-01
1.040000000000000036e+01 6.232185999999999976e-02 7.687817999999999596e-01
1.040000000000000036e+01 9.020585000000000409e-02 1.315874999999999906e+00
1.040000000000000036e+01 1.352297000000000082e-01 2.883023999999999809e+00
1.040000000000000036e+01 2.038964000000000054e-01 5.791350000000000442e+00
1.040000000000000036e+01 3.056348999999999871e-01 9.819589000000000567e+00
1.040000000000000036e+01 4.586450999999999723e-01 1.530461000000000027e+01
1.040000000000000036e+01 6.883943999999999619e-01 2.010435999999999979e+01
1.040000000000000036e+01 1.032767999999999908e+00 2.444764999999999944e+01
1.040000000000000036e+01 1.549323000000000006e+00 3.169474999999999909e+01
1.040000000000000036e+01 2.237315999999999860e+00 4.959322000000000230e+01
1.040000000000000036e+01 2.922752000000000017e+00 7.536578000000000088e+01
1.097000000000000064e+01 2.628257999999999983e-02 4.838167000000000162e-02
1.097000000000000064e+01 4.415427999999999714e-02 2.144429999999999947e-01
1.097000000000000064e+01 6.232185999999999976e-02 4.383601999999999776e-01
1.097000000000000064e+01 9.020585000000000409e-02 8.328366999999999853e-01
1.097000000000000064e+01 1.352297000000000082e-01 1.942412999999999945e+00
1.097000000000000064e+01 2.038964000000000054e-01 4.185126000000000346e+00
1.097000000000000064e+01 3.056348999999999871e-01 7.827665999999999791e+00
1.097000000000000064e+01 4.586450999999999723e-01 1.364255999999999958e+01
1.097000000000000064e+01 6.883943999999999619e-01 1.959996999999999900e+01
1.097000000000000064e+01 1.032767999999999908e+00 2.540693999999999875e+01
1.097000000000000064e+01 1.549323000000000006e+00 3.417555000000000121e+01
1.097000000000000064e+01 2.237315999999999860e+00 5.379093999999999909e+01
1.097000000000000064e+01 2.922752000000000017e+00 8.059027000000000385e+01
1.157000000000000028e+01 2.628257999999999983e-02 1.902629999999999946e-02
1.157000000000000028e+01 4.415427999999999714e-02 9.010071999999999526e-02
1.157000000000000028e+01 6.232185999999999976e-02 3.162717999999999918e-01
1.157000000000000028e+01 9.020585000000000409e-02 6.143408000000000202e-01
1.157000000000000028e+01 1.352297000000000082e-01 1.453924999999999912e+00
1.157000000000000028e+01 2.038964000000000054e-01 3.215062999999999782e+00
1.157000000000000028e+01 3.056348999999999871e-01 6.451538000000000217e+00
1.157000000000000028e+01 4.586450999999999723e-01 1.202749999999999986e+01
1.157000000000000028e+01 6.883943999999999619e-01 1.866387999999999892e+01
1.157000000000000028e+01 1.032767999999999908e+00 2.554491000000000156e+01
1.157000000000000028e+01 1.549323000000000006e+00 3.561927000000000021e+01
1.157000000000000028e+01 2.237315999999999860e+00 5.619133000000000067e+01
1.157000000000000028e+01 2.922752000000000017e+00 8.311655000000000371e+01
1.219999999999999929e+01 2.628257999999999983e-02 4.043022999999999756e-02
1.219999999999999929e+01 4.415427999999999714e-02 1.086835000000000023e-01
1.219999999999999929e+01 6.232185999999999976e-02 4.391185000000000227e-01
1.219999999999999929e+01 9.020585000000000409e-02 7.031671999999999922e-01
1.219999999999999929e+01 1.352297000000000082e-01 1.470703000000000094e+00
1.219999999999999929e+01 2.038964000000000054e-01 2.967382999999999882e+00
1.219999999999999929e+01 3.056348999999999871e-01 5.840847000000000122e+00
1.219999999999999929e+01 4.586450999999999723e-01 1.095151000000000074e+01
1.219999999999999929e+01 6.883943999999999619e-01 1.756594000000000122e+01
1.219999999999999929e+01 1.032767999999999908e+00 2.503403000000000134e+01
1.219999999999999929e+01 1.549323000000000006e+00 3.607965999999999696e+01
1.219999999999999929e+01 2.237315999999999860e+00 5.675135000000000218e+01
1.219999999999999929e+01 2.922752000000000017e+00 8.216067999999999927e+01
1.285999999999999943e+01 2.628257999999999983e-02 1.256764999999999965e-01
1.285999999999999943e+01 4.415427999999999714e-02 2.722935000000000216e-01
1.285999999999999943e+01 6.232185999999999976e-02 8.272138999999999465e-01
1.285999999999999943e+01 9.020585000000000409e-02 1.127200999999999897e+00
1.285999999999999943e+01 1.352297000000000082e-01 1.995767999999999986e+00
1.285999999999999943e+01 2.038964000000000054e-01 3.375691999999999915e+00
1.285999999999999943e+01 3.056348999999999871e-01 5.968435999999999630e+00
1.285999999999999943e+01 4.586450999999999723e-01 1.046127000000000073e+01
1.285999999999999943e+01 6.883943999999999619e-01 1.658410999999999902e+01
1.285999999999999943e+01 1.032767999999999908e+00 2.409975999999999985e+01
1.285999999999999943e+01 1.549323000000000006e+00 3.560269000000000261e+01
1.285999999999999943e+01 2.237315999999999860e+00 5.583735000000000070e+01
1.285999999999999943e+01 2.922752000000000017e+00 7.912948000000000093e+01
1.355000000000000071e+01 2.628257999999999983e-02 3.046344999999999748e-01
1.355000000000000071e+01 4.415427999999999714e-02 6.249177999999999678e-01
1.355000000000000071e+01 6.232185999999999976e-02 1.500885999999999942e+00
1.355000000000000071e+01 9.020585000000000409e-02 1.906279999999999974e+00
1.355000000000000071e+01 1.352297000000000082e-01 2.997853999999999797e+00
1.355000000000000071e+01 2.038964000000000054e-01 4.347188000000000052e+00
1.355000000000000071e+01 3.056348999999999871e-01 6.715785000000000338e+00
1.355000000000000071e+01 4.586450999999999723e-01 1.046613999999999933e+01
1.355000000000000071e+01 6.883943999999999619e-01 1.583507999999999960e+01
1.355000000000000071e+01 1.032767999999999908e+00 2.282987999999999928e+01
1.355000000000000071e+01 1.549323000000000006e+00 3.424745000000000061e+01
1.355000000000000071e+01 2.237315999999999860e+00 5.329440999999999917e+01
1.355000000000000071e+01 2.922752000000000017e+00 7.462618999999999403e+01
1.427999999999999936e+01 2.628257999999999983e-02 6.667106000000000421e-01
1.427999999999999936e+01 4.415427999999999714e-02 1.308443999999999940e+00
1.427999999999999936e+01 6.232185999999999976e-02 2.649354000000000209e+00
1.427999999999999936e+01 9.020585000000000409e-02 3.160937999999999803e+00
1.427999999999999936e+01 1.352297000000000082e-01 4.488324999999999676e+00
1.427999999999999936e+01 2.038964000000000054e-01 5.781293999999999933e+00
1.427999999999999936e+01 3.056348999999999871e-01 7.798583999999999961e+00
1.427999999999999936e+01 4.586450999999999723e-01 1.062336999999999954e+01
1.427999999999999936e+01 6.883943999999999619e-01 1.479935000000000045e+01
1.427999999999999936e+01 1.032767999999999908e+00 2.051849999999999952e+01
1.427999999999999936e+01 1.549323000000000006e+00 3.091635000000000133e+01
1.427999999999999936e+01 2.237315999999999860e+00 4.775160000000000338e+01
1.427999999999999936e+01 2.922752000000000017e+00 6.563836000000000581e+01
1.505000000000000071e+01 2.628257999999999983e-02 1.297269999999999923e+00
1.505000000000000071e+01 4.415427999999999714e-02 2.487684999999999924e+00
1.505000000000000071e+01 6.232185999999999976e-02 4.465141000000000027e+00
1.505000000000000071e+01 9.020585000000000409e-02 5.082811000000000412e+00
1.505000000000000071e+01 1.352297000000000082e-01 6.661414999999999864e+00
1.505000000000000071e+01 2.038964000000000054e-01 7.768429000000000251e+00
1.505000000000000071e+01 3.056348999999999871e-01 9.106996000000000535e+00
1.505000000000000071e+01 4.586450999999999723e-01 1.082039999999999935e+01
1.505000000000000071e+01 6.883943999999999619e-01 1.360368000000000066e+01
1.505000000000000071e+01 1.032767999999999908e+00 1.777656999999999954e+01
1.505000000000000071e+01 1.549323000000000006e+00 2.650601999999999947e+01
1.505000000000000071e+01 2.237315999999999860e+00 4.032224999999999682e+01
1.505000000000000071e+01 2.922752000000000017e+00 5.491966000000000037e+01
1.584999999999999964e+01 2.628257999999999983e-02 2.428240000000000176e+00
1.584999999999999964e+01 4.415427999999999714e-02 4.597389999999999866e+00
1.584999999999999964e+01 6.232185999999999976e-02 7.512097999999999942e+00
1.584999999999999964e+01 9.020585000000000409e-02 8.199576999999999671e+00
1.584999999999999964e+01 1.352297000000000082e-01 9.915972999999999260e+00
1.584999999999999964e+01 2.038964000000000054e-01 1.042886000000000024e+01
1.584999999999999964e+01 3.056348999999999871e-01 1.055682000000000009e+01
1.584999999999999964e+01 4.586450999999999723e-01 1.070636999999999972e+01
1.584999999999999964e+01 6.883943999999999619e-01 1.168758000000000052e+01
1.584999999999999964e+01 1.032767999999999908e+00 1.383873999999999960e+01
1.584999999999999964e+01 1.549323000000000006e+00 1.987094000000000094e+01
1.584999999999999964e+01 2.237315999999999860e+00 3.000027000000000044e+01
1.584999999999999964e+01 2.922752000000000017e+00 4.104386000000000223e+01
1.669000000000000128e+01 2.628257999999999983e-02 4.313823000000000185e+00
1.669000000000000128e+01 4.415427999999999714e-02 8.181722999999999857e+00
1.669000000000000128e+01 6.232185999999999976e-02 1.247873000000000054e+01
1.669000000000000128e+01 9.020585000000000409e-02 1.318431999999999960e+01
1.669000000000000128e+01 1.352297000000000082e-01 1.488242999999999938e+01
1.669000000000000128e+01 2.038964000000000054e-01 1.417539999999999978e+01
1.669000000000000128e+01 3.056348999999999871e-01 1.230314000000000085e+01
1.669000000000000128e+01 4.586450999999999723e-01 1.042434000000000083e+01
1.669000000000000128e+01 6.883943999999999619e-01 9.338836000000000581e+00
1.669000000000000128e+01 1.032767999999999908e+00 9.176714999999999733e+00
1.669000000000000128e+01 1.549323000000000006e+00 1.184375999999999962e+01
1.669000000000000128e+01 2.237315999999999860e+00 1.787229999999999919e+01
1.669000000000000128e+01 2.922752000000000017e+00 2.527540000000000120e+01
1.757000000000000028e+01 2.628257999999999983e-02 6.719491999999999798e+00
1.757000000000000028e+01 4.415427999999999714e-02 1.303642999999999930e+01
1.757000000000000028e+01 6.232185999999999976e-02 1.916441000000000017e+01
1.757000000000000028e+01 9.020585000000000409e-02 1.992035999999999873e+01
1.757000000000000028e+01 1.352297000000000082e-01 2.148618000000000094e+01
1.757000000000000028e+01 2.038964000000000054e-01 1.895270000000000010e+01
1.757000000000000028e+01 3.056348999999999871e-01 1.438696999999999981e+01
1.757000000000000028e+01 4.586450999999999723e-01 1.043928999999999974e+01
1.757000000000000028e+01 6.883943999999999619e-01 7.700643000000000349e+00
1.757000000000000028e+01 1.032767999999999908e+00 5.788781000000000176e+00
1.757000000000000028e+01 1.549323000000000006e+00 5.815133000000000330e+00
1.757000000000000028e+01 2.237315999999999860e+00 8.589798999999999296e+00
1.757000000000000028e+01 2.922752000000000017e+00 1.296790000000000020e+01
1.850000000000000000e+01 2.628257999999999983e-02 7.377481999999999651e+00
1.850000000000000000e+01 4.415427999999999714e-02 1.523616999999999955e+01
1.850000000000000000e+01 6.232185999999999976e-02 2.251183999999999941e+01
1.850000000000000000e+01 9.020585000000000409e-02 2.366668999999999912e+01
1.850000000000000000e+01 1.352297000000000082e-01 2.564689999999999870e+01
1.850000000000000000e+01 2.038964000000000054e-01 2.227288000000000068e+01
1.850000000000000000e+01 3.056348999999999871e-01 1.598221000000000025e+01
1.850000000000000000e+01 4.586450999999999723e-01 1.134226999999999919e+01
1.850000000000000000e+01 6.883943999999999619e-01 8.694226999999999705e+00
1.850000000000000000e+01 1.032767999999999908e+00 7.199963999999999587e+00
1.850000000000000000e+01 1.549323000000000006e+00 7.290337000000000067e+00
1.850000000000000000e+01 2.237315999999999860e+00 9.059338000000000335e+00
1.850000000000000000e+01 2.922752000000000017e+00 1.124255999999999922e+01
1.948000000000000043e+01 2.628257999999999983e-02 4.000307000000000279e+00
1.948000000000000043e+01 4.415427999999999714e-02 9.610184999999999533e+00
1.948000000000000043e+01 6.232185999999999976e-02 1.506221999999999994e+01
1.948000000000000043e+01 9.020585000000000409e-02 1.681670000000000087e+01
1.948000000000000043e+01 1.352297000000000082e-01 1.966566999999999865e+01
1.948000000000000043e+01 2.038964000000000054e-01 1.837789000000000073e+01
1.948000000000000043e+01 3.056348999999999871e-01 1.417093999999999987e+01
1.948000000000000043e+01 4.586450999999999723e-01 1.197728999999999999e+01
1.948000000000000043e+01 6.883943999999999619e-01 1.193731000000000009e+01
1.948000000000000043e+01 1.032767999999999908e+00 1.344816999999999929e+01
1.948000000000000043e+01 1.549323000000000006e+00 1.652496000000000009e+01
1.948000000000000043e+01 2.237315999999999860e+00 1.989627000000000123e+01
1.948000000000000043e+01 2.922752000000000017e+00 2.148692000000000135e+01
2.050000000000000000e+01 2.628257999999999983e-02 2.674842000000000053e-01
2.050000000000000000e+01 4.415427999999999714e-02 1.348097000000000101e+00
2.050000000000000000e+01 6.232185999999999976e-02 2.768208000000000002e+00
2.050000000000000000e+01 9.020585000000000409e-02 4.058304999999999829e+00
2.050000000000000000e+01 1.352297000000000082e-01 6.287620000000000431e+00
2.050000000000000000e+01 2.038964000000000054e-01 7.826846999999999888e+00
2.050000000000000000e+01 3.056348999999999871e-01 8.287551999999999808e+00
2.050000000000000000e+01 4.586450999999999723e-01 9.890997999999999735e+00
2.050000000000000000e+01 6.883943999999999619e-01 1.266727999999999987e+01
2.050000000000000000e+01 1.032767999999999908e+00 1.651342999999999961e+01
2.050000000000000000e+01 1.549323000000000006e+00 2.155069999999999908e+01
2.050000000000000000e+01 2.237315999999999860e+00 2.619060999999999950e+01
2.050000000000000000e+01 2.922752000000000017e+00 2.822850000000000037e+01
2.157999999999999829e+01 2.628257999999999983e-02 5.907963999999999993e-01
2.157999999999999829e+01 4.415427999999999714e-02 4.789308999999999927e-01
2.157999999999999829e+01 6.232185999999999976e-02 6.142545000000000366e-01
2.157999999999999829e+01 9.020585000000000409e-02 7.870133999999999741e-01
2.157999999999999829e+01 1.352297000000000082e-01 1.421880999999999950e+00
2.157999999999999829e+01 2.038964000000000054e-01 2.562320000000000153e+00
2.157999999999999829e+01 3.056348999999999871e-01 4.359086999999999712e+00
2.157999999999999829e+01 4.586450999999999723e-01 6.904640999999999806e+00
2.157999999999999829e+01 6.883943999999999619e-01 1.031522000000000006e+01
2.157999999999999829e+01 1.032767999999999908e+00 1.411243999999999943e+01
2.157999999999999829e+01 1.549323000000000006e+00 1.847066999999999837e+01
2.157999999999999829e+01 2.237315999999999860e+00 2.250863999999999976e+01
2.157999999999999829e+01 2.922752000000000017e+00 2.417858000000000018e+01
2.271000000000000085e+01 2.628257999999999983e-02 1.244634000000000018e+00
2.271000000000000085e+01 4.415427999999999714e-02 1.698085000000000067e+00
2.271000000000000085e+01 6.232185999999999976e-02 2.299576000000000064e+00
2.271000000000000085e+01 9.020585000000000409e-02 2.179462000000000010e+00
2.271000000000000085e+01 1.352297000000000082e-01 2.419360999999999873e+00
2.271000000000000085e+01 2.038964000000000054e-01 2.585783000000000165e+00
2.271000000000000085e+01 3.056348999999999871e-01 3.168743999999999783e+00
2.271000000000000085e+01 4.586450999999999723e-01 4.172812999999999661e+00
2.271000000000000085e+01 6.883943999999999619e-01 5.931930999999999621e+00
2.271000000000000085e+01 1.032767999999999908e+00 8.002663000000000082e+00
2.271000000000000085e+01 1.549323000000000006e+00 1.032445000000000057e+01
2.271000000000000085e+01 2.237315999999999860e+00 1.274202999999999975e+01
2.271000000000000085e+01 2.922752000000000017e+00 1.406287000000000020e+01
2.389000000000000057e+01 2.628257999999999983e-02 8.235046999999999784e-01
2.389000000000000057e+01 4.415427999999999714e-02 1.343115000000000059e+00
2.389000000000000057e+01 6.232185999999999976e-02 1.973988000000000076e+00
2.389000000000000057e+01 9.020585000000000409e-02 2.026097000000000037e+00
2.389000000000000057e+01 1.352297000000000082e-01 2.424037000000000219e+00
2.389000000000000057e+01 2.038964000000000054e-01 2.562565000000000204e+00
2.389000000000000057e+01 3.056348999999999871e-01 2.558975999999999917e+00
2.389000000000000057e+01 4.586450999999999723e-01 2.654853000000000129e+00
2.389000000000000057e+01 6.883943999999999619e-01 3.141589999999999883e+00
2.389000000000000057e+01 1.032767999999999908e+00 3.942108999999999863e+00
2.389000000000000057e+01 1.549323000000000006e+00 4.882538000000000267e+00
2.389000000000000057e+01 2.237315999999999860e+00 6.051549999999999763e+00
2.389000000000000057e+01 2.922752000000000017e+00 6.997391999999999612e+00
2.514000000000000057e+01 2.628257999999999983e-02 3.219072000000000044e-01
2.514000000000000057e+01 4.415427999999999714e-02 5.850537000000000099e-01
2.514000000000000057e+01 6.232185999999999976e-02 9.228604999999999725e-01
2.514000000000000057e+01 9.020585000000000409e-02 1.033984000000000014e+00
2.514000000000000057e+01 1.352297000000000082e-01 1.381818999999999908e+00
2.514000000000000057e+01 2.038964000000000054e-01 1.620976999999999890e+00
2.514000000000000057e+01 3.056348999999999871e-01 1.660757999999999956e+00
2.514000000000000057e+01 4.586450999999999723e-01 1.658665000000000056e+00
2.514000000000000057e+01 6.883943999999999619e-01 1.742145999999999972e+00
2.514000000000000057e+01 1.032767999999999908e+00 2.004633999999999805e+00
2.514000000000000057e+01 1.549323000000000006e+00 2.390537000000000134e+00
2.514000000000000057e+01 2.237315999999999860e+00 2.989952999999999861e+00
2.514000000000000057e+01 2.922752000000000017e+00 3.689023999999999859e+00
2.644000000000000128e+01 2.628257999999999983e-02 1.025579999999999964e-01
2.644000000000000128e+01 4.415427999999999714e-02 2.036467999999999889e-01
2.644000000000000128e+01 6.232185999999999976e-02 3.462238000000000260e-01
2.644000000000000128e+01 9.020585000000000409e-02 4.195182000000000078e-01
2.644000000000000128e+01 1.352297000000000082e-01 6.174825000000000452e-01
2.644000000000000128e+01 2.038964000000000054e-01 8.124198000000000253e-01
2.644000000000000128e+01 3.056348999999999871e-01 9.222177999999999765e-01
2.644000000000000128e+01 4.586450999999999723e-01 1.003341999999999956e+00
2.644000000000000128e+01 6.883943999999999619e-01 1.062195000000000000e+00
2.644000000000000128e+01 1.032767999999999908e+00 1.162455000000000016e+00
2.644000000000000128e+01 1.549323000000000006e+00 1.372298000000000018e+00
2.644000000000000128e+01 2.237315999999999860e+00 1.734126000000000056e+00
2.644000000000000128e+01 2.922752000000000017e+00 2.282865000000000144e+00
2.782000000000000028e+01 2.628257999999999983e-02 3.413813000000000264e-02
2.782000000000000028e+01 4.415427999999999714e-02 7.376633999999999969e-02
2.782000000000000028e+01 6.232185999999999976e-02 1.376644999999999952e-01
2.782000000000000028e+01 9.020585000000000409e-02 1.791570000000000107e-01
2.782000000000000028e+01 1.352297000000000082e-01 2.873395999999999728e-01
2.782000000000000028e+01 2.038964000000000054e-01 4.178492999999999791e-01
2.782000000000000028e+01 3.056348999999999871e-01 5.321865999999999541e-01
2.782000000000000028e+01 4.586450999999999723e-01 6.510034000000000098e-01
2.782000000000000028e+01 6.883943999999999619e-01 7.542320999999999609e-01
2.782000000000000028e+01 1.032767999999999908e+00 8.321131999999999973e-01
2.782000000000000028e+01 1.549323000000000006e+00 9.790391000000000510e-01
2.782000000000000028e+01 2.237315999999999860e+00 1.251584999999999948e+00
2.782000000000000028e+01 2.922752000000000017e+00 1.648492000000000068e+00
2.926000000000000156e+01 2.628257999999999983e-02 1.618966000000000155e-02
2.926000000000000156e+01 4.415427999999999714e-02 3.790612000000000148e-02
2.926000000000000156e+01 6.232185999999999976e-02 7.772444000000000575e-02
2.926000000000000156e+01 9.020585000000000409e-02 1.072174000000000044e-01
2.926000000000000156e+01 1.352297000000000082e-01 1.834168999999999938e-01
2.926000000000000156e+01 2.038964000000000054e-01 2.838410000000000100e-01
2.926000000000000156e+01 3.056348999999999871e-01 3.957656999999999980e-01
2.926000000000000156e+01 4.586450999999999723e-01 5.284050999999999609e-01
2.926000000000000156e+01 6.883943999999999619e-01 6.719279000000000224e-01
2.926000000000000156e+01 1.032767999999999908e+00 7.799011999999999611e-01
2.926000000000000156e+01 1.549323000000000006e+00 9.102076999999999529e-01
2.926000000000000156e+01 2.237315999999999860e+00 1.153243000000000018e+00
2.926000000000000156e+01 2.922752000000000017e+00 1.456379000000000090e+00
3.076999999999999957e+01 2.628257999999999983e-02 1.282172999999999993e-02
3.076999999999999957e+01 4.415427999999999714e-02 3.147998999999999936e-02
3.076999999999999957e+01 6.232185999999999976e-02 6.883920000000000317e-02
3.076999999999999957e+01 9.020585000000000409e-02 9.872322000000000042e-02
3.076999999999999957e+01 1.352297000000000082e-01 1.753258000000000039e-01
3.076999999999999957e+01 2.038964000000000054e-01 2.788585000000000091e-01
3.076999999999999957e+01 3.056348999999999871e-01 4.090623999999999927e-01
3.076999999999999957e+01 4.586450999999999723e-01 5.709368999999999694e-01
3.076999999999999957e+01 6.883943999999999619e-01 7.650373999999999786e-01
3.076999999999999957e+01 1.032767999999999908e+00 9.248146000000000422e-01
3.076999999999999957e+01 1.549323000000000006e+00 1.077703999999999995e+00
3.076999999999999957e+01 2.237315999999999860e+00 1.346946999999999894e+00
3.076999999999999957e+01 2.922752000000000017e+00 1.660741000000000023e+00
3.235999999999999943e+01 2.628257999999999983e-02 1.425824000000000015e-02
3.235999999999999943e+01 4.415427999999999714e-02 3.579109999999999930e-02
3.235999999999999943e+01 6.232185999999999976e-02 8.112946000000000046e-02
3.235999999999999943e+01 9.020585000000000409e-02 1.180215000000000014e-01
3.235999999999999943e+01 1.352297000000000082e-01 2.130552000000000001e-01
3.235999999999999943e+01 2.038964000000000054e-01 3.418218000000000090e-01
3.235999999999999943e+01 3.056348999999999871e-01 5.131189000000000444e-01
3.235999999999999943e+01 4.586450999999999723e-01 7.310039000000000398e-01
3.235999999999999943e+01 6.883943999999999619e-01 9.992282999999999582e-01
3.235999999999999943e+01 1.032767999999999908e+00 1.226618999999999904e+00
3.235999999999999943e+01 1.549323000000000006e+00 1.436074000000000073e+00
3.235999999999999943e+01 2.237315999999999860e+00 1.771309000000000022e+00
3.235999999999999943e+01 2.922752000000000017e+00 2.182487000000000066e+00
3.403000000000000114e+01 2.628257999999999983e-02 1.812818999999999889e-02
3.403000000000000114e+01 4.415427999999999714e-02 4.580208000000000196e-02
3.403000000000000114e+01 6.232185999999999976e-02 1.057937000000000044e-01
3.403000000000000114e+01 9.020585000000000409e-02 1.539052999999999949e-01
3.403000000000000114e+01 1.352297000000000082e-01 2.793224000000000262e-01
3.403000000000000114e+01 2.038964000000000054e-01 4.504008999999999929e-01
3.403000000000000114e+01 3.056348999999999871e-01 6.846520000000000383e-01
3.403000000000000114e+01 4.586450999999999723e-01 9.875013000000000263e-01
3.403000000000000114e+01 6.883943999999999619e-01 1.363021999999999956e+00
3.403000000000000114e+01 1.032767999999999908e+00 1.685534000000000088e+00
3.403000000000000114e+01 1.549323000000000006e+00 1.996755999999999975e+00
3.403000000000000114e+01 2.237315999999999860e+00 2.480100000000000193e+00
3.403000000000000114e+01 2.922752000000000017e+00 3.067089999999999872e+00
6.000000000000000000e+00 2.628257999999999983e-02 4.195138000000000339e-02
6.000000000000000000e+00 4.415427999999999714e-02 1.224534000000000039e-01
6.000000000000000000e+00 6.232185999999999976e-02 2.146733999999999865e-01
6.000000000000000000e+00 9.020585000000000409e-02 3.716942999999999775e-01
6.000000000000000000e+00 1.352297000000000082e-01 6.371942999999999913e-01
6.000000000000000000e+00 2.038964000000000054e-01 6.250520999999999994e-01
6.000000000000000000e+00 3.056348999999999871e-01 5.675310000000000077e-01
6.000000000000000000e+00 4.586450999999999723e-01 4.870611000000000246e-01
6.000000000000000000e+00 6.883943999999999619e-01 4.166977000000000042e-01
6.000000000000000000e+00 1.032767999999999908e+00 3.783268000000000186e-01
6.000000000000000000e+00 1.549323000000000006e+00 4.317941000000000140e-01
6.000000000000000000e+00 2.237315999999999860e+00 6.898381999999999570e-01
6.000000000000000000e+00 2.922752000000000017e+00 1.141918999999999906e+00
6.349999999999999645e+00 2.628257999999999983e-02 1.241451999999999972e-01
6.349999999999999645e+00 4.415427999999999714e-02 3.348736999999999964e-01
6.349999999999999645e+00 6.232185999999999976e-02 5.918468000000000062e-01
6.349999999999999645e+00 9.020585000000000409e-02 1.047508000000000106e+00
6.349999999999999645e+00 1.352297000000000082e-01 1.743668999999999913e+00
6.349999999999999645e+00 2.038964000000000054e-01 1.546529000000000043e+00
6.349999999999999645e+00 3.056348999999999871e-01 1.484267999999999921e+00
6.349999999999999645e+00 4.586450999999999723e-01 1.256628000000000078e+00
6.349999999999999645e+00 6.883943999999999619e-01 1.085653999999999897e+00
6.349999999999999645e+00 1.032767999999999908e+00 9.914302000000000392e-01
6.349999999999999645e+00 1.549323000000000006e+00 1.105102000000000029e+00
6.349999999999999645e+00 2.237315999999999860e+00 1.738995000000000068e+00
6.349999999999999645e+00 2.922752000000000017e+00 2.862079000000000040e+00
6.719999999999999751e+00 2.628257999999999983e-02 2.708780000000000077e-01
6.719999999999999751e+00 4.415427999999999714e-02 7.009296000000000415e-01
6.719999999999999751e+00 6.232185999999999976e-02 1.266767999999999894e+00
6.719999999999999751e+00 9.020585000000000409e-02 2.136795000000000222e+00
6.719999999999999751e+00 1.352297000000000082e-01 3.582231999999999861e+00
6.719999999999999751e+00 2.038964000000000054e-01 3.201845000000000052e+00
6.719999999999999751e+00 3.056348999999999871e-01 3.089300999999999853e+00
6.719999999999999751e+00 4.586450999999999723e-01 2.692098999999999798e+00
6.719999999999999751e+00 6.883943999999999619e-01 2.369952000000000059e+00
6.719999999999999751e+00 1.032767999999999908e+00 2.184099999999999930e+00
6.719999999999999751e+00 1.549323000000000006e+00 2.405365000000000197e+00
6.719999999999999751e+00 2.237315999999999860e+00 3.760349999999999859e+00
6.719999999999999751e+00 2.922752000000000017e+00 6.152239999999999931e+00
7.099999999999999645e+00 2.628257999999999983e-02 4.380100000000000104e-01
7.099999999999999645e+00 4.415427999999999714e-02 1.140600000000000058e+00
7.099999999999999645e+00 6.232185999999999976e-02 2.086790999999999840e+00
7.099999999999999645e+00 9.020585000000000409e-02 3.415299999999999780e+00
7.099999999999999645e+00 1.352297000000000082e-01 5.861442000000000263e+00
7.099999999999999645e+00 2.038964000000000054e-01 5.794667999999999708e+00
7.099999999999999645e+00 3.056348999999999871e-01 5.523978999999999751e+00
7.099999999999999645e+00 4.586450999999999723e-01 4.928484000000000087e+00
7.099999999999999645e+00 6.883943999999999619e-01 4.432174999999999976e+00
7.099999999999999645e+00 1.032767999999999908e+00 4.109085000000000321e+00
7.099999999999999645e+00 1.549323000000000006e+00 4.557800000000000296e+00
7.099999999999999645e+00 2.237315999999999860e+00 7.077074999999999783e+00
7.099999999999999645e+00 2.922752000000000017e+00 1.158050000000000068e+01
7.509999999999999787e+00 2.628257999999999983e-02 5.402666999999999886e-01
7.509999999999999787e+00 4.415427999999999714e-02 1.514545999999999948e+00
7.509999999999999787e+00 6.232185999999999976e-02 2.834098000000000006e+00
7.509999999999999787e+00 9.020585000000000409e-02 4.499407999999999852e+00
7.509999999999999787e+00 1.352297000000000082e-01 7.823949999999999960e+00
7.509999999999999787e+00 2.038964000000000054e-01 8.739658999999999622e+00
7.509999999999999787e+00 3.056348999999999871e-01 8.536848000000000880e+00
7.509999999999999787e+00 4.586450999999999723e-01 7.766662000000000177e+00
7.509999999999999787e+00 6.883943999999999619e-01 7.167599000000000053e+00
7.509999999999999787e+00 1.032767999999999908e+00 6.808353999999999573e+00
7.509999999999999787e+00 1.549323000000000006e+00 7.635590999999999795e+00
7.509999999999999787e+00 2.237315999999999860e+00 1.188115999999999950e+01
7.509999999999999787e+00 2.922752000000000017e+00 1.928412000000000148e+01
7.929999999999999716e+00 2.628257999999999983e-02 5.884298000000000028e-01
7.929999999999999716e+00 4.415427999999999714e-02 1.737265999999999977e+00
7.929999999999999716e+00 6.232185999999999976e-02 3.193923999999999985e+00
7.929999999999999716e+00 9.020585000000000409e-02 4.918315999999999910e+00
7.929999999999999716e+00 1.352297000000000082e-01 8.895357999999999876e+00
7.929999999999999716e+00 2.038964000000000054e-01 1.109980999999999973e+01
7.929999999999999716e+00 3.056348999999999871e-01 1.155733999999999995e+01
7.929999999999999716e+00 4.586450999999999723e-01 1.098412000000000077e+01
7.929999999999999716e+00 6.883943999999999619e-01 1.038034999999999997e+01
7.929999999999999716e+00 1.032767999999999908e+00 1.015426000000000073e+01
7.929999999999999716e+00 1.549323000000000006e+00 1.150561000000000078e+01
7.929999999999999716e+00 2.237315999999999860e+00 1.782157000000000124e+01
7.929999999999999716e+00 2.922752000000000017e+00 2.864160000000000039e+01
8.380000000000000782e+00 2.628257999999999983e-02 5.786244999999999861e-01
8.380000000000000782e+00 4.415427999999999714e-02 1.700935000000000086e+00
8.380000000000000782e+00 6.232185999999999976e-02 2.985901999999999834e+00
8.380000000000000782e+00 9.020585000000000409e-02 4.523464999999999847e+00
8.380000000000000782e+00 1.352297000000000082e-01 8.578920000000000101e+00
8.380000000000000782e+00 2.038964000000000054e-01 1.216737999999999964e+01
8.380000000000000782e+00 3.056348999999999871e-01 1.389697999999999922e+01
8.380000000000000782e+00 4.586450999999999723e-01 1.398701999999999934e+01
8.380000000000000782e+00 6.883943999999999619e-01 1.371039000000000030e+01
8.380000000000000782e+00 1.032767999999999908e+00 1.376012000000000057e+01
8.380000000000000782e+00 1.549323000000000006e+00 1.587059999999999960e+01
8.380000000000000782e+00 2.237315999999999860e+00 2.444557999999999964e+01
8.380000000000000782e+00 2.922752000000000017e+00 3.871282999999999674e+01
8.849999999999999645e+00 2.628257999999999983e-02 4.899416999999999800e-01
8.849999999999999645e+00 4.415427999999999714e-02 1.443616000000000010e+00
8.849999999999999645e+00 6.232185999999999976e-02 2.449240000000000084e+00
8.849999999999999645e+00 9.020585000000000409e-02 3.706561000000000217e+00
8.849999999999999645e+00 1.352297000000000082e-01 7.195191999999999588e+00
8.849999999999999645e+00 2.038964000000000054e-01 1.166008000000000067e+01
8.849999999999999645e+00 3.056348999999999871e-01 1.472877000000000081e+01
8.849999999999999645e+00 4.586450999999999723e-01 1.618462999999999852e+01
8.849999999999999645e+00 6.883943999999999619e-01 1.665138999999999925e+01
8.849999999999999645e+00 1.032767999999999908e+00 1.733730999999999867e+01
8.849999999999999645e+00 1.549323000000000006e+00 2.038225999999999871e+01
8.849999999999999645e+00 2.237315999999999860e+00 3.144923000000000002e+01
8.849999999999999645e+00 2.922752000000000017e+00 4.924475000000000335e+01
9.339999999999999858e+00 2.628257999999999983e-02 3.648881999999999959e-01
9.339999999999999858e+00 4.415427999999999714e-02 1.108289000000000080e+00
9.339999999999999858e+00 6.232185999999999976e-02 1.868332000000000104e+00
9.339999999999999858e+00 9.020585000000000409e-02 2.860472999999999821e+00
9.339999999999999858e+00 1.352297000000000082e-01 5.696832999999999814e+00
9.339999999999999858e+00 2.038964000000000054e-01 1.004414000000000051e+01
9.339999999999999858e+00 3.056348999999999871e-01 1.398372999999999955e+01
9.339999999999999858e+00 4.586450999999999723e-01 1.708164999999999978e+01
9.339999999999999858e+00 6.883943999999999619e-01 1.885744000000000042e+01
9.339999999999999858e+00 1.032767999999999908e+00 2.047262999999999877e+01
9.339999999999999858e+00 1.549323000000000006e+00 2.474918999999999869e+01
9.339999999999999858e+00 2.237315999999999860e+00 3.831730999999999909e+01
9.339999999999999858e+00 2.922752000000000017e+00 5.949911999999999779e+01
9.859999999999999432e+00 2.628257999999999983e-02 2.424459999999999948e-01
9.859999999999999432e+00 4.415427999999999714e-02 7.657601000000000546e-01
9.859999999999999432e+00 6.232185999999999976e-02 1.298602000000000034e+00
9.859999999999999432e+00 9.020585000000000409e-02 2.033342999999999900e+00
9.859999999999999432e+00 1.352297000000000082e-01 4.219331000000000387e+00
9.859999999999999432e+00 2.038964000000000054e-01 7.882844999999999658e+00
9.859999999999999432e+00 3.056348999999999871e-01 1.217048999999999914e+01
9.859999999999999432e+00 4.586450999999999723e-01 1.675818999999999903e+01
9.859999999999999432e+00 6.883943999999999619e-01 2.010592000000000112e+01
9.859999999999999432e+00 1.032767999999999908e+00 2.305049999999999955e+01
9.859999999999999432e+00 1.549323000000000006e+00 2.875222000000000122e+01
9.859999999999999432e+00 2.237315999999999860e+00 4.468699999999999761e+01
9.859999999999999432e+00 2.922752000000000017e+00 6.886413000000000295e+01
