1.040000000000000036e+01 2.628257999999999983e-02 1.351322000000000045e+01
1.040000000000000036e+01 4.415427999999999714e-02 2.308526000000000167e+01
1.040000000000000036e+01 6.232185999999999976e-02 2.372453000000000145e+01
1.040000000000000036e+01 9.020585000000000409e-02 2.587895999999999930e+01
1.040000000000000036e+01 1.352297000000000082e-01 4.401744999999999663e+01
1.040000000000000036e+01 2.038964000000000054e-01 8.460947000000000173e+01
1.040000000000000036e+01 3.056348999999999871e-01 1.572318999999999960e+02
1.040000000000000036e+01 4.586450999999999723e-01 2.687307000000000130e+02
1.040000000000000036e+01 6.883943999999999619e-01 4.005711000000000013e+02
1.040000000000000036e+01 1.032767999999999908e+00 5.395471000000000004e+02
1.040000000000000036e+01 1.549323000000000006e+00 7.542644999999999982e+02
1.040000000000000036e+01 2.237315999999999860e+00 1.127884999999999991e+03
1.040000000000000036e+01 2.922752000000000017e+00 1.481018000000000029e+03
1.097000000000000064e+01 2.628257999999999983e-02 5.196608000000000338e+00
1.097000000000000064e+01 4.415427999999999714e-02 9.935945000000000249e+00
1.097000000000000064e+01 6.232185999999999976e-02 1.292473999999999990e+01
1.097000000000000064e+01 9.020585000000000409e-02 1.991291999999999973e+01
1.097000000000000064e+01 1.352297000000000082e-01 4.460251999999999839e+01
1.097000000000000064e+01 2.038964000000000054e-01 9.248022000000000276e+01
1.097000000000000064e+01 3.056348999999999871e-01 1.767400000000000091e+02
1.097000000000000064e+01 4.586450999999999723e-01 3.027457999999999743e+02
1.097000000000000064e+01 6.883943999999999619e-01 4.570027000000000044e+02
1.097000000000000064e+01 1.032767999999999908e+00 6.298943000000000438e+02
1.097000000000000064e+01 1.549323000000000006e+00 9.109311000000000149e+02
1.097000000000000064e+01 2.237315999999999860e+00 1.362769000000000005e+03
1.097000000000000064e+01 2.922752000000000017e+00 1.707161000000000058e+03
1.157000000000000028e+01 2.628257999999999983e-02 8.268453999999999526e-01
1.157000000000000028e+01 4.415427999999999714e-02 2.880631000000000164e+00
1.157000000000000028e+01 6.232185999999999976e-02 1.083261000000000074e+01
1.157000000000000028e+01 9.020585000000000409e-02 2.112124000000000024e+01
1.157000000000000028e+01 1.352297000000000082e-01 5.157365000000000066e+01
1.157000000000000028e+01 2.038964000000000054e-01 1.039615000000000009e+02
1.157000000000000028e+01 3.056348999999999871e-01 1.922813999999999908e+02
1.157000000000000028e+01 4.586450999999999723e-01 3.181297999999999888e+02
1.157000000000000028e+01 6.883943999999999619e-01 4.796000999999999976e+02
1.157000000000000028e+01 1.032767999999999908e+00 6.709895999999999958e+02
1.157000000000000028e+01 1.549323000000000006e+00 1.004267000000000053e+03
1.157000000000000028e+01 2.237315999999999860e+00 1.499670000000000073e+03
1.157000000000000028e+01 2.922752000000000017e+00 1.801569999999999936e+03
1.219999999999999929e+01 2.628257999999999983e-02 2.190214000000000105e+00
1.219999999999999929e+01 4.415427999999999714e-02 4.836857000000000184e+00
1.219999999999999929e+01 6.232185999999999976e-02 1.966713000000000022e+01
1.219999999999999929e+01 9.020585000000000409e-02 3.161503000000000085e+01
1.219999999999999929e+01 1.352297000000000082e-01 6.563460000000000605e+01
1.219999999999999929e+01 2.038964000000000054e-01 1.179752000000000010e+02
1.219999999999999929e+01 3.056348999999999871e-01 2.010158000000000129e+02
1.219999999999999929e+01 4.586450999999999723e-01 3.147364000000000033e+02
1.219999999999999929e+01 6.883943999999999619e-01 4.658045999999999935e+02
1.219999999999999929e+01 1.032767999999999908e+00 6.562365999999999531e+02
1.219999999999999929e+01 1.549323000000000006e+00 1.004078999999999951e+03
1.219999999999999929e+01 2.237315999999999860e+00 1.471404999999999973e+03
1.219999999999999929e+01 2.922752000000000017e+00 1.707317000000000007e+03
1.285999999999999943e+01 2.628257999999999983e-02 8.654154000000000124e+00
1.285999999999999943e+01 4.415427999999999714e-02 1.454739000000000004e+01
1.285999999999999943e+01 6.232185999999999976e-02 3.695824000000000353e+01
1.285999999999999943e+01 9.020585000000000409e-02 4.866290999999999656e+01
1.285999999999999943e+01 1.352297000000000082e-01 8.344387999999999295e+01
1.285999999999999943e+01 2.038964000000000054e-01 1.305423999999999864e+02
1.285999999999999943e+01 3.056348999999999871e-01 1.989455000000000098e+02
1.285999999999999943e+01 4.586450999999999723e-01 2.903052000000000135e+02
1.285999999999999943e+01 6.883943999999999619e-01 4.156198999999999728e+02
1.285999999999999943e+01 1.032767999999999908e+00 5.854400000000000546e+02
1.285999999999999943e+01 1.549323000000000006e+00 9.087608000000000175e+02
1.285999999999999943e+01 2.237315999999999860e+00 1.310314000000000078e+03
1.285999999999999943e+01 2.922752000000000017e+00 1.473722999999999956e+03
1.355000000000000071e+01 2.628257999999999983e-02 1.842154000000000025e+01
1.355000000000000071e+01 4.415427999999999714e-02 2.898536999999999964e+01
1.355000000000000071e+01 6.232185999999999976e-02 5.725975999999999999e+01
1.355000000000000071e+01 9.020585000000000409e-02 6.677852000000000032e+01
1.355000000000000071e+01 1.352297000000000082e-01 9.952956000000000358e+01
1.355000000000000071e+01 2.038964000000000054e-01 1.375946000000000140e+02
1.355000000000000071e+01 3.056348999999999871e-01 1.856801000000000101e+02
1.355000000000000071e+01 4.586450999999999723e-01 2.484277999999999906e+02
1.355000000000000071e+01 6.883943999999999619e-01 3.391365999999999872e+02
1.355000000000000071e+01 1.032767999999999908e+00 4.739685000000000059e+02
1.355000000000000071e+01 1.549323000000000006e+00 7.435272999999999683e+02
1.355000000000000071e+01 2.237315999999999860e+00 1.063689000000000078e+03
1.355000000000000071e+01 2.922752000000000017e+00 1.161430000000000064e+03
1.427999999999999936e+01 2.628257999999999983e-02 3.058550999999999931e+01
1.427999999999999936e+01 4.415427999999999714e-02 4.635416000000000025e+01
1.427999999999999936e+01 6.232185999999999976e-02 7.770718999999999710e+01
1.427999999999999936e+01 9.020585000000000409e-02 8.301761000000000479e+01
1.427999999999999936e+01 1.352297000000000082e-01 1.103312999999999988e+02
1.427999999999999936e+01 2.038964000000000054e-01 1.358361999999999910e+02
1.427999999999999936e+01 3.056348999999999871e-01 1.603077999999999861e+02
1.427999999999999936e+01 4.586450999999999723e-01 1.907581000000000131e+02
1.427999999999999936e+01 6.883943999999999619e-01 2.417196000000000140e+02
1.427999999999999936e+01 1.032767999999999908e+00 3.299807000000000130e+02
1.427999999999999936e+01 1.549323000000000006e+00 5.165747999999999820e+02
1.427999999999999936e+01 2.237315999999999860e+00 7.271200000000000045e+02
1.427999999999999936e+01 2.922752000000000017e+00 7.830374000000000478e+02
1.505000000000000071e+01 2.628257999999999983e-02 3.533281000000000205e+01
1.505000000000000071e+01 4.415427999999999714e-02 5.294650000000000034e+01
1.505000000000000071e+01 6.232185999999999976e-02 8.212618999999999403e+01
1.505000000000000071e+01 9.020585000000000409e-02 8.415137000000000000e+01
1.505000000000000071e+01 1.352297000000000082e-01 1.051912999999999982e+02
1.505000000000000071e+01 2.038964000000000054e-01 1.208571000000000026e+02
1.505000000000000071e+01 3.056348999999999871e-01 1.280635000000000048e+02
1.505000000000000071e+01 4.586450999999999723e-01 1.367247000000000128e+02
1.505000000000000071e+01 6.883943999999999619e-01 1.571565999999999974e+02
1.505000000000000071e+01 1.032767999999999908e+00 2.054977000000000089e+02
1.505000000000000071e+01 1.549323000000000006e+00 3.193018000000000143e+02
1.505000000000000071e+01 2.237315999999999860e+00 4.386066999999999894e+02
1.505000000000000071e+01 2.922752000000000017e+00 4.660790000000000077e+02
1.584999999999999964e+01 2.628257999999999983e-02 3.120719000000000065e+01
1.584999999999999964e+01 4.415427999999999714e-02 4.735155000000000314e+01
1.584999999999999964e+01 6.232185999999999976e-02 7.067315999999999576e+01
1.584999999999999964e+01 9.020585000000000409e-02 7.227481000000000222e+01
1.584999999999999964e+01 1.352297000000000082e-01 8.889376000000000033e+01
1.584999999999999964e+01 2.038964000000000054e-01 1.005007999999999981e+02
1.584999999999999964e+01 3.056348999999999871e-01 1.011000999999999976e+02
1.584999999999999964e+01 4.586450999999999723e-01 1.008452999999999946e+02
1.584999999999999964e+01 6.883943999999999619e-01 1.034495000000000005e+02
1.584999999999999964e+01 1.032767999999999908e+00 1.203229999999999933e+02
1.584999999999999964e+01 1.549323000000000006e+00 1.739660000000000082e+02
1.584999999999999964e+01 2.237315999999999860e+00 2.242334999999999923e+02
1.584999999999999964e+01 2.922752000000000017e+00 2.144226999999999919e+02
1.669000000000000128e+01 2.628257999999999983e-02 1.929901999999999873e+01
1.669000000000000128e+01 4.415427999999999714e-02 2.985558999999999941e+01
1.669000000000000128e+01 6.232185999999999976e-02 4.426317000000000235e+01
1.669000000000000128e+01 9.020585000000000409e-02 4.580230000000000246e+01
1.669000000000000128e+01 1.352297000000000082e-01 5.676724999999999710e+01
1.669000000000000128e+01 2.038964000000000054e-01 6.462579999999999814e+01
1.669000000000000128e+01 3.056348999999999871e-01 6.384680999999999784e+01
1.669000000000000128e+01 4.586450999999999723e-01 6.134848999999999819e+01
1.669000000000000128e+01 6.883943999999999619e-01 5.711377000000000237e+01
1.669000000000000128e+01 1.032767999999999908e+00 5.863172000000000139e+01
1.669000000000000128e+01 1.549323000000000006e+00 7.842355999999999483e+01
1.669000000000000128e+01 2.237315999999999860e+00 9.926591000000000520e+01
1.669000000000000128e+01 2.922752000000000017e+00 9.647813999999999623e+01
1.757000000000000028e+01 2.628257999999999983e-02 8.372863000000000611e+00
1.757000000000000028e+01 4.415427999999999714e-02 1.340934000000000026e+01
1.757000000000000028e+01 6.232185999999999976e-02 2.033145999999999987e+01
1.757000000000000028e+01 9.020585000000000409e-02 2.204287000000000063e+01
1.757000000000000028e+01 1.352297000000000082e-01 2.870534999999999926e+01
1.757000000000000028e+01 2.038964000000000054e-01 3.424873000000000189e+01
1.757000000000000028e+01 3.056348999999999871e-01 3.499846999999999753e+01
1.757000000000000028e+01 4.586450999999999723e-01 3.466734999999999900e+01
1.757000000000000028e+01 6.883943999999999619e-01 3.118935000000000102e+01
1.757000000000000028e+01 1.032767999999999908e+00 2.775563999999999965e+01
1.757000000000000028e+01 1.549323000000000006e+00 3.199330000000000140e+01
1.757000000000000028e+01 2.237315999999999860e+00 3.903960000000000008e+01
1.757000000000000028e+01 2.922752000000000017e+00 3.953168999999999755e+01
1.850000000000000000e+01 2.628257999999999983e-02 2.767126999999999892e+00
1.850000000000000000e+01 4.415427999999999714e-02 4.654024999999999856e+00
1.850000000000000000e+01 6.232185999999999976e-02 7.318070999999999771e+00
1.850000000000000000e+01 9.020585000000000409e-02 8.376379999999999271e+00
1.850000000000000000e+01 1.352297000000000082e-01 1.165592999999999968e+01
1.850000000000000000e+01 2.038964000000000054e-01 1.500070999999999977e+01
1.850000000000000000e+01 3.056348999999999871e-01 1.663153000000000148e+01
1.850000000000000000e+01 4.586450999999999723e-01 1.788117000000000090e+01
1.850000000000000000e+01 6.883943999999999619e-01 1.682359999999999900e+01
1.850000000000000000e+01 1.032767999999999908e+00 1.397976000000000063e+01
1.850000000000000000e+01 1.549323000000000006e+00 1.361802999999999919e+01
1.850000000000000000e+01 2.237315999999999860e+00 1.591100999999999921e+01
1.850000000000000000e+01 2.922752000000000017e+00 1.709281000000000006e+01
1.948000000000000043e+01 2.628257999999999983e-02 7.161600000000000188e-01
1.948000000000000043e+01 4.415427999999999714e-02 1.274923000000000028e+00
1.948000000000000043e+01 6.232185999999999976e-02 2.105799000000000198e+00
1.948000000000000043e+01 9.020585000000000409e-02 2.571775000000000144e+00
1.948000000000000043e+01 1.352297000000000082e-01 3.891553000000000040e+00
1.948000000000000043e+01 2.038964000000000054e-01 5.522378999999999927e+00
1.948000000000000043e+01 3.056348999999999871e-01 6.874465999999999966e+00
1.948000000000000043e+01 4.586450999999999723e-01 8.319527000000000783e+00
1.948000000000000043e+01 6.883943999999999619e-01 8.680087999999999582e+00
1.948000000000000043e+01 1.032767999999999908e+00 7.406664000000000136e+00
1.948000000000000043e+01 1.549323000000000006e+00 6.380692999999999948e+00
1.948000000000000043e+01 2.237315999999999860e+00 7.131127000000000216e+00
1.948000000000000043e+01 2.922752000000000017e+00 8.118389000000000522e+00
2.050000000000000000e+01 2.628257999999999983e-02 1.547030000000000072e-01
2.050000000000000000e+01 4.415427999999999714e-02 2.943442000000000003e-01
2.050000000000000000e+01 6.232185999999999976e-02 5.137557000000000373e-01
2.050000000000000000e+01 9.020585000000000409e-02 6.701993000000000533e-01
2.050000000000000000e+01 1.352297000000000082e-01 1.107224999999999904e+00
2.050000000000000000e+01 2.038964000000000054e-01 1.737705000000000055e+00
2.050000000000000000e+01 3.056348999999999871e-01 2.452706000000000053e+00
2.050000000000000000e+01 4.586450999999999723e-01 3.391652000000000111e+00
2.050000000000000000e+01 6.883943999999999619e-01 4.061528000000000027e+00
2.050000000000000000e+01 1.032767999999999908e+00 3.858276000000000039e+00
2.050000000000000000e+01 1.549323000000000006e+00 3.187038999999999955e+00
2.050000000000000000e+01 2.237315999999999860e+00 3.397269000000000094e+00
2.050000000000000000e+01 2.922752000000000017e+00 3.965279999999999916e+00
2.157999999999999829e+01 2.628257999999999983e-02 3.210077000000000069e-02
2.157999999999999829e+01 4.415427999999999714e-02 6.629830000000000445e-02
2.157999999999999829e+01 6.232185999999999976e-02 1.226484999999999936e-01
2.157999999999999829e+01 9.020585000000000409e-02 1.691556999999999922e-01
2.157999999999999829e+01 1.352297000000000082e-01 2.999962999999999935e-01
2.157999999999999829e+01 2.038964000000000054e-01 5.113324000000000202e-01
2.157999999999999829e+01 3.056348999999999871e-01 8.072055000000000202e-01
2.157999999999999829e+01 4.586450999999999723e-01 1.271981999999999946e+00
2.157999999999999829e+01 6.883943999999999619e-01 1.771381000000000094e+00
2.157999999999999829e+01 1.032767999999999908e+00 1.943257000000000012e+00
2.157999999999999829e+01 1.549323000000000006e+00 1.641734999999999944e+00
2.157999999999999829e+01 2.237315999999999860e+00 1.654374999999999929e+00
2.157999999999999829e+01 2.922752000000000017e+00 1.830746999999999902e+00
2.271000000000000085e+01 2.628257999999999983e-02 8.495867000000000696e-03
2.271000000000000085e+01 4.415427999999999714e-02 1.935061999999999893e-02
2.271000000000000085e+01 6.232185999999999976e-02 3.774769000000000041e-02
2.271000000000000085e+01 9.020585000000000409e-02 5.401837000000000305e-02
2.271000000000000085e+01 1.352297000000000082e-01 9.773158999999999319e-02
2.271000000000000085e+01 2.038964000000000054e-01 1.714355999999999935e-01
2.271000000000000085e+01 3.056348999999999871e-01 2.853178000000000103e-01
2.271000000000000085e+01 4.586450999999999723e-01 4.862792000000000225e-01
2.271000000000000085e+01 6.883943999999999619e-01 7.646950000000000136e-01
2.271000000000000085e+01 1.032767999999999908e+00 9.737400999999999973e-01
2.271000000000000085e+01 1.549323000000000006e+00 9.006104000000000331e-01
2.271000000000000085e+01 2.237315999999999860e+00 8.781425000000000480e-01
2.271000000000000085e+01 2.922752000000000017e+00 9.320256000000000096e-01
2.389000000000000057e+01 2.628257999999999983e-02 4.228212999999999763e-03
2.389000000000000057e+01 4.415427999999999714e-02 1.039495000000000002e-02
2.389000000000000057e+01 6.232185999999999976e-02 2.151899000000000173e-02
2.389000000000000057e+01 9.020585000000000409e-02 3.148876999999999926e-02
2.389000000000000057e+01 1.352297000000000082e-01 5.620609000000000022e-02
2.389000000000000057e+01 2.038964000000000054e-01 9.484422000000000685e-02
2.389000000000000057e+01 3.056348999999999871e-01 1.512624999999999942e-01
2.389000000000000057e+01 4.586450999999999723e-01 2.456457999999999975e-01
2.389000000000000057e+01 6.883943999999999619e-01 3.900572999999999957e-01
2.389000000000000057e+01 1.032767999999999908e+00 5.401295000000000401e-01
2.389000000000000057e+01 1.549323000000000006e+00 5.680469999999999686e-01
2.389000000000000057e+01 2.237315999999999860e+00 5.497389000000000303e-01
2.389000000000000057e+01 2.922752000000000017e+00 5.816685000000000327e-01
2.514000000000000057e+01 2.628257999999999983e-02 3.979443000000000043e-03
2.514000000000000057e+01 4.415427999999999714e-02 1.003745999999999979e-02
2.514000000000000057e+01 6.232185999999999976e-02 2.183925999999999923e-02
2.514000000000000057e+01 9.020585000000000409e-02 3.237203000000000302e-02
2.514000000000000057e+01 1.352297000000000082e-01 5.798028999999999683e-02
2.514000000000000057e+01 2.038964000000000054e-01 9.474686999999999693e-02
2.514000000000000057e+01 3.056348999999999871e-01 1.440917999999999921e-01
2.514000000000000057e+01 4.586450999999999723e-01 2.120952999999999866e-01
2.514000000000000057e+01 6.883943999999999619e-01 3.079211000000000031e-01
2.514000000000000057e+01 1.032767999999999908e+00 4.102790000000000048e-01
2.514000000000000057e+01 1.549323000000000006e+00 4.625210000000000155e-01
2.514000000000000057e+01 2.237315999999999860e+00 4.741785000000000028e-01
2.514000000000000057e+01 2.922752000000000017e+00 4.991085000000000105e-01
2.644000000000000128e+01 2.628257999999999983e-02 4.967377000000000251e-03
2.644000000000000128e+01 4.415427999999999714e-02 1.253135000000000013e-02
2.644000000000000128e+01 6.232185999999999976e-02 2.795494000000000104e-02
2.644000000000000128e+01 9.020585000000000409e-02 4.148193000000000019e-02
2.644000000000000128e+01 1.352297000000000082e-01 7.464806999999999693e-02
2.644000000000000128e+01 2.038964000000000054e-01 1.206611999999999962e-01
2.644000000000000128e+01 3.056348999999999871e-01 1.808643000000000056e-01
2.644000000000000128e+01 4.586450999999999723e-01 2.552504999999999913e-01
2.644000000000000128e+01 6.883943999999999619e-01 3.498807999999999918e-01
2.644000000000000128e+01 1.032767999999999908e+00 4.382284000000000179e-01
2.644000000000000128e+01 1.549323000000000006e+00 4.942363000000000173e-01
2.644000000000000128e+01 2.237315999999999860e+00 5.406697000000000308e-01
2.644000000000000128e+01 2.922752000000000017e+00 5.758189000000000224e-01
2.782000000000000028e+01 2.628257999999999983e-02 6.722709999999999797e-03
2.782000000000000028e+01 4.415427999999999714e-02 1.692841999999999958e-02
2.782000000000000028e+01 6.232185999999999976e-02 3.824717999999999868e-02
2.782000000000000028e+01 9.020585000000000409e-02 5.655704000000000287e-02
2.782000000000000028e+01 1.352297000000000082e-01 1.021434999999999982e-01
2.782000000000000028e+01 2.038964000000000054e-01 1.644684999999999897e-01
2.782000000000000028e+01 3.056348999999999871e-01 2.462504000000000082e-01
2.782000000000000028e+01 4.586450999999999723e-01 3.450301000000000062e-01
2.782000000000000028e+01 6.883943999999999619e-01 4.681021000000000210e-01
2.782000000000000028e+01 1.032767999999999908e+00 5.732471000000000094e-01
2.782000000000000028e+01 1.549323000000000006e+00 6.452425000000000521e-01
2.782000000000000028e+01 2.237315999999999860e+00 7.315095999999999821e-01
2.782000000000000028e+01 2.922752000000000017e+00 8.028969999999999718e-01
2.926000000000000156e+01 2.628257999999999983e-02 9.072866000000000611e-03
2.926000000000000156e+01 4.415427999999999714e-02 2.284038000000000040e-02
2.926000000000000156e+01 6.232185999999999976e-02 5.192750000000000143e-02
2.926000000000000156e+01 9.020585000000000409e-02 7.652818000000000120e-02
2.926000000000000156e+01 1.352297000000000082e-01 1.385596000000000050e-01
2.926000000000000156e+01 2.038964000000000054e-01 2.225824000000000136e-01
2.926000000000000156e+01 3.056348999999999871e-01 3.343365999999999838e-01
2.926000000000000156e+01 4.586450999999999723e-01 4.703395000000000215e-01
2.926000000000000156e+01 6.883943999999999619e-01 6.396566999999999670e-01
2.926000000000000156e+01 1.032767999999999908e+00 7.835012000000000087e-01
2.926000000000000156e+01 1.549323000000000006e+00 8.901780000000000248e-01
2.926000000000000156e+01 2.237315999999999860e+00 1.035781000000000063e+00
2.926000000000000156e+01 2.922752000000000017e+00 1.186679999999999957e+00
3.076999999999999957e+01 2.628257999999999983e-02 1.519776999999999934e+00
3.076999999999999957e+01 4.415427999999999714e-02 3.798483000000000054e+00
3.076999999999999957e+01 6.232185999999999976e-02 1.042258999999999958e+01
3.076999999999999957e+01 9.020585000000000409e-02 1.495594000000000001e+01
3.076999999999999957e+01 1.352297000000000082e-01 2.751354999999999862e+01
3.076999999999999957e+01 2.038964000000000054e-01 4.494035000000000224e+01
3.076999999999999957e+01 3.056348999999999871e-01 7.142712000000000216e+01
3.076999999999999957e+01 4.586450999999999723e-01 1.160686000000000035e+02
3.076999999999999957e+01 6.883943999999999619e-01 1.937909999999999968e+02
3.076999999999999957e+01 1.032767999999999908e+00 2.983860000000000241e+02
3.076999999999999957e+01 1.549323000000000006e+00 4.338561000000000263e+02
3.076999999999999957e+01 2.237315999999999860e+00 6.073508000000000493e+02
3.076999999999999957e+01 2.922752000000000017e+00 7.651785999999999603e+02
3.235999999999999943e+01 2.628257999999999983e-02 1.373884000000000105e+00
3.235999999999999943e+01 4.415427999999999714e-02 3.444936999999999916e+00
3.235999999999999943e+01 6.232185999999999976e-02 9.378202999999999179e+00
3.235999999999999943e+01 9.020585000000000409e-02 1.340634999999999977e+01
3.235999999999999943e+01 1.352297000000000082e-01 2.471638000000000090e+01
3.235999999999999943e+01 2.038964000000000054e-01 4.052734999999999843e+01
3.235999999999999943e+01 3.056348999999999871e-01 6.497351999999999350e+01
3.235999999999999943e+01 4.586450999999999723e-01 1.065691999999999950e+02
3.235999999999999943e+01 6.883943999999999619e-01 1.761947000000000116e+02
3.235999999999999943e+01 1.032767999999999908e+00 2.673315000000000055e+02
3.235999999999999943e+01 1.549323000000000006e+00 3.867586999999999762e+02
3.235999999999999943e+01 2.237315999999999860e+00 5.461037000000000035e+02
3.235999999999999943e+01 2.922752000000000017e+00 7.061865999999999985e+02
3.403000000000000114e+01 2.628257999999999983e-02 1.250358999999999998e+00
3.403000000000000114e+01 4.415427999999999714e-02 3.131464999999999943e+00
3.403000000000000114e+01 6.232185999999999976e-02 8.474054999999999893e+00
3.403000000000000114e+01 9.020585000000000409e-02 1.205541999999999980e+01
3.403000000000000114e+01 1.352297000000000082e-01 2.224887999999999977e+01
3.403000000000000114e+01 2.038964000000000054e-01 3.665661000000000058e+01
3.403000000000000114e+01 3.056348999999999871e-01 5.933498000000000161e+01
3.403000000000000114e+01 4.586450999999999723e-01 9.771706000000000358e+01
3.403000000000000114e+01 6.883943999999999619e-01 1.593828000000000031e+02
3.403000000000000114e+01 1.032767999999999908e+00 2.380928000000000111e+02
3.403000000000000114e+01 1.549323000000000006e+00 3.429941000000000031e+02
3.403000000000000114e+01 2.237315999999999860e+00 4.891041000000000167e+02
3.403000000000000114e+01 2.922752000000000017e+00 6.443780000000000427e+02
6.000000000000000000e+00 2.628257999999999983e-02 7.504091999999999707e-02
6.000000000000000000e+00 4.415427999999999714e-02 3.572608999999999924e-01
6.000000000000000000e+00 6.232185999999999976e-02 9.014967999999999870e-01
6.000000000000000000e+00 9.020585000000000409e-02 1.747216000000000102e+00
6.000000000000000000e+00 1.352297000000000082e-01 3.380323999999999884e+00
6.000000000000000000e+00 2.038964000000000054e-01 2.966784000000000088e+00
6.000000000000000000e+00 3.056348999999999871e-01 2.494635000000000158e+00
6.000000000000000000e+00 4.586450999999999723e-01 2.328907000000000060e+00
6.000000000000000000e+00 6.883943999999999619e-01 2.412471000000000032e+00
6.000000000000000000e+00 1.032767999999999908e+00 2.687650999999999790e+00
6.000000000000000000e+00 1.549323000000000006e+00 3.280137999999999998e+00
6.000000000000000000e+00 2.237315999999999860e+00 4.975067000000000128e+00
6.000000000000000000e+00 2.922752000000000017e+00 7.757033999999999985e+00
6.349999999999999645e+00 2.628257999999999983e-02 2.706648000000000040e-02
6.349999999999999645e+00 4.415427999999999714e-02 3.347732999999999959e-02
6.349999999999999645e+00 6.232185999999999976e-02 1.927272999999999903e-01
6.349999999999999645e+00 9.020585000000000409e-02 5.167422000000000404e-01
6.349999999999999645e+00 1.352297000000000082e-01 1.239686999999999983e+00
6.349999999999999645e+00 2.038964000000000054e-01 1.323009000000000102e+00
6.349999999999999645e+00 3.056348999999999871e-01 1.163102999999999998e+00
6.349999999999999645e+00 4.586450999999999723e-01 1.154665999999999970e+00
6.349999999999999645e+00 6.883943999999999619e-01 1.251366999999999896e+00
6.349999999999999645e+00 1.032767999999999908e+00 1.432685999999999904e+00
6.349999999999999645e+00 1.549323000000000006e+00 1.746178999999999926e+00
6.349999999999999645e+00 2.237315999999999860e+00 2.605072999999999972e+00
6.349999999999999645e+00 2.922752000000000017e+00 4.053378000000000370e+00
6.719999999999999751e+00 2.628257999999999983e-02 5.291057999999999595e-01
6.719999999999999751e+00 4.415427999999999714e-02 4.979039000000000104e-01
6.719999999999999751e+00 6.232185999999999976e-02 3.639605000000000201e-01
6.719999999999999751e+00 9.020585000000000409e-02 2.658434000000000075e-01
6.719999999999999751e+00 1.352297000000000082e-01 2.027772999999999937e-01
6.719999999999999751e+00 2.038964000000000054e-01 2.068608000000000113e-01
6.719999999999999751e+00 3.056348999999999871e-01 1.773862999999999968e-01
6.719999999999999751e+00 4.586450999999999723e-01 1.738812999999999886e-01
6.719999999999999751e+00 6.883943999999999619e-01 1.889476999999999962e-01
6.719999999999999751e+00 1.032767999999999908e+00 2.220802000000000054e-01
6.719999999999999751e+00 1.549323000000000006e+00 2.929770999999999903e-01
6.719999999999999751e+00 2.237315999999999860e+00 4.625722999999999918e-01
6.719999999999999751e+00 2.922752000000000017e+00 6.905822000000000349e-01
7.099999999999999645e+00 2.628257999999999983e-02 2.239879000000000175e+00
7.099999999999999645e+00 4.415427999999999714e-02 2.839628999999999959e+00
7.099999999999999645e+00 6.232185999999999976e-02 2.864768000000000203e+00
7.099999999999999645e+00 9.020585000000000409e-02 2.541814000000000018e+00
7.099999999999999645e+00 1.352297000000000082e-01 2.555477000000000221e+00
7.099999999999999645e+00 2.038964000000000054e-01 2.384478999999999793e+00
7.099999999999999645e+00 3.056348999999999871e-01 2.187304999999999833e+00
7.099999999999999645e+00 4.586450999999999723e-01 2.014400999999999886e+00
7.099999999999999645e+00 6.883943999999999619e-01 2.002569999999999961e+00
7.099999999999999645e+00 1.032767999999999908e+00 2.184521000000000157e+00
7.099999999999999645e+00 1.549323000000000006e+00 2.771684000000000037e+00
7.099999999999999645e+00 2.237315999999999860e+00 4.446680999999999884e+00
7.099999999999999645e+00 2.922752000000000017e+00 6.624595000000000233e+00
7.509999999999999787e+00 2.628257999999999983e-02 5.877997999999999834e+00
7.509999999999999787e+00 4.415427999999999714e-02 8.090192999999999302e+00
7.509999999999999787e+00 6.232185999999999976e-02 8.582772999999999541e+00
7.509999999999999787e+00 9.020585000000000409e-02 7.884941000000000422e+00
7.509999999999999787e+00 1.352297000000000082e-01 9.102990000000000137e+00
7.509999999999999787e+00 2.038964000000000054e-01 1.012777999999999956e+01
7.509999999999999787e+00 3.056348999999999871e-01 1.034913000000000061e+01
7.509999999999999787e+00 4.586450999999999723e-01 1.065555999999999948e+01
7.509999999999999787e+00 6.883943999999999619e-01 1.145362000000000080e+01
7.509999999999999787e+00 1.032767999999999908e+00 1.296149999999999913e+01
7.509999999999999787e+00 1.549323000000000006e+00 1.641015000000000157e+01
7.509999999999999787e+00 2.237315999999999860e+00 2.554853999999999914e+01
7.509999999999999787e+00 2.922752000000000017e+00 3.802364000000000033e+01
7.929999999999999716e+00 2.628257999999999983e-02 1.168192999999999948e+01
7.929999999999999716e+00 4.415427999999999714e-02 1.673758000000000123e+01
7.929999999999999716e+00 6.232185999999999976e-02 1.752363000000000071e+01
7.929999999999999716e+00 9.020585000000000409e-02 1.585305999999999926e+01
7.929999999999999716e+00 1.352297000000000082e-01 1.856276000000000082e+01
7.929999999999999716e+00 2.038964000000000054e-01 2.351982999999999890e+01
7.929999999999999716e+00 3.056348999999999871e-01 2.656220000000000070e+01
7.929999999999999716e+00 4.586450999999999723e-01 3.040896000000000043e+01
7.929999999999999716e+00 6.883943999999999619e-01 3.483364999999999867e+01
7.929999999999999716e+00 1.032767999999999908e+00 4.072917000000000343e+01
7.929999999999999716e+00 1.549323000000000006e+00 5.202304000000000173e+01
7.929999999999999716e+00 2.237315999999999860e+00 8.076327999999999463e+01
7.929999999999999716e+00 2.922752000000000017e+00 1.185712999999999937e+02
8.380000000000000782e+00 2.628257999999999983e-02 1.863607999999999976e+01
8.380000000000000782e+00 4.415427999999999714e-02 2.759441999999999950e+01
8.380000000000000782e+00 6.232185999999999976e-02 2.836479999999999890e+01
8.380000000000000782e+00 9.020585000000000409e-02 2.512593000000000032e+01
8.380000000000000782e+00 1.352297000000000082e-01 2.956202000000000041e+01
8.380000000000000782e+00 2.038964000000000054e-01 4.024441000000000201e+01
8.380000000000000782e+00 3.056348999999999871e-01 5.053508999999999673e+01
8.380000000000000782e+00 4.586450999999999723e-01 6.419280000000000541e+01
8.380000000000000782e+00 6.883943999999999619e-01 7.826806000000000552e+01
8.380000000000000782e+00 1.032767999999999908e+00 9.438746999999999332e+01
8.380000000000000782e+00 1.549323000000000006e+00 1.215194000000000045e+02
8.380000000000000782e+00 2.237315999999999860e+00 1.856514999999999986e+02
8.380000000000000782e+00 2.922752000000000017e+00 2.680788000000000011e+02
8.849999999999999645e+00 2.628257999999999983e-02 2.446697999999999951e+01
8.849999999999999645e+00 4.415427999999999714e-02 3.709788999999999959e+01
8.849999999999999645e+00 6.232185999999999976e-02 3.811842000000000041e+01
8.849999999999999645e+00 9.020585000000000409e-02 3.320741000000000298e+01
8.849999999999999645e+00 1.352297000000000082e-01 3.937230999999999881e+01
8.849999999999999645e+00 2.038964000000000054e-01 5.631694999999999851e+01
8.849999999999999645e+00 3.056348999999999871e-01 7.904672999999999661e+01
8.849999999999999645e+00 4.586450999999999723e-01 1.113333999999999975e+02
8.849999999999999645e+00 6.883943999999999619e-01 1.442145999999999901e+02
8.849999999999999645e+00 1.032767999999999908e+00 1.794906000000000006e+02
8.849999999999999645e+00 1.549323000000000006e+00 2.335956999999999937e+02
8.849999999999999645e+00 2.237315999999999860e+00 3.539062000000000126e+02
8.849999999999999645e+00 2.922752000000000017e+00 5.018706999999999994e+02
9.339999999999999858e+00 2.628257999999999983e-02 2.628479000000000099e+01
9.339999999999999858e+00 4.415427999999999714e-02 4.113185000000000002e+01
9.339999999999999858e+00 6.232185999999999976e-02 4.183646000000000242e+01
9.339999999999999858e+00 9.020585000000000409e-02 3.682502999999999815e+01
9.339999999999999858e+00 1.352297000000000082e-01 4.490926999999999936e+01
9.339999999999999858e+00 2.038964000000000054e-01 6.936534000000000333e+01
9.339999999999999858e+00 3.056348999999999871e-01 1.077433999999999941e+02
9.339999999999999858e+00 4.586450999999999723e-01 1.666726999999999919e+02
9.339999999999999858e+00 6.883943999999999619e-01 2.290834000000000117e+02
9.339999999999999858e+00 1.032767999999999908e+00 2.937239000000000146e+02
9.339999999999999858e+00 1.549323000000000006e+00 3.918346999999999980e+02
9.339999999999999858e+00 2.237315999999999860e+00 5.933695000000000164e+02
9.339999999999999858e+00 2.922752000000000017e+00 8.227739000000000260e+02
9.859999999999999432e+00 2.628257999999999983e-02 2.246555000000000035e+01
9.859999999999999432e+00 4.415427999999999714e-02 3.629937999999999931e+01
9.859999999999999432e+00 6.232185999999999976e-02 3.649553999999999832e+01
9.859999999999999432e+00 9.020585000000000409e-02 3.407867000000000246e+01
9.859999999999999432e+00 1.352297000000000082e-01 4.606738000000000000e+01
9.859999999999999432e+00 2.038964000000000054e-01 7.844249000000000649e+01
9.859999999999999432e+00 3.056348999999999871e-01 1.348734000000000037e+02
9.859999999999999432e+00 4.586450999999999723e-01 2.231666999999999916e+02
9.859999999999999432e+00 6.883943999999999619e-01 3.217710000000000150e+02
9.859999999999999432e+00 1.032767999999999908e+00 4.232393999999999892e+02
9.859999999999999432e+00 1.549323000000000006e+00 5.799922000000000253e+02
9.859999999999999432e+00 2.237315999999999860e+00 8.789891999999999825e+02
9.859999999999999432e+00 2.922752000000000017e+00 1.188112000000000080e+03
