1.040000000000000036e+01 2.628257999999999983e-02 2.824993000000000087e+00
1.040000000000000036e+01 4.415427999999999714e-02 4.487440000000000317e+00
1.040000000000000036e+01 6.232185999999999976e-02 5.122524000000000299e+00
1.040000000000000036e+01 9.020585000000000409e-02 4.868303000000000047e+00
1.040000000000000036e+01 1.352297000000000082e-01 5.103354000000000390e+00
1.040000000000000036e+01 2.038964000000000054e-01 5.126757999999999704e+00
1.040000000000000036e+01 3.056348999999999871e-01 5.159690999999999583e+00
1.040000000000000036e+01 4.586450999999999723e-01 4.894211000000000311e+00
1.040000000000000036e+01 6.883943999999999619e-01 4.724758999999999709e+00
1.040000000000000036e+01 1.032767999999999908e+00 4.733477999999999852e+00
1.040000000000000036e+01 1.549323000000000006e+00 5.540306000000000175e+00
1.040000000000000036e+01 2.237315999999999860e+00 8.414122000000000767e+00
1.040000000000000036e+01 2.922752000000000017e+00 1.270613999999999955e+01
1.097000000000000064e+01 2.628257999999999983e-02 7.383941000000000088e+00
1.097000000000000064e+01 4.415427999999999714e-02 1.273157999999999923e+01
1.097000000000000064e+01 6.232185999999999976e-02 1.509121999999999986e+01
1.097000000000000064e+01 9.020585000000000409e-02 1.453755999999999915e+01
1.097000000000000064e+01 1.352297000000000082e-01 1.567446999999999946e+01
1.097000000000000064e+01 2.038964000000000054e-01 1.702928999999999959e+01
1.097000000000000064e+01 3.056348999999999871e-01 1.834769999999999968e+01
1.097000000000000064e+01 4.586450999999999723e-01 1.926241999999999877e+01
1.097000000000000064e+01 6.883943999999999619e-01 1.999369000000000085e+01
1.097000000000000064e+01 1.032767999999999908e+00 2.120516999999999896e+01
1.097000000000000064e+01 1.549323000000000006e+00 2.604697000000000173e+01
1.097000000000000064e+01 2.237315999999999860e+00 4.011424999999999841e+01
1.097000000000000064e+01 2.922752000000000017e+00 6.020557999999999765e+01
1.157000000000000028e+01 2.628257999999999983e-02 1.451770999999999923e+01
1.157000000000000028e+01 4.415427999999999714e-02 2.585485999999999862e+01
1.157000000000000028e+01 6.232185999999999976e-02 3.137946000000000168e+01
1.157000000000000028e+01 9.020585000000000409e-02 3.026870999999999867e+01
1.157000000000000028e+01 1.352297000000000082e-01 3.218825999999999965e+01
1.157000000000000028e+01 2.038964000000000054e-01 3.499873999999999796e+01
1.157000000000000028e+01 3.056348999999999871e-01 3.937917000000000201e+01
1.157000000000000028e+01 4.586450999999999723e-01 4.520683999999999969e+01
1.157000000000000028e+01 6.883943999999999619e-01 5.118534999999999968e+01
1.157000000000000028e+01 1.032767999999999908e+00 5.814799000000000007e+01
1.157000000000000028e+01 1.549323000000000006e+00 7.502948000000000661e+01
1.157000000000000028e+01 2.237315999999999860e+00 1.174903000000000048e+02
1.157000000000000028e+01 2.922752000000000017e+00 1.744816999999999894e+02
1.219999999999999929e+01 2.628257999999999983e-02 2.237160000000000082e+01
1.219999999999999929e+01 4.415427999999999714e-02 4.075216000000000349e+01
1.219999999999999929e+01 6.232185999999999976e-02 4.977087999999999823e+01
1.219999999999999929e+01 9.020585000000000409e-02 4.832491999999999877e+01
1.219999999999999929e+01 1.352297000000000082e-01 5.077049999999999841e+01
1.219999999999999929e+01 2.038964000000000054e-01 5.435972999999999900e+01
1.219999999999999929e+01 3.056348999999999871e-01 6.262919999999999732e+01
1.219999999999999929e+01 4.586450999999999723e-01 7.918376999999999555e+01
1.219999999999999929e+01 6.883943999999999619e-01 9.822660000000000480e+01
1.219999999999999929e+01 1.032767999999999908e+00 1.203328999999999951e+02
1.219999999999999929e+01 1.549323000000000006e+00 1.641162999999999954e+02
1.219999999999999929e+01 2.237315999999999860e+00 2.596506999999999721e+02
1.219999999999999929e+01 2.922752000000000017e+00 3.792495999999999867e+02
1.285999999999999943e+01 2.628257999999999983e-02 2.678161000000000058e+01
1.285999999999999943e+01 4.415427999999999714e-02 5.018368000000000251e+01
1.285999999999999943e+01 6.232185999999999976e-02 6.138322000000000145e+01
1.285999999999999943e+01 9.020585000000000409e-02 6.037028000000000105e+01
1.285999999999999943e+01 1.352297000000000082e-01 6.389916000000000196e+01
1.285999999999999943e+01 2.038964000000000054e-01 6.830731000000000108e+01
1.285999999999999943e+01 3.056348999999999871e-01 8.158938999999999453e+01
1.285999999999999943e+01 4.586450999999999723e-01 1.132488000000000028e+02
1.285999999999999943e+01 6.883943999999999619e-01 1.533983000000000061e+02
1.285999999999999943e+01 1.032767999999999908e+00 2.035164000000000044e+02
1.285999999999999943e+01 1.549323000000000006e+00 2.934019000000000119e+02
1.285999999999999943e+01 2.237315999999999860e+00 4.672629999999999768e+02
1.285999999999999943e+01 2.922752000000000017e+00 6.700679000000000087e+02
1.355000000000000071e+01 2.628257999999999983e-02 2.394625999999999877e+01
1.355000000000000071e+01 4.415427999999999714e-02 4.666946000000000083e+01
1.355000000000000071e+01 6.232185999999999976e-02 5.722079000000000093e+01
1.355000000000000071e+01 9.020585000000000409e-02 5.741675000000000040e+01
1.355000000000000071e+01 1.352297000000000082e-01 6.298803999999999803e+01
1.355000000000000071e+01 2.038964000000000054e-01 7.045735999999999422e+01
1.355000000000000071e+01 3.056348999999999871e-01 9.076169000000000153e+01
1.355000000000000071e+01 4.586450999999999723e-01 1.388020999999999958e+02
1.355000000000000071e+01 6.883943999999999619e-01 2.051699999999999875e+02
1.355000000000000071e+01 1.032767999999999908e+00 2.929051999999999794e+02
1.355000000000000071e+01 1.549323000000000006e+00 4.471598000000000184e+02
1.355000000000000071e+01 2.237315999999999860e+00 7.148952000000000453e+02
1.355000000000000071e+01 2.922752000000000017e+00 1.005408000000000015e+03
1.427999999999999936e+01 2.628257999999999983e-02 1.241891000000000034e+01
1.427999999999999936e+01 4.415427999999999714e-02 2.711850000000000094e+01
1.427999999999999936e+01 6.232185999999999976e-02 3.331340000000000146e+01
1.427999999999999936e+01 9.020585000000000409e-02 3.600592999999999932e+01
1.427999999999999936e+01 1.352297000000000082e-01 4.404934999999999690e+01
1.427999999999999936e+01 2.038964000000000054e-01 5.713611000000000217e+01
1.427999999999999936e+01 3.056348999999999871e-01 8.539588000000000534e+01
1.427999999999999936e+01 4.586450999999999723e-01 1.454679999999999893e+02
1.427999999999999936e+01 6.883943999999999619e-01 2.320643000000000029e+02
1.427999999999999936e+01 1.032767999999999908e+00 3.529064000000000192e+02
1.427999999999999936e+01 1.549323000000000006e+00 5.615657999999999674e+02
1.427999999999999936e+01 2.237315999999999860e+00 8.903828999999999496e+02
1.427999999999999936e+01 2.922752000000000017e+00 1.216269999999999982e+03
1.505000000000000071e+01 2.628257999999999983e-02 3.129624000000000184e+00
1.505000000000000071e+01 4.415427999999999714e-02 9.303077999999999292e+00
1.505000000000000071e+01 6.232185999999999976e-02 1.213516000000000084e+01
1.505000000000000071e+01 9.020585000000000409e-02 1.598686999999999969e+01
1.505000000000000071e+01 1.352297000000000082e-01 2.561506999999999934e+01
1.505000000000000071e+01 2.038964000000000054e-01 4.397583000000000197e+01
1.505000000000000071e+01 3.056348999999999871e-01 7.889712000000000103e+01
1.505000000000000071e+01 4.586450999999999723e-01 1.446864999999999952e+02
1.505000000000000071e+01 6.883943999999999619e-01 2.428387999999999920e+02
1.505000000000000071e+01 1.032767999999999908e+00 3.885767999999999915e+02
1.505000000000000071e+01 1.549323000000000006e+00 6.392641999999999598e+02
1.505000000000000071e+01 2.237315999999999860e+00 9.943832999999999629e+02
1.505000000000000071e+01 2.922752000000000017e+00 1.324398999999999887e+03
1.584999999999999964e+01 2.628257999999999983e-02 4.413998000000000088e-01
1.584999999999999964e+01 4.415427999999999714e-02 1.444885999999999893e+00
1.584999999999999964e+01 6.232185999999999976e-02 4.838668000000000191e+00
1.584999999999999964e+01 9.020585000000000409e-02 8.517079000000000732e+00
1.584999999999999964e+01 1.352297000000000082e-01 1.893233000000000033e+01
1.584999999999999964e+01 2.038964000000000054e-01 3.871911000000000058e+01
1.584999999999999964e+01 3.056348999999999871e-01 7.470199999999999818e+01
1.584999999999999964e+01 4.586450999999999723e-01 1.356422000000000025e+02
1.584999999999999964e+01 6.883943999999999619e-01 2.311242000000000019e+02
1.584999999999999964e+01 1.032767999999999908e+00 3.808496999999999844e+02
1.584999999999999964e+01 1.549323000000000006e+00 6.461834000000000060e+02
1.584999999999999964e+01 2.237315999999999860e+00 9.900075000000000500e+02
1.584999999999999964e+01 2.922752000000000017e+00 1.287746000000000095e+03
1.669000000000000128e+01 2.628257999999999983e-02 5.230088000000000292e+00
1.669000000000000128e+01 4.415427999999999714e-02 6.527552000000000021e+00
1.669000000000000128e+01 6.232185999999999976e-02 1.442190000000000083e+01
1.669000000000000128e+01 9.020585000000000409e-02 1.696346000000000132e+01
1.669000000000000128e+01 1.352297000000000082e-01 2.773870000000000147e+01
1.669000000000000128e+01 2.038964000000000054e-01 4.506109000000000009e+01
1.669000000000000128e+01 3.056348999999999871e-01 7.507547999999999888e+01
1.669000000000000128e+01 4.586450999999999723e-01 1.212155999999999949e+02
1.669000000000000128e+01 6.883943999999999619e-01 1.985604999999999905e+02
1.669000000000000128e+01 1.032767999999999908e+00 3.311958000000000197e+02
1.669000000000000128e+01 1.549323000000000006e+00 5.704928999999999633e+02
1.669000000000000128e+01 2.237315999999999860e+00 8.653505000000000109e+02
1.669000000000000128e+01 2.922752000000000017e+00 1.107473999999999933e+03
1.757000000000000028e+01 2.628257999999999983e-02 1.255411999999999928e+01
1.757000000000000028e+01 4.415427999999999714e-02 1.717088000000000036e+01
1.757000000000000028e+01 6.232185999999999976e-02 2.999093999999999838e+01
1.757000000000000028e+01 9.020585000000000409e-02 3.181901999999999830e+01
1.757000000000000028e+01 1.352297000000000082e-01 4.309051000000000187e+01
1.757000000000000028e+01 2.038964000000000054e-01 5.591047999999999973e+01
1.757000000000000028e+01 3.056348999999999871e-01 7.547729999999999961e+01
1.757000000000000028e+01 4.586450999999999723e-01 1.029295999999999935e+02
1.757000000000000028e+01 6.883943999999999619e-01 1.541801000000000101e+02
1.757000000000000028e+01 1.032767999999999908e+00 2.519682999999999993e+02
1.757000000000000028e+01 1.549323000000000006e+00 4.331399999999999864e+02
1.757000000000000028e+01 2.237315999999999860e+00 6.463328999999999951e+02
1.757000000000000028e+01 2.922752000000000017e+00 8.177024999999999864e+02
1.850000000000000000e+01 2.628257999999999983e-02 1.712576999999999927e+01
1.850000000000000000e+01 4.415427999999999714e-02 2.473680999999999841e+01
1.850000000000000000e+01 6.232185999999999976e-02 3.961401000000000039e+01
1.850000000000000000e+01 9.020585000000000409e-02 4.092076999999999742e+01
1.850000000000000000e+01 1.352297000000000082e-01 5.194745999999999952e+01
1.850000000000000000e+01 2.038964000000000054e-01 6.117202000000000339e+01
1.850000000000000000e+01 3.056348999999999871e-01 7.061256000000000199e+01
1.850000000000000000e+01 4.586450999999999723e-01 8.289297000000000537e+01
1.850000000000000000e+01 6.883943999999999619e-01 1.100244000000000000e+02
1.850000000000000000e+01 1.032767999999999908e+00 1.695087000000000046e+02
1.850000000000000000e+01 1.549323000000000006e+00 2.865047000000000139e+02
1.850000000000000000e+01 2.237315999999999860e+00 4.210273000000000252e+02
1.850000000000000000e+01 2.922752000000000017e+00 5.250465000000000373e+02
1.948000000000000043e+01 2.628257999999999983e-02 1.634680000000000177e+01
1.948000000000000043e+01 4.415427999999999714e-02 2.436404999999999887e+01
1.948000000000000043e+01 6.232185999999999976e-02 3.749719999999999942e+01
1.948000000000000043e+01 9.020585000000000409e-02 3.875894000000000261e+01
1.948000000000000043e+01 1.352297000000000082e-01 4.817280999999999835e+01
1.948000000000000043e+01 2.038964000000000054e-01 5.509720999999999691e+01
1.948000000000000043e+01 3.056348999999999871e-01 5.838739999999999952e+01
1.948000000000000043e+01 4.586450999999999723e-01 6.188924999999999699e+01
1.948000000000000043e+01 6.883943999999999619e-01 7.231009000000000242e+01
1.948000000000000043e+01 1.032767999999999908e+00 1.005532999999999930e+02
1.948000000000000043e+01 1.549323000000000006e+00 1.622272000000000105e+02
1.948000000000000043e+01 2.237315999999999860e+00 2.350321000000000140e+02
1.948000000000000043e+01 2.922752000000000017e+00 2.924626000000000090e+02
2.050000000000000000e+01 2.628257999999999983e-02 1.183735000000000070e+01
2.050000000000000000e+01 4.415427999999999714e-02 1.808305999999999969e+01
2.050000000000000000e+01 6.232185999999999976e-02 2.724258999999999986e+01
2.050000000000000000e+01 9.020585000000000409e-02 2.829091000000000022e+01
2.050000000000000000e+01 1.352297000000000082e-01 3.518337999999999965e+01
2.050000000000000000e+01 2.038964000000000054e-01 4.012603000000000009e+01
2.050000000000000000e+01 3.056348999999999871e-01 4.100209000000000259e+01
2.050000000000000000e+01 4.586450999999999723e-01 4.137525000000000119e+01
2.050000000000000000e+01 6.883943999999999619e-01 4.320918999999999954e+01
2.050000000000000000e+01 1.032767999999999908e+00 5.175312000000000268e+01
2.050000000000000000e+01 1.549323000000000006e+00 7.594111999999999796e+01
2.050000000000000000e+01 2.237315999999999860e+00 1.078071999999999946e+02
2.050000000000000000e+01 2.922752000000000017e+00 1.355131000000000085e+02
2.157999999999999829e+01 2.628257999999999983e-02 6.364620999999999640e+00
2.157999999999999829e+01 4.415427999999999714e-02 1.003921000000000063e+01
2.157999999999999829e+01 6.232185999999999976e-02 1.514547999999999917e+01
2.157999999999999829e+01 9.020585000000000409e-02 1.601867999999999981e+01
2.157999999999999829e+01 1.352297000000000082e-01 2.038266000000000133e+01
2.157999999999999829e+01 2.038964000000000054e-01 2.388458999999999932e+01
2.157999999999999829e+01 3.056348999999999871e-01 2.483752000000000137e+01
2.157999999999999829e+01 4.586450999999999723e-01 2.556165000000000020e+01
2.157999999999999829e+01 6.883943999999999619e-01 2.561795000000000044e+01
2.157999999999999829e+01 1.032767999999999908e+00 2.677336999999999989e+01
2.157999999999999829e+01 1.549323000000000006e+00 3.441158000000000072e+01
2.157999999999999829e+01 2.237315999999999860e+00 4.698268999999999807e+01
2.157999999999999829e+01 2.922752000000000017e+00 5.967235000000000156e+01
2.271000000000000085e+01 2.628257999999999983e-02 2.744280999999999970e+00
2.271000000000000085e+01 4.415427999999999714e-02 4.506192999999999671e+00
2.271000000000000085e+01 6.232185999999999976e-02 6.886894999999999989e+00
2.271000000000000085e+01 9.020585000000000409e-02 7.547068999999999583e+00
2.271000000000000085e+01 1.352297000000000082e-01 1.005828999999999951e+01
2.271000000000000085e+01 2.038964000000000054e-01 1.260712000000000010e+01
2.271000000000000085e+01 3.056348999999999871e-01 1.422608999999999924e+01
2.271000000000000085e+01 4.586450999999999723e-01 1.608875000000000099e+01
2.271000000000000085e+01 6.883943999999999619e-01 1.718495000000000061e+01
2.271000000000000085e+01 1.032767999999999908e+00 1.708285000000000053e+01
2.271000000000000085e+01 1.549323000000000006e+00 1.854867000000000132e+01
2.271000000000000085e+01 2.237315999999999860e+00 2.175144999999999840e+01
2.271000000000000085e+01 2.922752000000000017e+00 2.400788999999999973e+01
2.389000000000000057e+01 2.628257999999999983e-02 9.398954000000000475e-01
2.389000000000000057e+01 4.415427999999999714e-02 1.613199000000000050e+00
2.389000000000000057e+01 6.232185999999999976e-02 2.527325999999999961e+00
2.389000000000000057e+01 9.020585000000000409e-02 2.862994000000000039e+00
2.389000000000000057e+01 1.352297000000000082e-01 4.000353999999999743e+00
2.389000000000000057e+01 2.038964000000000054e-01 5.317395999999999567e+00
2.389000000000000057e+01 3.056348999999999871e-01 6.433038999999999952e+00
2.389000000000000057e+01 4.586450999999999723e-01 7.932115999999999723e+00
2.389000000000000057e+01 6.883943999999999619e-01 9.095613999999999422e+00
2.389000000000000057e+01 1.032767999999999908e+00 9.153475000000000250e+00
2.389000000000000057e+01 1.549323000000000006e+00 9.252205000000000013e+00
2.389000000000000057e+01 2.237315999999999860e+00 1.058718999999999966e+01
2.389000000000000057e+01 2.922752000000000017e+00 1.206372999999999962e+01
2.514000000000000057e+01 2.628257999999999983e-02 2.730214999999999725e-01
2.514000000000000057e+01 4.415427999999999714e-02 4.950857000000000174e-01
2.514000000000000057e+01 6.232185999999999976e-02 8.107828999999999731e-01
2.514000000000000057e+01 9.020585000000000409e-02 9.654901999999999651e-01
2.514000000000000057e+01 1.352297000000000082e-01 1.444622000000000073e+00
2.514000000000000057e+01 2.038964000000000054e-01 2.061183999999999905e+00
2.514000000000000057e+01 3.056348999999999871e-01 2.710030999999999857e+00
2.514000000000000057e+01 4.586450999999999723e-01 3.668499999999999872e+00
2.514000000000000057e+01 6.883943999999999619e-01 4.627932999999999630e+00
2.514000000000000057e+01 1.032767999999999908e+00 4.998279000000000138e+00
2.514000000000000057e+01 1.549323000000000006e+00 5.020476999999999634e+00
2.514000000000000057e+01 2.237315999999999860e+00 5.799514000000000280e+00
2.514000000000000057e+01 2.922752000000000017e+00 6.855040999999999940e+00
2.644000000000000128e+01 2.628257999999999983e-02 7.830006999999999939e-02
2.644000000000000128e+01 4.415427999999999714e-02 1.530494000000000021e-01
2.644000000000000128e+01 6.232185999999999976e-02 2.668043999999999971e-01
2.644000000000000128e+01 9.020585000000000409e-02 3.345005999999999813e-01
2.644000000000000128e+01 1.352297000000000082e-01 5.304953999999999503e-01
2.644000000000000128e+01 2.038964000000000054e-01 8.034286000000000483e-01
2.644000000000000128e+01 3.056348999999999871e-01 1.137323000000000084e+00
2.644000000000000128e+01 4.586450999999999723e-01 1.665737000000000023e+00
2.644000000000000128e+01 6.883943999999999619e-01 2.307799000000000156e+00
2.644000000000000128e+01 1.032767999999999908e+00 2.745194000000000134e+00
2.644000000000000128e+01 1.549323000000000006e+00 2.866827999999999932e+00
2.644000000000000128e+01 2.237315999999999860e+00 3.407119999999999926e+00
2.644000000000000128e+01 2.922752000000000017e+00 4.178594000000000364e+00
2.782000000000000028e+01 2.628257999999999983e-02 2.689253999999999950e-02
2.782000000000000028e+01 4.415427999999999714e-02 5.785371000000000263e-02
2.782000000000000028e+01 6.232185999999999976e-02 1.096387999999999946e-01
2.782000000000000028e+01 9.020585000000000409e-02 1.455191999999999874e-01
2.782000000000000028e+01 1.352297000000000082e-01 2.426496999999999959e-01
2.782000000000000028e+01 2.038964000000000054e-01 3.811740000000000128e-01
2.782000000000000028e+01 3.056348999999999871e-01 5.636841999999999686e-01
2.782000000000000028e+01 4.586450999999999723e-01 8.527031000000000471e-01
2.782000000000000028e+01 6.883943999999999619e-01 1.251667000000000085e+00
2.782000000000000028e+01 1.032767999999999908e+00 1.618233000000000033e+00
2.782000000000000028e+01 1.549323000000000006e+00 1.805935999999999986e+00
2.782000000000000028e+01 2.237315999999999860e+00 2.198604000000000003e+00
2.782000000000000028e+01 2.922752000000000017e+00 2.769807000000000130e+00
2.926000000000000156e+01 2.628257999999999983e-02 1.439576000000000050e-02
2.926000000000000156e+01 4.415427999999999714e-02 3.386452999999999686e-02
2.926000000000000156e+01 6.232185999999999976e-02 6.998421000000000503e-02
2.926000000000000156e+01 9.020585000000000409e-02 9.803510000000000002e-02
2.926000000000000156e+01 1.352297000000000082e-01 1.700263999999999942e-01
2.926000000000000156e+01 2.038964000000000054e-01 2.706404000000000032e-01
2.926000000000000156e+01 3.056348999999999871e-01 4.055287000000000197e-01
2.926000000000000156e+01 4.586450999999999723e-01 6.004884000000000333e-01
2.926000000000000156e+01 6.883943999999999619e-01 8.735386000000000539e-01
2.926000000000000156e+01 1.032767999999999908e+00 1.154015999999999931e+00
2.926000000000000156e+01 1.549323000000000006e+00 1.351102000000000025e+00
2.926000000000000156e+01 2.237315999999999860e+00 1.654263000000000039e+00
2.926000000000000156e+01 2.922752000000000017e+00 2.043928999999999885e+00
3.076999999999999957e+01 2.628257999999999983e-02 1.265216000000000084e-02
3.076999999999999957e+01 4.415427999999999714e-02 3.113925999999999847e-02
3.076999999999999957e+01 6.232185999999999976e-02 6.831777999999999462e-02
3.076999999999999957e+01 9.020585000000000409e-02 9.887060999999999766e-02
3.076999999999999957e+01 1.352297000000000082e-01 1.760128999999999999e-01
3.076999999999999957e+01 2.038964000000000054e-01 2.824693999999999816e-01
3.076999999999999957e+01 3.056348999999999871e-01 4.255452000000000123e-01
3.076999999999999957e+01 4.586450999999999723e-01 6.153427000000000202e-01
3.076999999999999957e+01 6.883943999999999619e-01 8.676804000000000183e-01
3.076999999999999957e+01 1.032767999999999908e+00 1.116406000000000009e+00
3.076999999999999957e+01 1.549323000000000006e+00 1.327952999999999939e+00
3.076999999999999957e+01 2.237315999999999860e+00 1.623893000000000031e+00
3.076999999999999957e+01 2.922752000000000017e+00 1.952823999999999893e+00
3.235999999999999943e+01 2.628257999999999983e-02 1.463618000000000037e-02
3.235999999999999943e+01 4.415427999999999714e-02 3.676412999999999903e-02
3.235999999999999943e+01 6.232185999999999976e-02 8.340053999999999523e-02
3.235999999999999943e+01 9.020585000000000409e-02 1.216722999999999971e-01
3.235999999999999943e+01 1.352297000000000082e-01 2.195400999999999880e-01
3.235999999999999943e+01 2.038964000000000054e-01 3.536026999999999920e-01
3.235999999999999943e+01 3.056348999999999871e-01 5.355172999999999739e-01
3.235999999999999943e+01 4.586450999999999723e-01 7.713902999999999732e-01
3.235999999999999943e+01 6.883943999999999619e-01 1.072052000000000005e+00
3.235999999999999943e+01 1.032767999999999908e+00 1.348897999999999930e+00
3.235999999999999943e+01 1.549323000000000006e+00 1.603286999999999907e+00
3.235999999999999943e+01 2.237315999999999860e+00 1.961646000000000001e+00
3.235999999999999943e+01 2.922752000000000017e+00 2.367643000000000164e+00
3.403000000000000114e+01 2.628257999999999983e-02 1.864292999999999853e-02
3.403000000000000114e+01 4.415427999999999714e-02 4.712634999999999741e-02
3.403000000000000114e+01 6.232185999999999976e-02 1.088900000000000007e-01
3.403000000000000114e+01 9.020585000000000409e-02 1.585598000000000007e-01
3.403000000000000114e+01 1.352297000000000082e-01 2.875352999999999937e-01
3.403000000000000114e+01 2.038964000000000054e-01 4.643573999999999757e-01
3.403000000000000114e+01 3.056348999999999871e-01 7.071452999999999767e-01
3.403000000000000114e+01 4.586450999999999723e-01 1.022745000000000015e+00
3.403000000000000114e+01 6.883943999999999619e-01 1.416433000000000053e+00
3.403000000000000114e+01 1.032767999999999908e+00 1.763862999999999959e+00
3.403000000000000114e+01 1.549323000000000006e+00 2.101048000000000027e+00
3.403000000000000114e+01 2.237315999999999860e+00 2.598835999999999924e+00
3.403000000000000114e+01 2.922752000000000017e+00 3.186700999999999784e+00
6.000000000000000000e+00 2.628257999999999983e-02 5.825207999999999946e-07
6.000000000000000000e+00 4.415427999999999714e-02 2.921750999999999836e-06
6.000000000000000000e+00 6.232185999999999976e-02 7.129323000000000080e-06
6.000000000000000000e+00 9.020585000000000409e-02 1.809184000000000126e-05
6.000000000000000000e+00 1.352297000000000082e-01 3.831573999999999917e-05
6.000000000000000000e+00 2.038964000000000054e-01 6.149998000000000270e-05
6.000000000000000000e+00 3.056348999999999871e-01 1.410740000000000117e-04
6.000000000000000000e+00 4.586450999999999723e-01 1.940831999999999920e-04
6.000000000000000000e+00 6.883943999999999619e-01 2.774402000000000140e-04
6.000000000000000000e+00 1.032767999999999908e+00 3.062512000000000198e-04
6.000000000000000000e+00 1.549323000000000006e+00 3.184287999999999962e-04
6.000000000000000000e+00 2.237315999999999860e+00 5.316528999999999526e-04
6.000000000000000000e+00 2.922752000000000017e+00 8.646914000000000336e-04
6.349999999999999645e+00 2.628257999999999983e-02 7.248624000000000007e-05
6.349999999999999645e+00 4.415427999999999714e-02 5.051492000000000525e-04
6.349999999999999645e+00 6.232185999999999976e-02 7.516499000000000487e-04
6.349999999999999645e+00 9.020585000000000409e-02 1.782506000000000108e-03
6.349999999999999645e+00 1.352297000000000082e-01 4.077197999999999760e-03
6.349999999999999645e+00 2.038964000000000054e-01 4.586963000000000325e-03
6.349999999999999645e+00 3.056348999999999871e-01 5.863547000000000203e-03
6.349999999999999645e+00 4.586450999999999723e-01 6.601446999999999871e-03
6.349999999999999645e+00 6.883943999999999619e-01 6.132221000000000199e-03
6.349999999999999645e+00 1.032767999999999908e+00 5.337932000000000093e-03
6.349999999999999645e+00 1.549323000000000006e+00 6.319067000000000260e-03
6.349999999999999645e+00 2.237315999999999860e+00 9.853525999999999604e-03
6.349999999999999645e+00 2.922752000000000017e+00 1.586192999999999978e-02
6.719999999999999751e+00 2.628257999999999983e-02 1.993036000000000113e-03
6.719999999999999751e+00 4.415427999999999714e-02 9.942795000000000799e-03
6.719999999999999751e+00 6.232185999999999976e-02 1.764198999999999976e-02
6.719999999999999751e+00 9.020585000000000409e-02 3.623654999999999932e-02
6.719999999999999751e+00 1.352297000000000082e-01 7.580270000000000064e-02
6.719999999999999751e+00 2.038964000000000054e-01 8.387622000000000133e-02
6.719999999999999751e+00 3.056348999999999871e-01 6.914212000000000136e-02
6.719999999999999751e+00 4.586450999999999723e-01 6.007646999999999987e-02
6.719999999999999751e+00 6.883943999999999619e-01 5.369544999999999874e-02
6.719999999999999751e+00 1.032767999999999908e+00 4.957303999999999877e-02
6.719999999999999751e+00 1.549323000000000006e+00 5.529687999999999964e-02
6.719999999999999751e+00 2.237315999999999860e+00 8.928278000000000603e-02
6.719999999999999751e+00 2.922752000000000017e+00 1.464126000000000039e-01
7.099999999999999645e+00 2.628257999999999983e-02 1.776437000000000155e-02
7.099999999999999645e+00 4.415427999999999714e-02 6.598795000000000355e-02
7.099999999999999645e+00 6.232185999999999976e-02 1.279696999999999918e-01
7.099999999999999645e+00 9.020585000000000409e-02 2.075616999999999879e-01
7.099999999999999645e+00 1.352297000000000082e-01 3.947932000000000108e-01
7.099999999999999645e+00 2.038964000000000054e-01 4.038887999999999923e-01
7.099999999999999645e+00 3.056348999999999871e-01 3.492301999999999906e-01
7.099999999999999645e+00 4.586450999999999723e-01 2.998991999999999769e-01
7.099999999999999645e+00 6.883943999999999619e-01 2.551627000000000201e-01
7.099999999999999645e+00 1.032767999999999908e+00 2.288806999999999925e-01
7.099999999999999645e+00 1.549323000000000006e+00 2.563611000000000084e-01
7.099999999999999645e+00 2.237315999999999860e+00 4.122855000000000270e-01
7.099999999999999645e+00 2.922752000000000017e+00 6.979735999999999718e-01
7.509999999999999787e+00 2.628257999999999983e-02 7.032365999999999617e-02
7.509999999999999787e+00 4.415427999999999714e-02 2.103103000000000056e-01
7.509999999999999787e+00 6.232185999999999976e-02 3.813085999999999975e-01
7.509999999999999787e+00 9.020585000000000409e-02 6.939438999999999469e-01
7.509999999999999787e+00 1.352297000000000082e-01 1.214782000000000028e+00
7.509999999999999787e+00 2.038964000000000054e-01 1.111102000000000034e+00
7.509999999999999787e+00 3.056348999999999871e-01 1.009932999999999970e+00
7.509999999999999787e+00 4.586450999999999723e-01 8.619734000000000007e-01
7.509999999999999787e+00 6.883943999999999619e-01 7.239164999999999628e-01
7.509999999999999787e+00 1.032767999999999908e+00 6.467524999999999524e-01
7.509999999999999787e+00 1.549323000000000006e+00 7.092709999999999848e-01
7.509999999999999787e+00 2.237315999999999860e+00 1.124184999999999990e+00
7.509999999999999787e+00 2.922752000000000017e+00 1.881829999999999892e+00
7.929999999999999716e+00 2.628257999999999983e-02 1.444604999999999917e-01
7.929999999999999716e+00 4.415427999999999714e-02 4.200671999999999739e-01
7.929999999999999716e+00 6.232185999999999976e-02 8.054662000000000210e-01
7.929999999999999716e+00 9.020585000000000409e-02 1.452288000000000023e+00
7.929999999999999716e+00 1.352297000000000082e-01 2.472779000000000060e+00
7.929999999999999716e+00 2.038964000000000054e-01 2.072138999999999953e+00
7.929999999999999716e+00 3.056348999999999871e-01 1.974636999999999976e+00
7.929999999999999716e+00 4.586450999999999723e-01 1.668862000000000068e+00
7.929999999999999716e+00 6.883943999999999619e-01 1.444336000000000064e+00
7.929999999999999716e+00 1.032767999999999908e+00 1.304526000000000074e+00
7.929999999999999716e+00 1.549323000000000006e+00 1.432369999999999921e+00
7.929999999999999716e+00 2.237315999999999860e+00 2.252965999999999802e+00
7.929999999999999716e+00 2.922752000000000017e+00 3.730973999999999791e+00
8.380000000000000782e+00 2.628257999999999983e-02 1.784187999999999885e-01
8.380000000000000782e+00 4.415427999999999714e-02 5.284952000000000538e-01
8.380000000000000782e+00 6.232185999999999976e-02 1.076040000000000108e+00
8.380000000000000782e+00 9.020585000000000409e-02 1.897054999999999936e+00
8.380000000000000782e+00 1.352297000000000082e-01 3.385933000000000082e+00
8.380000000000000782e+00 2.038964000000000054e-01 3.000951999999999842e+00
8.380000000000000782e+00 3.056348999999999871e-01 2.823682999999999943e+00
8.380000000000000782e+00 4.586450999999999723e-01 2.476357000000000141e+00
8.380000000000000782e+00 6.883943999999999619e-01 2.181297999999999959e+00
8.380000000000000782e+00 1.032767999999999908e+00 2.001529999999999809e+00
8.380000000000000782e+00 1.549323000000000006e+00 2.213763999999999843e+00
8.380000000000000782e+00 2.237315999999999860e+00 3.480712000000000028e+00
8.380000000000000782e+00 2.922752000000000017e+00 5.722218999999999944e+00
8.849999999999999645e+00 2.628257999999999983e-02 7.378439999999999999e-02
8.849999999999999645e+00 4.415427999999999714e-02 3.129678000000000182e-01
8.849999999999999645e+00 6.232185999999999976e-02 7.589388999999999719e-01
8.849999999999999645e+00 9.020585000000000409e-02 1.400511000000000061e+00
8.849999999999999645e+00 1.352297000000000082e-01 2.696162000000000170e+00
8.849999999999999645e+00 2.038964000000000054e-01 2.782792000000000154e+00
8.849999999999999645e+00 3.056348999999999871e-01 2.612321999999999811e+00
8.849999999999999645e+00 4.586450999999999723e-01 2.354303999999999952e+00
8.849999999999999645e+00 6.883943999999999619e-01 2.140179999999999971e+00
8.849999999999999645e+00 1.032767999999999908e+00 2.008099000000000078e+00
8.849999999999999645e+00 1.549323000000000006e+00 2.261054999999999815e+00
8.849999999999999645e+00 2.237315999999999860e+00 3.584017999999999926e+00
8.849999999999999645e+00 2.922752000000000017e+00 5.893152999999999864e+00
9.339999999999999858e+00 2.628257999999999983e-02 2.844676000000000149e-02
9.339999999999999858e+00 4.415427999999999714e-02 2.002525999999999959e-02
9.339999999999999858e+00 6.232185999999999976e-02 8.614984000000000530e-02
9.339999999999999858e+00 9.020585000000000409e-02 2.522920000000000162e-01
9.339999999999999858e+00 1.352297000000000082e-01 7.091174999999999562e-01
9.339999999999999858e+00 2.038964000000000054e-01 9.441043999999999548e-01
9.339999999999999858e+00 3.056348999999999871e-01 9.423049999999999482e-01
9.339999999999999858e+00 4.586450999999999723e-01 8.981991000000000280e-01
9.339999999999999858e+00 6.883943999999999619e-01 8.506692999999999616e-01
9.339999999999999858e+00 1.032767999999999908e+00 8.426512000000000446e-01
9.339999999999999858e+00 1.549323000000000006e+00 9.817236999999999769e-01
9.339999999999999858e+00 2.237315999999999860e+00 1.565485000000000015e+00
9.339999999999999858e+00 2.922752000000000017e+00 2.565211000000000130e+00
9.859999999999999432e+00 2.628257999999999983e-02 6.627661999999999720e-01
9.859999999999999432e+00 4.415427999999999714e-02 8.556559999999999722e-01
9.859999999999999432e+00 6.232185999999999976e-02 8.259948999999999764e-01
9.859999999999999432e+00 9.020585000000000409e-02 6.921823000000000281e-01
9.859999999999999432e+00 1.352297000000000082e-01 5.305339999999999501e-01
9.859999999999999432e+00 2.038964000000000054e-01 4.305568000000000173e-01
9.859999999999999432e+00 3.056348999999999871e-01 3.718029999999999946e-01
9.859999999999999432e+00 4.586450999999999723e-01 3.167321000000000164e-01
9.859999999999999432e+00 6.883943999999999619e-01 2.867243999999999904e-01
9.859999999999999432e+00 1.032767999999999908e+00 2.790566999999999909e-01
9.859999999999999432e+00 1.549323000000000006e+00 3.210453999999999808e-01
9.859999999999999432e+00 2.237315999999999860e+00 4.753577999999999970e-01
9.859999999999999432e+00 2.922752000000000017e+00 6.946784000000000292e-01
