1.948000000000000043e+01 2.628257999999999983e-02 1.183867000000000003e+00
1.948000000000000043e+01 4.415427999999999714e-02 1.822124000000000077e+00
1.948000000000000043e+01 6.232185999999999976e-02 3.062797000000000214e+00
1.948000000000000043e+01 9.020585000000000409e-02 3.305293999999999954e+00
1.948000000000000043e+01 1.352297000000000082e-01 4.368832000000000271e+00
1.948000000000000043e+01 2.038964000000000054e-01 5.371712999999999738e+00
1.948000000000000043e+01 3.056348999999999871e-01 6.346478000000000286e+00
1.948000000000000043e+01 4.586450999999999723e-01 7.665729999999999933e+00
1.948000000000000043e+01 6.883943999999999619e-01 1.048709000000000024e+01
1.948000000000000043e+01 1.032767999999999908e+00 1.632322999999999880e+01
1.948000000000000043e+01 1.549323000000000006e+00 2.670533999999999963e+01
1.948000000000000043e+01 2.237315999999999860e+00 3.592582000000000164e+01
1.948000000000000043e+01 2.922752000000000017e+00 3.924490000000000123e+01
