1.040000000000000036e+01 2.628257999999999983e-02 9.043423000000000433e-01
1.040000000000000036e+01 4.415427999999999714e-02 1.388741999999999921e+00
1.040000000000000036e+01 6.232185999999999976e-02 2.384508999999999990e+00
1.040000000000000036e+01 9.020585000000000409e-02 2.652108000000000132e+00
1.040000000000000036e+01 1.352297000000000082e-01 3.580280999999999825e+00
1.040000000000000036e+01 2.038964000000000054e-01 4.828509999999999636e+00
1.040000000000000036e+01 3.056348999999999871e-01 7.518880000000000230e+00
1.040000000000000036e+01 4.586450999999999723e-01 1.139963999999999977e+01
1.040000000000000036e+01 6.883943999999999619e-01 1.607138000000000133e+01
1.040000000000000036e+01 1.032767999999999908e+00 2.015736000000000061e+01
1.040000000000000036e+01 1.549323000000000006e+00 2.561617999999999995e+01
1.040000000000000036e+01 2.237315999999999860e+00 3.783236000000000132e+01
1.040000000000000036e+01 2.922752000000000017e+00 5.371918000000000148e+01
1.097000000000000064e+01 2.628257999999999983e-02 1.599199999999999955e+00
1.097000000000000064e+01 4.415427999999999714e-02 2.579375000000000195e+00
1.097000000000000064e+01 6.232185999999999976e-02 3.957190999999999903e+00
1.097000000000000064e+01 9.020585000000000409e-02 3.990085000000000104e+00
1.097000000000000064e+01 1.352297000000000082e-01 4.699659999999999727e+00
1.097000000000000064e+01 2.038964000000000054e-01 5.252272999999999747e+00
1.097000000000000064e+01 3.056348999999999871e-01 6.697680000000000078e+00
1.097000000000000064e+01 4.586450999999999723e-01 8.848912000000000333e+00
1.097000000000000064e+01 6.883943999999999619e-01 1.193694999999999951e+01
1.097000000000000064e+01 1.032767999999999908e+00 1.488785999999999987e+01
1.097000000000000064e+01 1.549323000000000006e+00 1.900207999999999942e+01
1.097000000000000064e+01 2.237315999999999860e+00 2.805407999999999902e+01
1.097000000000000064e+01 2.922752000000000017e+00 3.919435000000000002e+01
1.157000000000000028e+01 2.628257999999999983e-02 2.562755000000000116e+00
1.157000000000000028e+01 4.415427999999999714e-02 4.230675999999999881e+00
1.157000000000000028e+01 6.232185999999999976e-02 6.017767000000000088e+00
1.157000000000000028e+01 9.020585000000000409e-02 5.735659000000000063e+00
1.157000000000000028e+01 1.352297000000000082e-01 6.066175000000000317e+00
1.157000000000000028e+01 2.038964000000000054e-01 5.827028000000000318e+00
1.157000000000000028e+01 3.056348999999999871e-01 5.968625000000000291e+00
1.157000000000000028e+01 4.586450999999999723e-01 6.418300999999999590e+00
1.157000000000000028e+01 6.883943999999999619e-01 7.738609000000000293e+00
1.157000000000000028e+01 1.032767999999999908e+00 9.293419999999999348e+00
1.157000000000000028e+01 1.549323000000000006e+00 1.190019999999999989e+01
1.157000000000000028e+01 2.237315999999999860e+00 1.770654000000000039e+01
1.157000000000000028e+01 2.922752000000000017e+00 2.504888000000000048e+01
1.219999999999999929e+01 2.628257999999999983e-02 3.644471999999999934e+00
1.219999999999999929e+01 4.415427999999999714e-02 6.204950000000000188e+00
1.219999999999999929e+01 6.232185999999999976e-02 8.375552000000000774e+00
1.219999999999999929e+01 9.020585000000000409e-02 7.681580000000000297e+00
1.219999999999999929e+01 1.352297000000000082e-01 7.432657999999999987e+00
1.219999999999999929e+01 2.038964000000000054e-01 6.328846000000000416e+00
1.219999999999999929e+01 3.056348999999999871e-01 5.299928000000000416e+00
1.219999999999999929e+01 4.586450999999999723e-01 4.530329000000000050e+00
1.219999999999999929e+01 6.883943999999999619e-01 4.386965000000000003e+00
1.219999999999999929e+01 1.032767999999999908e+00 4.733516999999999975e+00
1.219999999999999929e+01 1.549323000000000006e+00 5.947206999999999688e+00
1.219999999999999929e+01 2.237315999999999860e+00 9.129526000000000252e+00
1.219999999999999929e+01 2.922752000000000017e+00 1.352571000000000012e+01
1.285999999999999943e+01 2.628257999999999983e-02 4.016871000000000080e+00
1.285999999999999943e+01 4.415427999999999714e-02 7.214436000000000071e+00
1.285999999999999943e+01 6.232185999999999976e-02 9.589589000000000141e+00
1.285999999999999943e+01 9.020585000000000409e-02 8.724930999999999770e+00
1.285999999999999943e+01 1.352297000000000082e-01 8.103566999999999965e+00
1.285999999999999943e+01 2.038964000000000054e-01 6.449234999999999829e+00
1.285999999999999943e+01 3.056348999999999871e-01 4.809567999999999621e+00
1.285999999999999943e+01 4.586450999999999723e-01 3.730720999999999954e+00
1.285999999999999943e+01 6.883943999999999619e-01 3.030356999999999967e+00
1.285999999999999943e+01 1.032767999999999908e+00 2.871912000000000020e+00
1.285999999999999943e+01 1.549323000000000006e+00 3.395722000000000129e+00
1.285999999999999943e+01 2.237315999999999860e+00 5.224116000000000426e+00
1.285999999999999943e+01 2.922752000000000017e+00 7.913181999999999938e+00
1.355000000000000071e+01 2.628257999999999983e-02 2.857797999999999838e+00
1.355000000000000071e+01 4.415427999999999714e-02 5.678749999999999964e+00
1.355000000000000071e+01 6.232185999999999976e-02 7.735260000000000247e+00
1.355000000000000071e+01 9.020585000000000409e-02 7.253756000000000093e+00
1.355000000000000071e+01 1.352297000000000082e-01 6.871075000000000266e+00
1.355000000000000071e+01 2.038964000000000054e-01 5.606501999999999875e+00
1.355000000000000071e+01 3.056348999999999871e-01 4.434186000000000405e+00
1.355000000000000071e+01 4.586450999999999723e-01 4.117676999999999587e+00
1.355000000000000071e+01 6.883943999999999619e-01 3.956964000000000148e+00
1.355000000000000071e+01 1.032767999999999908e+00 4.118345999999999840e+00
1.355000000000000071e+01 1.549323000000000006e+00 5.018323999999999785e+00
1.355000000000000071e+01 2.237315999999999860e+00 6.913751000000000424e+00
1.355000000000000071e+01 2.922752000000000017e+00 8.694922999999999291e+00
1.427999999999999936e+01 2.628257999999999983e-02 6.821355999999999531e-01
1.427999999999999936e+01 4.415427999999999714e-02 1.839387000000000105e+00
1.427999999999999936e+01 6.232185999999999976e-02 2.853022000000000169e+00
1.427999999999999936e+01 9.020585000000000409e-02 3.119101000000000123e+00
1.427999999999999936e+01 1.352297000000000082e-01 3.499910999999999994e+00
1.427999999999999936e+01 2.038964000000000054e-01 3.535369999999999902e+00
1.427999999999999936e+01 3.056348999999999871e-01 3.619130999999999876e+00
1.427999999999999936e+01 4.586450999999999723e-01 4.327703999999999773e+00
1.427999999999999936e+01 6.883943999999999619e-01 5.027757000000000254e+00
1.427999999999999936e+01 1.032767999999999908e+00 5.740916000000000352e+00
1.427999999999999936e+01 1.549323000000000006e+00 7.338560000000000194e+00
1.427999999999999936e+01 2.237315999999999860e+00 9.663819000000000159e+00
1.427999999999999936e+01 2.922752000000000017e+00 1.094924999999999926e+01
1.505000000000000071e+01 2.628257999999999983e-02 4.110844999999999777e-02
1.505000000000000071e+01 4.415427999999999714e-02 9.363905999999999619e-02
1.505000000000000071e+01 6.232185999999999976e-02 2.922619000000000189e-01
1.505000000000000071e+01 9.020585000000000409e-02 6.018706999999999807e-01
1.505000000000000071e+01 1.352297000000000082e-01 1.099178999999999906e+00
1.505000000000000071e+01 2.038964000000000054e-01 1.735665999999999931e+00
1.505000000000000071e+01 3.056348999999999871e-01 2.556074000000000179e+00
1.505000000000000071e+01 4.586450999999999723e-01 3.597757000000000094e+00
1.505000000000000071e+01 6.883943999999999619e-01 4.628707000000000349e+00
1.505000000000000071e+01 1.032767999999999908e+00 5.558553999999999995e+00
1.505000000000000071e+01 1.549323000000000006e+00 7.320488000000000106e+00
1.505000000000000071e+01 2.237315999999999860e+00 9.510303000000000395e+00
1.505000000000000071e+01 2.922752000000000017e+00 1.035042999999999935e+01
1.584999999999999964e+01 2.628257999999999983e-02 3.956537999999999999e-01
1.584999999999999964e+01 4.415427999999999714e-02 3.931894000000000222e-01
1.584999999999999964e+01 6.232185999999999976e-02 5.011168000000000289e-01
1.584999999999999964e+01 9.020585000000000409e-02 5.110552000000000428e-01
1.584999999999999964e+01 1.352297000000000082e-01 7.322336999999999874e-01
1.584999999999999964e+01 2.038964000000000054e-01 1.121027999999999913e+00
1.584999999999999964e+01 3.056348999999999871e-01 1.805628999999999929e+00
1.584999999999999964e+01 4.586450999999999723e-01 2.645614000000000132e+00
1.584999999999999964e+01 6.883943999999999619e-01 3.633075999999999972e+00
1.584999999999999964e+01 1.032767999999999908e+00 4.427298000000000400e+00
1.584999999999999964e+01 1.549323000000000006e+00 5.505549000000000248e+00
1.584999999999999964e+01 2.237315999999999860e+00 6.824425999999999881e+00
1.584999999999999964e+01 2.922752000000000017e+00 7.206405000000000172e+00
1.669000000000000128e+01 2.628257999999999983e-02 4.553842000000000168e-01
1.669000000000000128e+01 4.415427999999999714e-02 6.211246000000000267e-01
1.669000000000000128e+01 6.232185999999999976e-02 8.396989000000000258e-01
1.669000000000000128e+01 9.020585000000000409e-02 7.839696000000000442e-01
1.669000000000000128e+01 1.352297000000000082e-01 8.801508999999999583e-01
1.669000000000000128e+01 2.038964000000000054e-01 9.449539999999999607e-01
1.669000000000000128e+01 3.056348999999999871e-01 1.105148999999999937e+00
1.669000000000000128e+01 4.586450999999999723e-01 1.384011000000000102e+00
1.669000000000000128e+01 6.883943999999999619e-01 1.842262999999999984e+00
1.669000000000000128e+01 1.032767999999999908e+00 2.314024999999999999e+00
1.669000000000000128e+01 1.549323000000000006e+00 2.817108000000000168e+00
1.669000000000000128e+01 2.237315999999999860e+00 3.477009999999999934e+00
1.669000000000000128e+01 2.922752000000000017e+00 3.784260999999999875e+00
1.757000000000000028e+01 2.628257999999999983e-02 2.330399999999999971e-01
1.757000000000000028e+01 4.415427999999999714e-02 3.684536999999999951e-01
1.757000000000000028e+01 6.232185999999999976e-02 5.399070000000000258e-01
1.757000000000000028e+01 9.020585000000000409e-02 5.534198999999999646e-01
1.757000000000000028e+01 1.352297000000000082e-01 6.642999000000000542e-01
1.757000000000000028e+01 2.038964000000000054e-01 6.984677000000000247e-01
1.757000000000000028e+01 3.056348999999999871e-01 6.749859000000000275e-01
1.757000000000000028e+01 4.586450999999999723e-01 7.191032000000000535e-01
1.757000000000000028e+01 6.883943999999999619e-01 8.800525000000000153e-01
1.757000000000000028e+01 1.032767999999999908e+00 1.119434000000000040e+00
1.757000000000000028e+01 1.549323000000000006e+00 1.316338000000000008e+00
1.757000000000000028e+01 2.237315999999999860e+00 1.572638999999999898e+00
1.757000000000000028e+01 2.922752000000000017e+00 1.828122000000000025e+00
1.850000000000000000e+01 2.628257999999999983e-02 8.182801000000000657e-02
1.850000000000000000e+01 4.415427999999999714e-02 1.432885999999999882e-01
1.850000000000000000e+01 6.232185999999999976e-02 2.264118999999999993e-01
1.850000000000000000e+01 9.020585000000000409e-02 2.558978000000000086e-01
1.850000000000000000e+01 1.352297000000000082e-01 3.408036999999999872e-01
1.850000000000000000e+01 2.038964000000000054e-01 3.960086999999999913e-01
1.850000000000000000e+01 3.056348999999999871e-01 3.874887000000000192e-01
1.850000000000000000e+01 4.586450999999999723e-01 3.913475000000000148e-01
1.850000000000000000e+01 6.883943999999999619e-01 4.400066999999999728e-01
1.850000000000000000e+01 1.032767999999999908e+00 5.584208000000000505e-01
1.850000000000000000e+01 1.549323000000000006e+00 6.624455999999999678e-01
1.850000000000000000e+01 2.237315999999999860e+00 7.737910999999999540e-01
1.850000000000000000e+01 2.922752000000000017e+00 9.515111000000000541e-01
1.948000000000000043e+01 2.628257999999999983e-02 2.298073000000000130e-02
1.948000000000000043e+01 4.415427999999999714e-02 4.372463000000000044e-02
1.948000000000000043e+01 6.232185999999999976e-02 7.486450000000000049e-02
1.948000000000000043e+01 9.020585000000000409e-02 9.282598999999999712e-02
1.948000000000000043e+01 1.352297000000000082e-01 1.386602000000000112e-01
1.948000000000000043e+01 2.038964000000000054e-01 1.851318000000000130e-01
1.948000000000000043e+01 3.056348999999999871e-01 2.048930999999999947e-01
1.948000000000000043e+01 4.586450999999999723e-01 2.206662000000000068e-01
1.948000000000000043e+01 6.883943999999999619e-01 2.396017000000000008e-01
1.948000000000000043e+01 1.032767999999999908e+00 2.957333999999999796e-01
1.948000000000000043e+01 1.549323000000000006e+00 3.726022999999999974e-01
1.948000000000000043e+01 2.237315999999999860e+00 4.461170999999999887e-01
1.948000000000000043e+01 2.922752000000000017e+00 5.631165999999999672e-01
2.050000000000000000e+01 2.628257999999999983e-02 6.054326999999999973e-03
2.050000000000000000e+01 4.415427999999999714e-02 1.251571999999999928e-02
2.050000000000000000e+01 6.232185999999999976e-02 2.316164000000000070e-02
2.050000000000000000e+01 9.020585000000000409e-02 3.087000000000000161e-02
2.050000000000000000e+01 1.352297000000000082e-01 5.105839999999999684e-02
2.050000000000000000e+01 2.038964000000000054e-01 7.752354000000000189e-02
2.050000000000000000e+01 3.056348999999999871e-01 9.920094000000000134e-02
2.050000000000000000e+01 4.586450999999999723e-01 1.209120999999999946e-01
2.050000000000000000e+01 6.883943999999999619e-01 1.363080000000000125e-01
2.050000000000000000e+01 1.032767999999999908e+00 1.629916999999999894e-01
2.050000000000000000e+01 1.549323000000000006e+00 2.191050999999999971e-01
2.050000000000000000e+01 2.237315999999999860e+00 2.768990000000000062e-01
2.050000000000000000e+01 2.922752000000000017e+00 3.569170999999999871e-01
2.157999999999999829e+01 2.628257999999999983e-02 2.008372000000000022e-03
2.157999999999999829e+01 4.415427999999999714e-02 4.542670999999999862e-03
2.157999999999999829e+01 6.232185999999999976e-02 8.967005999999999588e-03
2.157999999999999829e+01 9.020585000000000409e-02 1.250444000000000035e-02
2.157999999999999829e+01 1.352297000000000082e-01 2.193756999999999999e-02
2.157999999999999829e+01 2.038964000000000054e-01 3.581985000000000030e-02
2.157999999999999829e+01 3.056348999999999871e-01 5.094358000000000219e-02
2.157999999999999829e+01 4.586450999999999723e-01 6.955110999999999932e-02
2.157999999999999829e+01 6.883943999999999619e-01 8.537772999999999890e-02
2.157999999999999829e+01 1.032767999999999908e+00 9.895334999999999548e-02
2.157999999999999829e+01 1.549323000000000006e+00 1.319405999999999912e-01
2.157999999999999829e+01 2.237315999999999860e+00 1.795296999999999865e-01
2.157999999999999829e+01 2.922752000000000017e+00 2.329661000000000093e-01
2.271000000000000085e+01 2.628257999999999983e-02 1.181591000000000065e-03
2.271000000000000085e+01 4.415427999999999714e-02 2.873740000000000062e-03
2.271000000000000085e+01 6.232185999999999976e-02 5.946708000000000202e-03
2.271000000000000085e+01 9.020585000000000409e-02 8.583042000000000796e-03
2.271000000000000085e+01 1.352297000000000082e-01 1.528587999999999995e-02
2.271000000000000085e+01 2.038964000000000054e-01 2.506985000000000116e-02
2.271000000000000085e+01 3.056348999999999871e-01 3.704133999999999899e-02
2.271000000000000085e+01 4.586450999999999723e-01 5.260042000000000190e-02
2.271000000000000085e+01 6.883943999999999619e-01 6.904322999999999710e-02
2.271000000000000085e+01 1.032767999999999908e+00 7.997364999999999335e-02
2.271000000000000085e+01 1.549323000000000006e+00 9.594719999999999638e-02
2.271000000000000085e+01 2.237315999999999860e+00 1.327791000000000110e-01
2.271000000000000085e+01 2.922752000000000017e+00 1.637154000000000109e-01
2.389000000000000057e+01 2.628257999999999983e-02 1.255959000000000068e-03
2.389000000000000057e+01 4.415427999999999714e-02 3.153584999999999982e-03
2.389000000000000057e+01 6.232185999999999976e-02 6.761178999999999974e-03
2.389000000000000057e+01 9.020585000000000409e-02 9.964047000000000182e-03
2.389000000000000057e+01 1.352297000000000082e-01 1.790440999999999908e-02
2.389000000000000057e+01 2.038964000000000054e-01 2.896906000000000134e-02
2.389000000000000057e+01 3.056348999999999871e-01 4.294507999999999659e-02
2.389000000000000057e+01 4.586450999999999723e-01 5.997009999999999841e-02
2.389000000000000057e+01 6.883943999999999619e-01 7.966204000000000340e-02
2.389000000000000057e+01 1.032767999999999908e+00 9.328667999999999683e-02
2.389000000000000057e+01 1.549323000000000006e+00 1.032871000000000067e-01
2.389000000000000057e+01 2.237315999999999860e+00 1.281645999999999896e-01
2.389000000000000057e+01 2.922752000000000017e+00 1.425318999999999892e-01
2.514000000000000057e+01 2.628257999999999983e-02 1.811256999999999928e-03
2.514000000000000057e+01 4.415427999999999714e-02 4.577939999999999961e-03
2.514000000000000057e+01 6.232185999999999976e-02 1.003641000000000082e-02
2.514000000000000057e+01 9.020585000000000409e-02 1.486165000000000055e-02
2.514000000000000057e+01 1.352297000000000082e-01 2.687495999999999982e-02
2.514000000000000057e+01 2.038964000000000054e-01 4.325236999999999832e-02
2.514000000000000057e+01 3.056348999999999871e-01 6.421056999999999459e-02
2.514000000000000057e+01 4.586450999999999723e-01 8.861821000000000281e-02
2.514000000000000057e+01 6.883943999999999619e-01 1.171632999999999980e-01
2.514000000000000057e+01 1.032767999999999908e+00 1.371953999999999951e-01
2.514000000000000057e+01 1.549323000000000006e+00 1.480408000000000002e-01
2.514000000000000057e+01 2.237315999999999860e+00 1.692807000000000062e-01
2.514000000000000057e+01 2.922752000000000017e+00 1.838674999999999893e-01
2.644000000000000128e+01 2.628257999999999983e-02 2.771588000000000176e-03
2.644000000000000128e+01 4.415427999999999714e-02 6.997408000000000100e-03
2.644000000000000128e+01 6.232185999999999976e-02 1.552854000000000040e-02
2.644000000000000128e+01 9.020585000000000409e-02 2.299574000000000062e-02
2.644000000000000128e+01 1.352297000000000082e-01 4.161084999999999784e-02
2.644000000000000128e+01 2.038964000000000054e-01 6.685953000000000035e-02
2.644000000000000128e+01 3.056348999999999871e-01 9.947925000000000517e-02
2.644000000000000128e+01 4.586450999999999723e-01 1.373525999999999914e-01
2.644000000000000128e+01 6.883943999999999619e-01 1.819617000000000040e-01
2.644000000000000128e+01 1.032767999999999908e+00 2.136548000000000058e-01
2.644000000000000128e+01 1.549323000000000006e+00 2.274882000000000015e-01
2.644000000000000128e+01 2.237315999999999860e+00 2.519641000000000242e-01
2.644000000000000128e+01 2.922752000000000017e+00 2.804653999999999758e-01
2.782000000000000028e+01 2.628257999999999983e-02 4.272170999999999955e-03
2.782000000000000028e+01 4.415427999999999714e-02 1.076755000000000073e-02
2.782000000000000028e+01 6.232185999999999976e-02 2.414186000000000110e-02
2.782000000000000028e+01 9.020585000000000409e-02 3.566648000000000041e-02
2.782000000000000028e+01 1.352297000000000082e-01 6.458212000000000674e-02
2.782000000000000028e+01 2.038964000000000054e-01 1.037012999999999963e-01
2.782000000000000028e+01 3.056348999999999871e-01 1.548026999999999875e-01
2.782000000000000028e+01 4.586450999999999723e-01 2.149419999999999942e-01
2.782000000000000028e+01 6.883943999999999619e-01 2.874017999999999851e-01
2.782000000000000028e+01 1.032767999999999908e+00 3.413213999999999970e-01
2.782000000000000028e+01 1.549323000000000006e+00 3.689476999999999896e-01
2.782000000000000028e+01 2.237315999999999860e+00 4.095221000000000000e-01
2.782000000000000028e+01 2.922752000000000017e+00 4.582553999999999794e-01
2.926000000000000156e+01 2.628257999999999983e-02 6.382216999999999925e-03
2.926000000000000156e+01 4.415427999999999714e-02 1.607625000000000026e-02
2.926000000000000156e+01 6.232185999999999976e-02 3.628992999999999802e-02
2.926000000000000156e+01 9.020585000000000409e-02 5.348454999999999876e-02
2.926000000000000156e+01 1.352297000000000082e-01 9.692802999999999836e-02
2.926000000000000156e+01 2.038964000000000054e-01 1.555512000000000006e-01
2.926000000000000156e+01 3.056348999999999871e-01 2.332792999999999950e-01
2.926000000000000156e+01 4.586450999999999723e-01 3.265676000000000134e-01
2.926000000000000156e+01 6.883943999999999619e-01 4.405059000000000058e-01
2.926000000000000156e+01 1.032767999999999908e+00 5.311405999999999628e-01
2.926000000000000156e+01 1.549323000000000006e+00 5.894454000000000082e-01
2.926000000000000156e+01 2.237315999999999860e+00 6.713267000000000539e-01
2.926000000000000156e+01 2.922752000000000017e+00 7.652776000000000023e-01
3.076999999999999957e+01 2.628257999999999983e-02 2.607177000000000078e+00
3.076999999999999957e+01 4.415427999999999714e-02 6.516369000000000078e+00
3.076999999999999957e+01 6.232185999999999976e-02 1.785043999999999897e+01
3.076999999999999957e+01 9.020585000000000409e-02 2.561982000000000070e+01
3.076999999999999957e+01 1.352297000000000082e-01 4.712181999999999960e+01
3.076999999999999957e+01 2.038964000000000054e-01 7.694798000000000116e+01
3.076999999999999957e+01 3.056348999999999871e-01 1.222172999999999945e+02
3.076999999999999957e+01 4.586450999999999723e-01 1.983106999999999971e+02
3.076999999999999957e+01 6.883943999999999619e-01 3.305278999999999883e+02
3.076999999999999957e+01 1.032767999999999908e+00 5.081265000000000214e+02
3.076999999999999957e+01 1.549323000000000006e+00 7.378923999999999523e+02
3.076999999999999957e+01 2.237315999999999860e+00 1.032280999999999949e+03
3.076999999999999957e+01 2.922752000000000017e+00 1.300258000000000038e+03
3.235999999999999943e+01 2.628257999999999983e-02 2.318527000000000005e+00
3.235999999999999943e+01 4.415427999999999714e-02 5.813767999999999603e+00
3.235999999999999943e+01 6.232185999999999976e-02 1.580756000000000050e+01
3.235999999999999943e+01 9.020585000000000409e-02 2.260097000000000023e+01
3.235999999999999943e+01 1.352297000000000082e-01 4.166111999999999682e+01
3.235999999999999943e+01 2.038964000000000054e-01 6.829601999999999862e+01
3.235999999999999943e+01 3.056348999999999871e-01 1.094312999999999931e+02
3.235999999999999943e+01 4.586450999999999723e-01 1.792839999999999918e+02
3.235999999999999943e+01 6.883943999999999619e-01 2.960378000000000043e+02
3.235999999999999943e+01 1.032767999999999908e+00 4.486413999999999760e+02
3.235999999999999943e+01 1.549323000000000006e+00 6.484584999999999582e+02
3.235999999999999943e+01 2.237315999999999860e+00 9.151448000000000320e+02
3.235999999999999943e+01 2.922752000000000017e+00 1.183194999999999936e+03
3.403000000000000114e+01 2.628257999999999983e-02 2.074591999999999992e+00
3.403000000000000114e+01 4.415427999999999714e-02 5.195852999999999611e+00
3.403000000000000114e+01 6.232185999999999976e-02 1.405363999999999969e+01
3.403000000000000114e+01 9.020585000000000409e-02 1.999453000000000102e+01
3.403000000000000114e+01 1.352297000000000082e-01 3.689829999999999899e+01
3.403000000000000114e+01 2.038964000000000054e-01 6.078620999999999697e+01
3.403000000000000114e+01 3.056348999999999871e-01 9.836826000000000647e+01
3.403000000000000114e+01 4.586450999999999723e-01 1.619234999999999900e+02
3.403000000000000114e+01 6.883943999999999619e-01 2.639739000000000146e+02
3.403000000000000114e+01 1.032767999999999908e+00 3.941485999999999876e+02
3.403000000000000114e+01 1.549323000000000006e+00 5.675887000000000171e+02
3.403000000000000114e+01 2.237315999999999860e+00 8.091939999999999600e+02
3.403000000000000114e+01 2.922752000000000017e+00 1.066002999999999929e+03
6.000000000000000000e+00 2.628257999999999983e-02 1.117002000000000050e+00
6.000000000000000000e+00 4.415427999999999714e-02 2.852986000000000022e+00
6.000000000000000000e+00 6.232185999999999976e-02 5.300231000000000137e+00
6.000000000000000000e+00 9.020585000000000409e-02 8.879030000000000200e+00
6.000000000000000000e+00 1.352297000000000082e-01 1.536670999999999943e+01
6.000000000000000000e+00 2.038964000000000054e-01 1.243032999999999966e+01
6.000000000000000000e+00 3.056348999999999871e-01 1.028959000000000046e+01
6.000000000000000000e+00 4.586450999999999723e-01 9.176731999999999445e+00
6.000000000000000000e+00 6.883943999999999619e-01 9.095541000000000764e+00
6.000000000000000000e+00 1.032767999999999908e+00 9.737035000000000551e+00
6.000000000000000000e+00 1.549323000000000006e+00 1.166226999999999947e+01
6.000000000000000000e+00 2.237315999999999860e+00 1.760660000000000025e+01
6.000000000000000000e+00 2.922752000000000017e+00 2.757798000000000016e+01
6.349999999999999645e+00 2.628257999999999983e-02 1.145971999999999991e+00
6.349999999999999645e+00 4.415427999999999714e-02 3.185903000000000151e+00
6.349999999999999645e+00 6.232185999999999976e-02 6.143048000000000286e+00
6.349999999999999645e+00 9.020585000000000409e-02 9.956350999999999729e+00
6.349999999999999645e+00 1.352297000000000082e-01 1.748798999999999992e+01
6.349999999999999645e+00 2.038964000000000054e-01 1.630530999999999864e+01
6.349999999999999645e+00 3.056348999999999871e-01 1.374272000000000027e+01
6.349999999999999645e+00 4.586450999999999723e-01 1.262676000000000087e+01
6.349999999999999645e+00 6.883943999999999619e-01 1.278463999999999956e+01
6.349999999999999645e+00 1.032767999999999908e+00 1.390090000000000003e+01
6.349999999999999645e+00 1.549323000000000006e+00 1.664852000000000132e+01
6.349999999999999645e+00 2.237315999999999860e+00 2.515549000000000035e+01
6.349999999999999645e+00 2.922752000000000017e+00 3.923581000000000074e+01
6.719999999999999751e+00 2.628257999999999983e-02 1.014534000000000047e+00
6.719999999999999751e+00 4.415427999999999714e-02 3.066065000000000040e+00
6.719999999999999751e+00 6.232185999999999976e-02 6.000382000000000104e+00
6.719999999999999751e+00 9.020585000000000409e-02 9.494236000000000786e+00
6.719999999999999751e+00 1.352297000000000082e-01 1.753531999999999869e+01
6.719999999999999751e+00 2.038964000000000054e-01 1.879025000000000034e+01
6.719999999999999751e+00 3.056348999999999871e-01 1.689977000000000018e+01
6.719999999999999751e+00 4.586450999999999723e-01 1.611659999999999826e+01
6.719999999999999751e+00 6.883943999999999619e-01 1.661572999999999922e+01
6.719999999999999751e+00 1.032767999999999908e+00 1.837719999999999843e+01
6.719999999999999751e+00 1.549323000000000006e+00 2.200781999999999883e+01
6.719999999999999751e+00 2.237315999999999860e+00 3.335748999999999853e+01
6.719999999999999751e+00 2.922752000000000017e+00 5.192479000000000156e+01
7.099999999999999645e+00 2.628257999999999983e-02 7.819464000000000414e-01
7.099999999999999645e+00 4.415427999999999714e-02 2.526413999999999938e+00
7.099999999999999645e+00 6.232185999999999976e-02 4.742486999999999675e+00
7.099999999999999645e+00 9.020585000000000409e-02 7.592467000000000077e+00
7.099999999999999645e+00 1.352297000000000082e-01 1.517298000000000080e+01
7.099999999999999645e+00 2.038964000000000054e-01 1.926445999999999970e+01
7.099999999999999645e+00 3.056348999999999871e-01 1.879718000000000089e+01
7.099999999999999645e+00 4.586450999999999723e-01 1.901577999999999946e+01
7.099999999999999645e+00 6.883943999999999619e-01 2.023593999999999937e+01
7.099999999999999645e+00 1.032767999999999908e+00 2.260673999999999850e+01
7.099999999999999645e+00 1.549323000000000006e+00 2.726169000000000153e+01
7.099999999999999645e+00 2.237315999999999860e+00 4.129158999999999935e+01
7.099999999999999645e+00 2.922752000000000017e+00 6.384120000000000061e+01
7.509999999999999787e+00 2.628257999999999983e-02 5.065172999999999481e-01
7.509999999999999787e+00 4.415427999999999714e-02 1.717271999999999910e+00
7.509999999999999787e+00 6.232185999999999976e-02 3.151658999999999988e+00
7.509999999999999787e+00 9.020585000000000409e-02 5.206450000000000244e+00
7.509999999999999787e+00 1.352297000000000082e-01 1.129471999999999987e+01
7.509999999999999787e+00 2.038964000000000054e-01 1.740361000000000047e+01
7.509999999999999787e+00 3.056348999999999871e-01 1.923855000000000004e+01
7.509999999999999787e+00 4.586450999999999723e-01 2.088238000000000127e+01
7.509999999999999787e+00 6.883943999999999619e-01 2.311141999999999896e+01
7.509999999999999787e+00 1.032767999999999908e+00 2.622644999999999982e+01
7.509999999999999787e+00 1.549323000000000006e+00 3.192171000000000092e+01
7.509999999999999787e+00 2.237315999999999860e+00 4.819084999999999752e+01
7.509999999999999787e+00 2.922752000000000017e+00 7.396504000000000190e+01
7.929999999999999716e+00 2.628257999999999983e-02 2.416231000000000073e-01
7.929999999999999716e+00 4.415427999999999714e-02 9.770723000000000047e-01
7.929999999999999716e+00 6.232185999999999976e-02 1.788877999999999968e+00
7.929999999999999716e+00 9.020585000000000409e-02 3.215917000000000137e+00
7.929999999999999716e+00 1.352297000000000082e-01 7.456248999999999683e+00
7.929999999999999716e+00 2.038964000000000054e-01 1.401628000000000007e+01
7.929999999999999716e+00 3.056348999999999871e-01 1.789239999999999853e+01
7.929999999999999716e+00 4.586450999999999723e-01 2.144692999999999827e+01
7.929999999999999716e+00 6.883943999999999619e-01 2.487931000000000026e+01
7.929999999999999716e+00 1.032767999999999908e+00 2.886739000000000033e+01
7.929999999999999716e+00 1.549323000000000006e+00 3.527595999999999776e+01
7.929999999999999716e+00 2.237315999999999860e+00 5.314896999999999849e+01
7.929999999999999716e+00 2.922752000000000017e+00 8.057477000000000089e+01
8.380000000000000782e+00 2.628257999999999983e-02 8.041065000000000018e-02
8.380000000000000782e+00 4.415427999999999714e-02 4.567828999999999917e-01
8.380000000000000782e+00 6.232185999999999976e-02 9.274738000000000149e-01
8.380000000000000782e+00 9.020585000000000409e-02 1.950995000000000035e+00
8.380000000000000782e+00 1.352297000000000082e-01 4.896727000000000274e+00
8.380000000000000782e+00 2.038964000000000054e-01 1.039333000000000062e+01
8.380000000000000782e+00 3.056348999999999871e-01 1.552698999999999963e+01
8.380000000000000782e+00 4.586450999999999723e-01 2.070908999999999978e+01
8.380000000000000782e+00 6.883943999999999619e-01 2.536584999999999823e+01
8.380000000000000782e+00 1.032767999999999908e+00 3.012751000000000090e+01
8.380000000000000782e+00 1.549323000000000006e+00 3.712489000000000061e+01
8.380000000000000782e+00 2.237315999999999860e+00 5.576189000000000107e+01
8.380000000000000782e+00 2.922752000000000017e+00 8.337158999999999764e+01
8.849999999999999645e+00 2.628257999999999983e-02 4.736859000000000208e-02
8.849999999999999645e+00 4.415427999999999714e-02 2.067406999999999995e-01
8.849999999999999645e+00 6.232185999999999976e-02 5.631424999999999903e-01
8.849999999999999645e+00 9.020585000000000409e-02 1.339852000000000043e+00
8.849999999999999645e+00 1.352297000000000082e-01 3.416295999999999999e+00
8.849999999999999645e+00 2.038964000000000054e-01 7.419474000000000125e+00
8.849999999999999645e+00 3.056348999999999871e-01 1.283108000000000004e+01
8.849999999999999645e+00 4.586450999999999723e-01 1.905382000000000176e+01
8.849999999999999645e+00 6.883943999999999619e-01 2.464808000000000021e+01
8.849999999999999645e+00 1.032767999999999908e+00 2.995674999999999955e+01
8.849999999999999645e+00 1.549323000000000006e+00 3.717202999999999946e+01
8.849999999999999645e+00 2.237315999999999860e+00 5.566647999999999996e+01
8.849999999999999645e+00 2.922752000000000017e+00 8.222396000000000527e+01
9.339999999999999858e+00 2.628257999999999983e-02 1.542639000000000093e-01
9.339999999999999858e+00 4.415427999999999714e-02 2.492370999999999892e-01
9.339999999999999858e+00 6.232185999999999976e-02 6.772521000000000235e-01
9.339999999999999858e+00 9.020585000000000409e-02 1.300597000000000003e+00
9.339999999999999858e+00 1.352297000000000082e-01 2.796389000000000014e+00
9.339999999999999858e+00 2.038964000000000054e-01 5.693538000000000210e+00
9.339999999999999858e+00 3.056348999999999871e-01 1.047531000000000034e+01
9.339999999999999858e+00 4.586450999999999723e-01 1.680546000000000006e+01
9.339999999999999858e+00 6.883943999999999619e-01 2.295144000000000162e+01
9.339999999999999858e+00 1.032767999999999908e+00 2.834571000000000041e+01
9.339999999999999858e+00 1.549323000000000006e+00 3.550007000000000090e+01
9.339999999999999858e+00 2.237315999999999860e+00 5.287462000000000018e+01
9.339999999999999858e+00 2.922752000000000017e+00 7.707501000000000602e+01
9.859999999999999432e+00 2.628257999999999983e-02 4.127274000000000220e-01
9.859999999999999432e+00 4.415427999999999714e-02 6.093049000000000381e-01
9.859999999999999432e+00 6.232185999999999976e-02 1.268456000000000028e+00
9.859999999999999432e+00 9.020585000000000409e-02 1.747095999999999982e+00
9.859999999999999432e+00 1.352297000000000082e-01 2.910791000000000128e+00
9.859999999999999432e+00 2.038964000000000054e-01 4.944231000000000265e+00
9.859999999999999432e+00 3.056348999999999871e-01 8.834784000000000859e+00
9.859999999999999432e+00 4.586450999999999723e-01 1.435304000000000002e+01
9.859999999999999432e+00 6.883943999999999619e-01 2.027052000000000120e+01
9.859999999999999432e+00 1.032767999999999908e+00 2.526582000000000150e+01
9.859999999999999432e+00 1.549323000000000006e+00 3.188644999999999996e+01
9.859999999999999432e+00 2.237315999999999860e+00 4.727418000000000120e+01
9.859999999999999432e+00 2.922752000000000017e+00 6.784565000000000623e+01
