1.040000000000000036e+01 2.628257999999999983e-02 7.431242000000000125e+00
1.040000000000000036e+01 4.415427999999999714e-02 1.173400999999999961e+01
1.040000000000000036e+01 6.232185999999999976e-02 1.284975000000000023e+01
1.040000000000000036e+01 9.020585000000000409e-02 1.083501000000000047e+01
1.040000000000000036e+01 1.352297000000000082e-01 9.329529000000000849e+00
1.040000000000000036e+01 2.038964000000000054e-01 7.776958999999999733e+00
1.040000000000000036e+01 3.056348999999999871e-01 7.227316000000000074e+00
1.040000000000000036e+01 4.586450999999999723e-01 7.764260000000000161e+00
1.040000000000000036e+01 6.883943999999999619e-01 9.186417000000000499e+00
1.040000000000000036e+01 1.032767999999999908e+00 1.119264000000000081e+01
1.040000000000000036e+01 1.549323000000000006e+00 1.485435000000000016e+01
1.040000000000000036e+01 2.237315999999999860e+00 2.254472000000000165e+01
1.040000000000000036e+01 2.922752000000000017e+00 3.178322999999999965e+01
1.097000000000000064e+01 2.628257999999999983e-02 1.466042000000000023e+01
1.097000000000000064e+01 4.415427999999999714e-02 2.408708999999999989e+01
1.097000000000000064e+01 6.232185999999999976e-02 2.687123000000000062e+01
1.097000000000000064e+01 9.020585000000000409e-02 2.299614000000000047e+01
1.097000000000000064e+01 1.352297000000000082e-01 2.005196000000000112e+01
1.097000000000000064e+01 2.038964000000000054e-01 1.724200000000000088e+01
1.097000000000000064e+01 3.056348999999999871e-01 1.701242999999999839e+01
1.097000000000000064e+01 4.586450999999999723e-01 2.038026999999999944e+01
1.097000000000000064e+01 6.883943999999999619e-01 2.629251999999999967e+01
1.097000000000000064e+01 1.032767999999999908e+00 3.402785999999999689e+01
1.097000000000000064e+01 1.549323000000000006e+00 4.727360000000000184e+01
1.097000000000000064e+01 2.237315999999999860e+00 7.264091000000000520e+01
1.097000000000000064e+01 2.922752000000000017e+00 1.012539000000000016e+02
1.157000000000000028e+01 2.628257999999999983e-02 2.531372000000000000e+01
1.157000000000000028e+01 4.415427999999999714e-02 4.246667000000000058e+01
1.157000000000000028e+01 6.232185999999999976e-02 4.804375000000000284e+01
1.157000000000000028e+01 9.020585000000000409e-02 4.160902999999999707e+01
1.157000000000000028e+01 1.352297000000000082e-01 3.634029999999999916e+01
1.157000000000000028e+01 2.038964000000000054e-01 3.142190000000000083e+01
1.157000000000000028e+01 3.056348999999999871e-01 3.239094000000000051e+01
1.157000000000000028e+01 4.586450999999999723e-01 4.226650999999999669e+01
1.157000000000000028e+01 6.883943999999999619e-01 5.862921999999999656e+01
1.157000000000000028e+01 1.032767999999999908e+00 8.002643999999999380e+01
1.157000000000000028e+01 1.549323000000000006e+00 1.159819999999999993e+02
1.157000000000000028e+01 2.237315999999999860e+00 1.791383999999999901e+02
1.157000000000000028e+01 2.922752000000000017e+00 2.441972000000000094e+02
1.219999999999999929e+01 2.628257999999999983e-02 3.831296999999999997e+01
1.219999999999999929e+01 4.415427999999999714e-02 6.535238999999999976e+01
1.219999999999999929e+01 6.232185999999999976e-02 7.389508999999999617e+01
1.219999999999999929e+01 9.020585000000000409e-02 6.448887000000000569e+01
1.219999999999999929e+01 1.352297000000000082e-01 5.660976999999999748e+01
1.219999999999999929e+01 2.038964000000000054e-01 4.937901999999999703e+01
1.219999999999999929e+01 3.056348999999999871e-01 5.342260000000000275e+01
1.219999999999999929e+01 4.586450999999999723e-01 7.593820999999999799e+01
1.219999999999999929e+01 6.883943999999999619e-01 1.115181999999999931e+02
1.219999999999999929e+01 1.032767999999999908e+00 1.595882000000000005e+02
1.219999999999999929e+01 1.549323000000000006e+00 2.405627000000000066e+02
1.219999999999999929e+01 2.237315999999999860e+00 3.696293000000000006e+02
1.219999999999999929e+01 2.922752000000000017e+00 4.906336999999999762e+02
1.285999999999999943e+01 2.628257999999999983e-02 4.933718999999999966e+01
1.285999999999999943e+01 4.415427999999999714e-02 8.592852000000000601e+01
1.285999999999999943e+01 6.232185999999999976e-02 9.656820000000000448e+01
1.285999999999999943e+01 9.020585000000000409e-02 8.533048999999999751e+01
1.285999999999999943e+01 1.352297000000000082e-01 7.615246999999999389e+01
1.285999999999999943e+01 2.038964000000000054e-01 6.845789000000000613e+01
1.285999999999999943e+01 3.056348999999999871e-01 7.953705999999999676e+01
1.285999999999999943e+01 4.586450999999999723e-01 1.231547000000000054e+02
1.285999999999999943e+01 6.883943999999999619e-01 1.894031999999999982e+02
1.285999999999999943e+01 1.032767999999999908e+00 2.819053000000000111e+02
1.285999999999999943e+01 1.549323000000000006e+00 4.388007000000000062e+02
1.285999999999999943e+01 2.237315999999999860e+00 6.705021000000000413e+02
1.285999999999999943e+01 2.922752000000000017e+00 8.643060000000000400e+02
1.355000000000000071e+01 2.628257999999999983e-02 5.216306999999999761e+01
1.355000000000000071e+01 4.415427999999999714e-02 9.298090000000000543e+01
1.355000000000000071e+01 6.232185999999999976e-02 1.037659000000000020e+02
1.355000000000000071e+01 9.020585000000000409e-02 9.268909999999999627e+01
1.355000000000000071e+01 1.352297000000000082e-01 8.595238000000000511e+01
1.355000000000000071e+01 2.038964000000000054e-01 8.338580000000000325e+01
1.355000000000000071e+01 3.056348999999999871e-01 1.081484999999999985e+02
1.355000000000000071e+01 4.586450999999999723e-01 1.814842999999999904e+02
1.355000000000000071e+01 6.883943999999999619e-01 2.907456000000000245e+02
1.355000000000000071e+01 1.032767999999999908e+00 4.473478000000000065e+02
1.355000000000000071e+01 1.549323000000000006e+00 7.164095999999999549e+02
1.355000000000000071e+01 2.237315999999999860e+00 1.088663999999999987e+03
1.355000000000000071e+01 2.922752000000000017e+00 1.374019999999999982e+03
1.427999999999999936e+01 2.628257999999999983e-02 4.263803999999999661e+01
1.427999999999999936e+01 4.415427999999999714e-02 7.807393999999999323e+01
1.427999999999999936e+01 6.232185999999999976e-02 8.547370999999999697e+01
1.427999999999999936e+01 9.020585000000000409e-02 7.853574000000000410e+01
1.427999999999999936e+01 1.352297000000000082e-01 7.889606000000000563e+01
1.427999999999999936e+01 2.038964000000000054e-01 8.906340000000000146e+01
1.427999999999999936e+01 3.056348999999999871e-01 1.360009000000000015e+02
1.427999999999999936e+01 4.586450999999999723e-01 2.435062000000000069e+02
1.427999999999999936e+01 6.883943999999999619e-01 4.037749000000000024e+02
1.427999999999999936e+01 1.032767999999999908e+00 6.365439000000000078e+02
1.427999999999999936e+01 1.549323000000000006e+00 1.037132000000000062e+03
1.427999999999999936e+01 2.237315999999999860e+00 1.555171000000000049e+03
1.427999999999999936e+01 2.922752000000000017e+00 1.924770999999999958e+03
1.505000000000000071e+01 2.628257999999999983e-02 2.533887999999999963e+01
1.505000000000000071e+01 4.415427999999999714e-02 4.827535999999999916e+01
1.505000000000000071e+01 6.232185999999999976e-02 5.114818999999999960e+01
1.505000000000000071e+01 9.020585000000000409e-02 5.019883999999999702e+01
1.505000000000000071e+01 1.352297000000000082e-01 6.040447999999999951e+01
1.505000000000000071e+01 2.038964000000000054e-01 8.933817999999999415e+01
1.505000000000000071e+01 3.056348999999999871e-01 1.612514999999999930e+02
1.505000000000000071e+01 4.586450999999999723e-01 3.012984000000000151e+02
1.505000000000000071e+01 6.883943999999999619e-01 5.111104000000000269e+02
1.505000000000000071e+01 1.032767999999999908e+00 8.252625000000000455e+02
1.505000000000000071e+01 1.549323000000000006e+00 1.360147999999999911e+03
1.505000000000000071e+01 2.237315999999999860e+00 1.985551999999999907e+03
1.505000000000000071e+01 2.922752000000000017e+00 2.407474000000000160e+03
1.584999999999999964e+01 2.628257999999999983e-02 9.250223000000000084e+00
1.584999999999999964e+01 4.415427999999999714e-02 1.931358000000000175e+01
1.584999999999999964e+01 6.232185999999999976e-02 2.072729999999999961e+01
1.584999999999999964e+01 9.020585000000000409e-02 2.508153000000000077e+01
1.584999999999999964e+01 1.352297000000000082e-01 4.506054000000000315e+01
1.584999999999999964e+01 2.038964000000000054e-01 9.108292000000000144e+01
1.584999999999999964e+01 3.056348999999999871e-01 1.836577000000000055e+02
1.584999999999999964e+01 4.586450999999999723e-01 3.441127000000000180e+02
1.584999999999999964e+01 6.883943999999999619e-01 5.899796999999999798e+02
1.584999999999999964e+01 1.032767999999999908e+00 9.718052999999999884e+02
1.584999999999999964e+01 1.549323000000000006e+00 1.627640000000000100e+03
1.584999999999999964e+01 2.237315999999999860e+00 2.335108999999999924e+03
1.584999999999999964e+01 2.922752000000000017e+00 2.752880000000000109e+03
1.669000000000000128e+01 2.628257999999999983e-02 1.332942000000000071e+00
1.669000000000000128e+01 4.415427999999999714e-02 4.298872000000000249e+00
1.669000000000000128e+01 6.232185999999999976e-02 1.054951999999999934e+01
1.669000000000000128e+01 9.020585000000000409e-02 1.851561999999999841e+01
1.669000000000000128e+01 1.352297000000000082e-01 4.664961999999999875e+01
1.669000000000000128e+01 2.038964000000000054e-01 1.022077000000000027e+02
1.669000000000000128e+01 3.056348999999999871e-01 2.050178999999999974e+02
1.669000000000000128e+01 4.586450999999999723e-01 3.679708999999999719e+02
1.669000000000000128e+01 6.883943999999999619e-01 6.255058999999999969e+02
1.669000000000000128e+01 1.032767999999999908e+00 1.047903000000000020e+03
1.669000000000000128e+01 1.549323000000000006e+00 1.765931000000000040e+03
1.669000000000000128e+01 2.237315999999999860e+00 2.491601999999999862e+03
1.669000000000000128e+01 2.922752000000000017e+00 2.854813000000000102e+03
1.757000000000000028e+01 2.628257999999999983e-02 1.823196000000000039e+00
1.757000000000000028e+01 4.415427999999999714e-02 4.553471000000000046e+00
1.757000000000000028e+01 6.232185999999999976e-02 1.966514000000000095e+01
1.757000000000000028e+01 9.020585000000000409e-02 3.054766000000000048e+01
1.757000000000000028e+01 1.352297000000000082e-01 6.486274000000000228e+01
1.757000000000000028e+01 2.038964000000000054e-01 1.226302000000000021e+02
1.757000000000000028e+01 3.056348999999999871e-01 2.213722999999999956e+02
1.757000000000000028e+01 4.586450999999999723e-01 3.707644999999999982e+02
1.757000000000000028e+01 6.883943999999999619e-01 6.161254000000000133e+02
1.757000000000000028e+01 1.032767999999999908e+00 1.038882000000000062e+03
1.757000000000000028e+01 1.549323000000000006e+00 1.747348999999999933e+03
1.757000000000000028e+01 2.237315999999999860e+00 2.406735999999999876e+03
1.757000000000000028e+01 2.922752000000000017e+00 2.682900999999999840e+03
1.850000000000000000e+01 2.628257999999999983e-02 7.982362000000000180e+00
1.850000000000000000e+01 4.415427999999999714e-02 1.461062000000000083e+01
1.850000000000000000e+01 6.232185999999999976e-02 3.933854999999999791e+01
1.850000000000000000e+01 9.020585000000000409e-02 5.174707999999999686e+01
1.850000000000000000e+01 1.352297000000000082e-01 9.038146000000000413e+01
1.850000000000000000e+01 2.038964000000000054e-01 1.452116000000000042e+02
1.850000000000000000e+01 3.056348999999999871e-01 2.299547000000000025e+02
1.850000000000000000e+01 4.586450999999999723e-01 3.543113999999999919e+02
1.850000000000000000e+01 6.883943999999999619e-01 5.700140000000000100e+02
1.850000000000000000e+01 1.032767999999999908e+00 9.534314000000000533e+02
1.850000000000000000e+01 1.549323000000000006e+00 1.593057999999999993e+03
1.850000000000000000e+01 2.237315999999999860e+00 2.150349999999999909e+03
1.850000000000000000e+01 2.922752000000000017e+00 2.333362999999999829e+03
1.948000000000000043e+01 2.628257999999999983e-02 1.757612999999999914e+01
1.948000000000000043e+01 4.415427999999999714e-02 2.972654999999999959e+01
1.948000000000000043e+01 6.232185999999999976e-02 6.202911000000000286e+01
1.948000000000000043e+01 9.020585000000000409e-02 7.448355999999999710e+01
1.948000000000000043e+01 1.352297000000000082e-01 1.136274999999999977e+02
1.948000000000000043e+01 2.038964000000000054e-01 1.618017000000000110e+02
1.948000000000000043e+01 3.056348999999999871e-01 2.260588999999999942e+02
1.948000000000000043e+01 4.586450999999999723e-01 3.183238000000000056e+02
1.948000000000000043e+01 6.883943999999999619e-01 4.902631000000000085e+02
1.948000000000000043e+01 1.032767999999999908e+00 8.057595000000000027e+02
1.948000000000000043e+01 1.549323000000000006e+00 1.322647999999999911e+03
1.948000000000000043e+01 2.237315999999999860e+00 1.757566000000000031e+03
1.948000000000000043e+01 2.922752000000000017e+00 1.887546000000000049e+03
2.050000000000000000e+01 2.628257999999999983e-02 3.133801000000000059e+01
2.050000000000000000e+01 4.415427999999999714e-02 5.007305999999999813e+01
2.050000000000000000e+01 6.232185999999999976e-02 8.752938000000000329e+01
2.050000000000000000e+01 9.020585000000000409e-02 9.717555000000000121e+01
2.050000000000000000e+01 1.352297000000000082e-01 1.327810000000000059e+02
2.050000000000000000e+01 2.038964000000000054e-01 1.691605000000000132e+02
2.050000000000000000e+01 3.056348999999999871e-01 2.084572000000000003e+02
2.050000000000000000e+01 4.586450999999999723e-01 2.637769000000000119e+02
2.050000000000000000e+01 6.883943999999999619e-01 3.788278999999999996e+02
2.050000000000000000e+01 1.032767999999999908e+00 5.998455999999999904e+02
2.050000000000000000e+01 1.549323000000000006e+00 9.577821999999999889e+02
2.050000000000000000e+01 2.237315999999999860e+00 1.256567999999999984e+03
2.050000000000000000e+01 2.922752000000000017e+00 1.356181000000000040e+03
2.157999999999999829e+01 2.628257999999999983e-02 4.158644999999999925e+01
2.157999999999999829e+01 4.415427999999999714e-02 6.519522000000000617e+01
2.157999999999999829e+01 6.232185999999999976e-02 1.031355999999999966e+02
2.157999999999999829e+01 9.020585000000000409e-02 1.093906000000000063e+02
2.157999999999999829e+01 1.352297000000000082e-01 1.397561000000000035e+02
2.157999999999999829e+01 2.038964000000000054e-01 1.658636999999999944e+02
2.157999999999999829e+01 3.056348999999999871e-01 1.863795000000000073e+02
2.157999999999999829e+01 4.586450999999999723e-01 2.138156999999999925e+02
2.157999999999999829e+01 6.883943999999999619e-01 2.790523000000000025e+02
2.157999999999999829e+01 1.032767999999999908e+00 4.112538000000000125e+02
2.157999999999999829e+01 1.549323000000000006e+00 6.311565000000000509e+02
2.157999999999999829e+01 2.237315999999999860e+00 8.119328000000000429e+02
2.157999999999999829e+01 2.922752000000000017e+00 8.520556000000000267e+02
2.271000000000000085e+01 2.628257999999999983e-02 4.058037999999999812e+01
2.271000000000000085e+01 4.415427999999999714e-02 6.346349000000000018e+01
2.271000000000000085e+01 6.232185999999999976e-02 9.469697999999999638e+01
2.271000000000000085e+01 9.020585000000000409e-02 9.743117999999999768e+01
2.271000000000000085e+01 1.352297000000000082e-01 1.190793000000000035e+02
2.271000000000000085e+01 2.038964000000000054e-01 1.342721999999999980e+02
2.271000000000000085e+01 3.056348999999999871e-01 1.400920000000000130e+02
2.271000000000000085e+01 4.586450999999999723e-01 1.466422000000000025e+02
2.271000000000000085e+01 6.883943999999999619e-01 1.688670999999999935e+02
2.271000000000000085e+01 1.032767999999999908e+00 2.230870999999999924e+02
2.271000000000000085e+01 1.549323000000000006e+00 3.257783000000000015e+02
2.271000000000000085e+01 2.237315999999999860e+00 4.197097999999999729e+02
2.271000000000000085e+01 2.922752000000000017e+00 4.473849000000000160e+02
2.389000000000000057e+01 2.628257999999999983e-02 2.745719000000000065e+01
2.389000000000000057e+01 4.415427999999999714e-02 4.388221000000000060e+01
2.389000000000000057e+01 6.232185999999999976e-02 6.426661000000000001e+01
2.389000000000000057e+01 9.020585000000000409e-02 6.595144999999999413e+01
2.389000000000000057e+01 1.352297000000000082e-01 8.000637999999999295e+01
2.389000000000000057e+01 2.038964000000000054e-01 8.931726999999999350e+01
2.389000000000000057e+01 3.056348999999999871e-01 9.002931999999999846e+01
2.389000000000000057e+01 4.586450999999999723e-01 8.993509000000000242e+01
2.389000000000000057e+01 6.883943999999999619e-01 9.217449999999999477e+01
2.389000000000000057e+01 1.032767999999999908e+00 1.036814999999999998e+02
2.389000000000000057e+01 1.549323000000000006e+00 1.372903000000000020e+02
2.389000000000000057e+01 2.237315999999999860e+00 1.735576000000000079e+02
2.389000000000000057e+01 2.922752000000000017e+00 1.886420999999999992e+02
2.514000000000000057e+01 2.628257999999999983e-02 1.205434999999999945e+01
2.514000000000000057e+01 4.415427999999999714e-02 2.000067999999999913e+01
2.514000000000000057e+01 6.232185999999999976e-02 2.973436999999999841e+01
2.514000000000000057e+01 9.020585000000000409e-02 3.148902000000000001e+01
2.514000000000000057e+01 1.352297000000000082e-01 3.988230999999999682e+01
2.514000000000000057e+01 2.038964000000000054e-01 4.631557000000000102e+01
2.514000000000000057e+01 3.056348999999999871e-01 4.774020000000000152e+01
2.514000000000000057e+01 4.586450999999999723e-01 4.843435999999999808e+01
2.514000000000000057e+01 6.883943999999999619e-01 4.710179999999999723e+01
2.514000000000000057e+01 1.032767999999999908e+00 4.506522999999999968e+01
2.514000000000000057e+01 1.549323000000000006e+00 5.058536000000000143e+01
2.514000000000000057e+01 2.237315999999999860e+00 6.067790000000000106e+01
2.514000000000000057e+01 2.922752000000000017e+00 6.680575000000000330e+01
2.644000000000000128e+01 2.628257999999999983e-02 3.689944000000000113e+00
2.644000000000000128e+01 4.415427999999999714e-02 6.458899999999999864e+00
2.644000000000000128e+01 6.232185999999999976e-02 9.949462999999999724e+00
2.644000000000000128e+01 9.020585000000000409e-02 1.101646000000000036e+01
2.644000000000000128e+01 1.352297000000000082e-01 1.479570999999999970e+01
2.644000000000000128e+01 2.038964000000000054e-01 1.843849000000000160e+01
2.644000000000000128e+01 3.056348999999999871e-01 2.045523999999999987e+01
2.644000000000000128e+01 4.586450999999999723e-01 2.260096000000000060e+01
2.644000000000000128e+01 6.883943999999999619e-01 2.303807000000000116e+01
2.644000000000000128e+01 1.032767999999999908e+00 2.079313000000000144e+01
2.644000000000000128e+01 1.549323000000000006e+00 1.979532000000000025e+01
2.644000000000000128e+01 2.237315999999999860e+00 2.196837000000000018e+01
2.644000000000000128e+01 2.922752000000000017e+00 2.439707999999999899e+01
2.782000000000000028e+01 2.628257999999999983e-02 8.561296000000000461e-01
2.782000000000000028e+01 4.415427999999999714e-02 1.595669000000000004e+00
2.782000000000000028e+01 6.232185999999999976e-02 2.594068000000000040e+00
2.782000000000000028e+01 9.020585000000000409e-02 3.040614000000000150e+00
2.782000000000000028e+01 1.352297000000000082e-01 4.408744000000000440e+00
2.782000000000000028e+01 2.038964000000000054e-01 6.007214000000000276e+00
2.782000000000000028e+01 3.056348999999999871e-01 7.409463999999999828e+00
2.782000000000000028e+01 4.586450999999999723e-01 9.260647000000000517e+00
2.782000000000000028e+01 6.883943999999999619e-01 1.059974000000000061e+01
2.782000000000000028e+01 1.032767999999999908e+00 1.024029999999999951e+01
2.782000000000000028e+01 1.549323000000000006e+00 9.231583000000000538e+00
2.782000000000000028e+01 2.237315999999999860e+00 9.839786000000000143e+00
2.782000000000000028e+01 2.922752000000000017e+00 1.114935000000000009e+01
2.926000000000000156e+01 2.628257999999999983e-02 1.785305000000000086e-01
2.926000000000000156e+01 4.415427999999999714e-02 3.602762999999999938e-01
2.926000000000000156e+01 6.232185999999999976e-02 6.317426999999999904e-01
2.926000000000000156e+01 9.020585000000000409e-02 7.887825000000000530e-01
2.926000000000000156e+01 1.352297000000000082e-01 1.238517000000000090e+00
2.926000000000000156e+01 2.038964000000000054e-01 1.837534000000000001e+00
2.926000000000000156e+01 3.056348999999999871e-01 2.523248999999999853e+00
2.926000000000000156e+01 4.586450999999999723e-01 3.554097000000000062e+00
2.926000000000000156e+01 6.883943999999999619e-01 4.655850000000000044e+00
2.926000000000000156e+01 1.032767999999999908e+00 5.161431999999999576e+00
2.926000000000000156e+01 1.549323000000000006e+00 4.932857000000000269e+00
2.926000000000000156e+01 2.237315999999999860e+00 5.406197999999999837e+00
2.926000000000000156e+01 2.922752000000000017e+00 6.404363000000000028e+00
3.076999999999999957e+01 2.628257999999999983e-02 4.682305999999999968e-02
3.076999999999999957e+01 4.415427999999999714e-02 1.039738000000000051e-01
3.076999999999999957e+01 6.232185999999999976e-02 2.008188999999999946e-01
3.076999999999999957e+01 9.020585000000000409e-02 2.680472999999999884e-01
3.076999999999999957e+01 1.352297000000000082e-01 4.486151999999999918e-01
3.076999999999999957e+01 2.038964000000000054e-01 7.038628000000000107e-01
3.076999999999999957e+01 3.056348999999999871e-01 1.037608000000000086e+00
3.076999999999999957e+01 4.586450999999999723e-01 1.561034000000000033e+00
3.076999999999999957e+01 6.883943999999999619e-01 2.245093999999999923e+00
3.076999999999999957e+01 1.032767999999999908e+00 2.816857000000000166e+00
3.076999999999999957e+01 1.549323000000000006e+00 3.006936000000000053e+00
3.076999999999999957e+01 2.237315999999999860e+00 3.478222999999999843e+00
3.076999999999999957e+01 2.922752000000000017e+00 4.237370000000000303e+00
3.235999999999999943e+01 2.628257999999999983e-02 2.294103999999999935e-02
3.235999999999999943e+01 4.415427999999999714e-02 5.540777000000000202e-02
3.235999999999999943e+01 6.232185999999999976e-02 1.179985000000000062e-01
3.235999999999999943e+01 9.020585000000000409e-02 1.665364000000000011e-01
3.235999999999999943e+01 1.352297000000000082e-01 2.913088999999999817e-01
3.235999999999999943e+01 2.038964000000000054e-01 4.662040000000000073e-01
3.235999999999999943e+01 3.056348999999999871e-01 7.033009000000000066e-01
3.235999999999999943e+01 4.586450999999999723e-01 1.049916999999999989e+00
3.235999999999999943e+01 6.883943999999999619e-01 1.523360999999999965e+00
3.235999999999999943e+01 1.032767999999999908e+00 1.999576999999999938e+00
3.235999999999999943e+01 1.549323000000000006e+00 2.340476999999999919e+00
3.235999999999999943e+01 2.237315999999999860e+00 2.835405999999999871e+00
3.235999999999999943e+01 2.922752000000000017e+00 3.535559000000000118e+00
3.403000000000000114e+01 2.628257999999999983e-02 2.054879999999999901e-02
3.403000000000000114e+01 4.415427999999999714e-02 5.147892999999999913e-02
3.403000000000000114e+01 6.232185999999999976e-02 1.165032000000000012e-01
3.403000000000000114e+01 9.020585000000000409e-02 1.684937999999999991e-01
3.403000000000000114e+01 1.352297000000000082e-01 3.023156000000000176e-01
3.403000000000000114e+01 2.038964000000000054e-01 4.878900999999999932e-01
3.403000000000000114e+01 3.056348999999999871e-01 7.432950999999999864e-01
3.403000000000000114e+01 4.586450999999999723e-01 1.089868000000000059e+00
3.403000000000000114e+01 6.883943999999999619e-01 1.540121000000000073e+00
3.403000000000000114e+01 1.032767999999999908e+00 1.979157999999999973e+00
3.403000000000000114e+01 1.549323000000000006e+00 2.391077000000000119e+00
3.403000000000000114e+01 2.237315999999999860e+00 2.964936999999999934e+00
3.403000000000000114e+01 2.922752000000000017e+00 3.664470000000000116e+00
6.000000000000000000e+00 2.628257999999999983e-02 1.051374000000000059e-01
6.000000000000000000e+00 4.415427999999999714e-02 2.964644000000000168e-01
6.000000000000000000e+00 6.232185999999999976e-02 5.627174999999999816e-01
6.000000000000000000e+00 9.020585000000000409e-02 9.832414000000000431e-01
6.000000000000000000e+00 1.352297000000000082e-01 1.665491000000000055e+00
6.000000000000000000e+00 2.038964000000000054e-01 1.564009999999999900e+00
6.000000000000000000e+00 3.056348999999999871e-01 1.563971999999999918e+00
6.000000000000000000e+00 4.586450999999999723e-01 1.369971000000000050e+00
6.000000000000000000e+00 6.883943999999999619e-01 1.210236000000000089e+00
6.000000000000000000e+00 1.032767999999999908e+00 1.126166000000000000e+00
6.000000000000000000e+00 1.549323000000000006e+00 1.273824000000000067e+00
6.000000000000000000e+00 2.237315999999999860e+00 2.009212999999999916e+00
6.000000000000000000e+00 2.922752000000000017e+00 3.302318999999999782e+00
6.349999999999999645e+00 2.628257999999999983e-02 1.786060999999999899e-01
6.349999999999999645e+00 4.415427999999999714e-02 4.887155999999999723e-01
6.349999999999999645e+00 6.232185999999999976e-02 9.329619999999999580e-01
6.349999999999999645e+00 9.020585000000000409e-02 1.589990000000000014e+00
6.349999999999999645e+00 1.352297000000000082e-01 2.774897000000000169e+00
6.349999999999999645e+00 2.038964000000000054e-01 2.720628000000000046e+00
6.349999999999999645e+00 3.056348999999999871e-01 2.667870000000000186e+00
6.349999999999999645e+00 4.586450999999999723e-01 2.386446999999999985e+00
6.349999999999999645e+00 6.883943999999999619e-01 2.134812000000000154e+00
6.349999999999999645e+00 1.032767999999999908e+00 1.986050000000000093e+00
6.349999999999999645e+00 1.549323000000000006e+00 2.218595000000000095e+00
6.349999999999999645e+00 2.237315999999999860e+00 3.463328999999999880e+00
6.349999999999999645e+00 2.922752000000000017e+00 5.665852000000000110e+00
6.719999999999999751e+00 2.628257999999999983e-02 2.263547999999999949e-01
6.719999999999999751e+00 4.415427999999999714e-02 6.585725000000000051e-01
6.719999999999999751e+00 6.232185999999999976e-02 1.268952000000000080e+00
6.719999999999999751e+00 9.020585000000000409e-02 2.148390000000000022e+00
6.719999999999999751e+00 1.352297000000000082e-01 3.808330000000000215e+00
6.719999999999999751e+00 2.038964000000000054e-01 4.041418000000000177e+00
6.719999999999999751e+00 3.056348999999999871e-01 3.968647999999999954e+00
6.719999999999999751e+00 4.586450999999999723e-01 3.594742000000000104e+00
6.719999999999999751e+00 6.883943999999999619e-01 3.269636000000000209e+00
6.719999999999999751e+00 1.032767999999999908e+00 3.060166000000000164e+00
6.719999999999999751e+00 1.549323000000000006e+00 3.419941000000000120e+00
6.719999999999999751e+00 2.237315999999999860e+00 5.326995000000000147e+00
6.719999999999999751e+00 2.922752000000000017e+00 8.692489999999999384e+00
7.099999999999999645e+00 2.628257999999999983e-02 2.162678000000000100e-01
7.099999999999999645e+00 4.415427999999999714e-02 7.096343000000000512e-01
7.099999999999999645e+00 6.232185999999999976e-02 1.427351999999999954e+00
7.099999999999999645e+00 9.020585000000000409e-02 2.386859999999999982e+00
7.099999999999999645e+00 1.352297000000000082e-01 4.342508999999999730e+00
7.099999999999999645e+00 2.038964000000000054e-01 5.077515000000000001e+00
7.099999999999999645e+00 3.056348999999999871e-01 5.063119999999999621e+00
7.099999999999999645e+00 4.586450999999999723e-01 4.674587999999999965e+00
7.099999999999999645e+00 6.883943999999999619e-01 4.339113000000000220e+00
7.099999999999999645e+00 1.032767999999999908e+00 4.146611000000000047e+00
7.099999999999999645e+00 1.549323000000000006e+00 4.684333999999999776e+00
7.099999999999999645e+00 2.237315999999999860e+00 7.270734000000000030e+00
7.099999999999999645e+00 2.922752000000000017e+00 1.180500999999999934e+01
7.509999999999999787e+00 2.628257999999999983e-02 1.453760000000000052e-01
7.509999999999999787e+00 4.415427999999999714e-02 5.777860999999999692e-01
7.509999999999999787e+00 6.232185999999999976e-02 1.209411999999999932e+00
7.509999999999999787e+00 9.020585000000000409e-02 2.045660999999999952e+00
7.509999999999999787e+00 1.352297000000000082e-01 3.985390999999999906e+00
7.509999999999999787e+00 2.038964000000000054e-01 5.133651000000000408e+00
7.509999999999999787e+00 3.056348999999999871e-01 5.405513000000000012e+00
7.509999999999999787e+00 4.586450999999999723e-01 5.166297000000000139e+00
7.509999999999999787e+00 6.883943999999999619e-01 4.903631999999999991e+00
7.509999999999999787e+00 1.032767999999999908e+00 4.807470000000000354e+00
7.509999999999999787e+00 1.549323000000000006e+00 5.472792000000000101e+00
7.509999999999999787e+00 2.237315999999999860e+00 8.522109000000000378e+00
7.509999999999999787e+00 2.922752000000000017e+00 1.378076000000000079e+01
7.929999999999999716e+00 2.628257999999999983e-02 4.526031999999999972e-02
7.929999999999999716e+00 4.415427999999999714e-02 2.868934000000000206e-01
7.929999999999999716e+00 6.232185999999999976e-02 6.795592999999999773e-01
7.929999999999999716e+00 9.020585000000000409e-02 1.255134999999999890e+00
7.929999999999999716e+00 1.352297000000000082e-01 2.762824999999999864e+00
7.929999999999999716e+00 2.038964000000000054e-01 4.103654999999999831e+00
7.929999999999999716e+00 3.056348999999999871e-01 4.690047999999999995e+00
7.929999999999999716e+00 4.586450999999999723e-01 4.714593999999999951e+00
7.929999999999999716e+00 6.883943999999999619e-01 4.613968999999999987e+00
7.929999999999999716e+00 1.032767999999999908e+00 4.637751999999999875e+00
7.929999999999999716e+00 1.549323000000000006e+00 5.352521999999999558e+00
7.929999999999999716e+00 2.237315999999999860e+00 8.290224000000000260e+00
7.929999999999999716e+00 2.922752000000000017e+00 1.325759000000000043e+01
8.380000000000000782e+00 2.628257999999999983e-02 1.609274999999999942e-02
8.380000000000000782e+00 4.415427999999999714e-02 4.537967999999999863e-02
8.380000000000000782e+00 6.232185999999999976e-02 1.615186000000000122e-01
8.380000000000000782e+00 9.020585000000000409e-02 4.343957999999999986e-01
8.380000000000000782e+00 1.352297000000000082e-01 1.248342999999999980e+00
8.380000000000000782e+00 2.038964000000000054e-01 2.337445999999999913e+00
8.380000000000000782e+00 3.056348999999999871e-01 3.033377999999999908e+00
8.380000000000000782e+00 4.586450999999999723e-01 3.311784999999999979e+00
8.380000000000000782e+00 6.883943999999999619e-01 3.378589999999999982e+00
8.380000000000000782e+00 1.032767999999999908e+00 3.500189999999999912e+00
8.380000000000000782e+00 1.549323000000000006e+00 4.126583000000000112e+00
8.380000000000000782e+00 2.237315999999999860e+00 6.379091999999999985e+00
8.380000000000000782e+00 2.922752000000000017e+00 1.012387999999999977e+01
8.849999999999999645e+00 2.628257999999999983e-02 2.809639999999999915e-01
8.849999999999999645e+00 4.415427999999999714e-02 2.530020000000000047e-01
8.849999999999999645e+00 6.232185999999999976e-02 1.855057999999999985e-01
8.849999999999999645e+00 9.020585000000000409e-02 1.571781999999999901e-01
8.849999999999999645e+00 1.352297000000000082e-01 2.986693999999999738e-01
8.849999999999999645e+00 2.038964000000000054e-01 7.565108999999999861e-01
8.849999999999999645e+00 3.056348999999999871e-01 1.181470999999999938e+00
8.849999999999999645e+00 4.586450999999999723e-01 1.472717999999999972e+00
8.849999999999999645e+00 6.883943999999999619e-01 1.590273000000000048e+00
8.849999999999999645e+00 1.032767999999999908e+00 1.717716000000000021e+00
8.849999999999999645e+00 1.549323000000000006e+00 2.070669999999999789e+00
8.849999999999999645e+00 2.237315999999999860e+00 3.244206999999999841e+00
8.849999999999999645e+00 2.922752000000000017e+00 5.166782000000000430e+00
9.339999999999999858e+00 2.628257999999999983e-02 1.191154000000000046e+00
9.339999999999999858e+00 4.415427999999999714e-02 1.539012000000000047e+00
9.339999999999999858e+00 6.232185999999999976e-02 1.476321999999999912e+00
9.339999999999999858e+00 9.020585000000000409e-02 1.098111999999999977e+00
9.339999999999999858e+00 1.352297000000000082e-01 7.165863000000000094e-01
9.339999999999999858e+00 2.038964000000000054e-01 4.700676999999999772e-01
9.339999999999999858e+00 3.056348999999999871e-01 4.232096000000000191e-01
9.339999999999999858e+00 4.586450999999999723e-01 4.238353000000000259e-01
9.339999999999999858e+00 6.883943999999999619e-01 4.390666999999999764e-01
9.339999999999999858e+00 1.032767999999999908e+00 4.797147999999999968e-01
9.339999999999999858e+00 1.549323000000000006e+00 5.957917999999999825e-01
9.339999999999999858e+00 2.237315999999999860e+00 9.194274999999999531e-01
9.339999999999999858e+00 2.922752000000000017e+00 1.399985000000000035e+00
9.859999999999999432e+00 2.628257999999999983e-02 3.306902000000000008e+00
9.859999999999999432e+00 4.415427999999999714e-02 4.875600000000000378e+00
9.859999999999999432e+00 6.232185999999999976e-02 5.152407000000000181e+00
9.859999999999999432e+00 9.020585000000000409e-02 4.199761999999999773e+00
9.859999999999999432e+00 1.352297000000000082e-01 3.367633000000000099e+00
9.859999999999999432e+00 2.038964000000000054e-01 2.516611999999999849e+00
9.859999999999999432e+00 3.056348999999999871e-01 2.060637999999999970e+00
9.859999999999999432e+00 4.586450999999999723e-01 1.881531000000000065e+00
9.859999999999999432e+00 6.883943999999999619e-01 1.981173999999999991e+00
9.859999999999999432e+00 1.032767999999999908e+00 2.250469999999999970e+00
9.859999999999999432e+00 1.549323000000000006e+00 2.866743000000000041e+00
9.859999999999999432e+00 2.237315999999999860e+00 4.291032000000000401e+00
9.859999999999999432e+00 2.922752000000000017e+00 5.989093000000000444e+00
