1.948000000000000043e+01 2.628257999999999983e-02 2.698066000000000031e+01
1.948000000000000043e+01 4.415427999999999714e-02 4.132809000000000310e+01
1.948000000000000043e+01 6.232185999999999976e-02 6.324264999999999759e+01
1.948000000000000043e+01 9.020585000000000409e-02 6.460806999999999789e+01
1.948000000000000043e+01 1.352297000000000082e-01 7.883638999999999442e+01
1.948000000000000043e+01 2.038964000000000054e-01 9.010398999999999603e+01
1.948000000000000043e+01 3.056348999999999871e-01 9.908585999999999672e+01
1.948000000000000043e+01 4.586450999999999723e-01 1.133076999999999970e+02
1.948000000000000043e+01 6.883943999999999619e-01 1.494243999999999915e+02
1.948000000000000043e+01 1.032767999999999908e+00 2.266015999999999906e+02
1.948000000000000043e+01 1.549323000000000006e+00 3.617323000000000093e+02
1.948000000000000043e+01 2.237315999999999860e+00 4.638820000000000050e+02
1.948000000000000043e+01 2.922752000000000017e+00 4.619506999999999834e+02
