1.040000000000000036e+01 2.628257999999999983e-02 2.509806000000000026e+01
1.040000000000000036e+01 4.415427999999999714e-02 3.837780999999999665e+01
1.040000000000000036e+01 6.232185999999999976e-02 4.069312999999999647e+01
1.040000000000000036e+01 9.020585000000000409e-02 2.980721000000000132e+01
1.040000000000000036e+01 1.352297000000000082e-01 2.054663000000000039e+01
1.040000000000000036e+01 2.038964000000000054e-01 1.336740999999999957e+01
1.040000000000000036e+01 3.056348999999999871e-01 9.980686999999999642e+00
1.040000000000000036e+01 4.586450999999999723e-01 1.013484000000000052e+01
1.040000000000000036e+01 6.883943999999999619e-01 1.211922999999999995e+01
1.040000000000000036e+01 1.032767999999999908e+00 1.481558000000000064e+01
1.040000000000000036e+01 1.549323000000000006e+00 1.917107000000000028e+01
1.040000000000000036e+01 2.237315999999999860e+00 2.625381000000000142e+01
1.040000000000000036e+01 2.922752000000000017e+00 3.134263999999999939e+01
1.097000000000000064e+01 2.628257999999999983e-02 4.705384999999999707e+01
1.097000000000000064e+01 4.415427999999999714e-02 7.348087999999999909e+01
1.097000000000000064e+01 6.232185999999999976e-02 7.677902000000000271e+01
1.097000000000000064e+01 9.020585000000000409e-02 5.569380000000000308e+01
1.097000000000000064e+01 1.352297000000000082e-01 3.714155000000000229e+01
1.097000000000000064e+01 2.038964000000000054e-01 2.516662000000000177e+01
1.097000000000000064e+01 3.056348999999999871e-01 2.427374999999999972e+01
1.097000000000000064e+01 4.586450999999999723e-01 3.364121000000000095e+01
1.097000000000000064e+01 6.883943999999999619e-01 4.670078000000000173e+01
1.097000000000000064e+01 1.032767999999999908e+00 6.009917999999999694e+01
1.097000000000000064e+01 1.549323000000000006e+00 8.010129000000000588e+01
1.097000000000000064e+01 2.237315999999999860e+00 1.078871000000000038e+02
1.097000000000000064e+01 2.922752000000000017e+00 1.188986000000000018e+02
1.157000000000000028e+01 2.628257999999999983e-02 7.193766999999999712e+01
1.157000000000000028e+01 4.415427999999999714e-02 1.159279999999999973e+02
1.157000000000000028e+01 6.232185999999999976e-02 1.214470000000000027e+02
1.157000000000000028e+01 9.020585000000000409e-02 8.891919000000000040e+01
1.157000000000000028e+01 1.352297000000000082e-01 6.016787999999999670e+01
1.157000000000000028e+01 2.038964000000000054e-01 4.521753999999999962e+01
1.157000000000000028e+01 3.056348999999999871e-01 5.483787999999999840e+01
1.157000000000000028e+01 4.586450999999999723e-01 8.757156999999999414e+01
1.157000000000000028e+01 6.883943999999999619e-01 1.277368000000000023e+02
1.157000000000000028e+01 1.032767999999999908e+00 1.687453999999999894e+02
1.157000000000000028e+01 1.549323000000000006e+00 2.329231000000000051e+02
1.157000000000000028e+01 2.237315999999999860e+00 3.162481000000000222e+02
1.157000000000000028e+01 2.922752000000000017e+00 3.367180999999999926e+02
1.219999999999999929e+01 2.628257999999999983e-02 7.802161999999999864e+01
1.219999999999999929e+01 4.415427999999999714e-02 1.323608999999999867e+02
1.219999999999999929e+01 6.232185999999999976e-02 1.409190999999999860e+02
1.219999999999999929e+01 9.020585000000000409e-02 1.070960000000000036e+02
1.219999999999999929e+01 1.352297000000000082e-01 7.854187000000000296e+01
1.219999999999999929e+01 2.038964000000000054e-01 7.037493999999999517e+01
1.219999999999999929e+01 3.056348999999999871e-01 1.023380999999999972e+02
1.219999999999999929e+01 4.586450999999999723e-01 1.737940000000000111e+02
1.219999999999999929e+01 6.883943999999999619e-01 2.591969000000000278e+02
1.219999999999999929e+01 1.032767999999999908e+00 3.504155000000000086e+02
1.219999999999999929e+01 1.549323000000000006e+00 5.015645999999999844e+02
1.219999999999999929e+01 2.237315999999999860e+00 6.790932000000000244e+02
1.219999999999999929e+01 2.922752000000000017e+00 7.093102999999999838e+02
1.285999999999999943e+01 2.628257999999999983e-02 4.548915999999999826e+01
1.285999999999999943e+01 4.415427999999999714e-02 8.648311999999999955e+01
1.285999999999999943e+01 6.232185999999999976e-02 9.504259999999999309e+01
1.285999999999999943e+01 9.020585000000000409e-02 7.945624999999999716e+01
1.285999999999999943e+01 1.352297000000000082e-01 7.209914999999999452e+01
1.285999999999999943e+01 2.038964000000000054e-01 8.921648999999999319e+01
1.285999999999999943e+01 3.056348999999999871e-01 1.519611999999999910e+02
1.285999999999999943e+01 4.586450999999999723e-01 2.624476999999999975e+02
1.285999999999999943e+01 6.883943999999999619e-01 3.948167000000000257e+02
1.285999999999999943e+01 1.032767999999999908e+00 5.456680999999999813e+02
1.285999999999999943e+01 1.549323000000000006e+00 8.086808999999999514e+02
1.285999999999999943e+01 2.237315999999999860e+00 1.097664999999999964e+03
1.285999999999999943e+01 2.922752000000000017e+00 1.129182000000000016e+03
1.355000000000000071e+01 2.628257999999999983e-02 5.651025999999999883e+00
1.355000000000000071e+01 4.415427999999999714e-02 1.763079000000000107e+01
1.355000000000000071e+01 6.232185999999999976e-02 2.400663000000000125e+01
1.355000000000000071e+01 9.020585000000000409e-02 3.109226999999999919e+01
1.355000000000000071e+01 1.352297000000000082e-01 5.130143000000000342e+01
1.355000000000000071e+01 2.038964000000000054e-01 9.684054000000000428e+01
1.355000000000000071e+01 3.056348999999999871e-01 1.806667999999999950e+02
1.355000000000000071e+01 4.586450999999999723e-01 3.028775999999999726e+02
1.355000000000000071e+01 6.883943999999999619e-01 4.532337999999999738e+02
1.355000000000000071e+01 1.032767999999999908e+00 6.381493000000000393e+02
1.355000000000000071e+01 1.549323000000000006e+00 9.751250999999999749e+02
1.355000000000000071e+01 2.237315999999999860e+00 1.336796000000000049e+03
1.355000000000000071e+01 2.922752000000000017e+00 1.361661000000000058e+03
1.427999999999999936e+01 2.628257999999999983e-02 1.097711999999999932e+01
1.427999999999999936e+01 4.415427999999999714e-02 1.143684999999999974e+01
1.427999999999999936e+01 6.232185999999999976e-02 2.414528999999999925e+01
1.427999999999999936e+01 9.020585000000000409e-02 3.367660999999999660e+01
1.427999999999999936e+01 1.352297000000000082e-01 6.060707000000000022e+01
1.427999999999999936e+01 2.038964000000000054e-01 1.061174000000000035e+02
1.427999999999999936e+01 3.056348999999999871e-01 1.758360999999999876e+02
1.427999999999999936e+01 4.586450999999999723e-01 2.642937000000000012e+02
1.427999999999999936e+01 6.883943999999999619e-01 3.825625000000000000e+02
1.427999999999999936e+01 1.032767999999999908e+00 5.426227999999999838e+02
1.427999999999999936e+01 1.549323000000000006e+00 8.414274000000000342e+02
1.427999999999999936e+01 2.237315999999999860e+00 1.146122000000000071e+03
1.427999999999999936e+01 2.922752000000000017e+00 1.162740000000000009e+03
1.505000000000000071e+01 2.628257999999999983e-02 4.125244000000000000e+01
1.505000000000000071e+01 4.415427999999999714e-02 5.271282999999999674e+01
1.505000000000000071e+01 6.232185999999999976e-02 7.829779000000000622e+01
1.505000000000000071e+01 9.020585000000000409e-02 7.842155999999999949e+01
1.505000000000000071e+01 1.352297000000000082e-01 9.924345999999999890e+01
1.505000000000000071e+01 2.038964000000000054e-01 1.249866999999999990e+02
1.505000000000000071e+01 3.056348999999999871e-01 1.593052000000000135e+02
1.505000000000000071e+01 4.586450999999999723e-01 2.016471999999999980e+02
1.505000000000000071e+01 6.883943999999999619e-01 2.694458000000000197e+02
1.505000000000000071e+01 1.032767999999999908e+00 3.775269000000000119e+02
1.505000000000000071e+01 1.549323000000000006e+00 5.834888999999999442e+02
1.505000000000000071e+01 2.237315999999999860e+00 7.687999999999999545e+02
1.505000000000000071e+01 2.922752000000000017e+00 7.482822999999999638e+02
1.584999999999999964e+01 2.628257999999999983e-02 5.001581999999999795e+01
1.584999999999999964e+01 4.415427999999999714e-02 6.993465000000000487e+01
1.584999999999999964e+01 6.232185999999999976e-02 9.968102000000000373e+01
1.584999999999999964e+01 9.020585000000000409e-02 9.637045999999999424e+01
1.584999999999999964e+01 1.352297000000000082e-01 1.117887000000000057e+02
1.584999999999999964e+01 2.038964000000000054e-01 1.212095000000000056e+02
1.584999999999999964e+01 3.056348999999999871e-01 1.246551999999999936e+02
1.584999999999999964e+01 4.586450999999999723e-01 1.306276000000000010e+02
1.584999999999999964e+01 6.883943999999999619e-01 1.516733000000000118e+02
1.584999999999999964e+01 1.032767999999999908e+00 2.021775000000000091e+02
1.584999999999999964e+01 1.549323000000000006e+00 3.112900999999999954e+02
1.584999999999999964e+01 2.237315999999999860e+00 4.088091999999999757e+02
1.584999999999999964e+01 2.922752000000000017e+00 3.967044999999999959e+02
1.669000000000000128e+01 2.628257999999999983e-02 3.418901999999999930e+01
1.669000000000000128e+01 4.415427999999999714e-02 5.071831999999999852e+01
1.669000000000000128e+01 6.232185999999999976e-02 7.284019000000000688e+01
1.669000000000000128e+01 9.020585000000000409e-02 7.214087000000000671e+01
1.669000000000000128e+01 1.352297000000000082e-01 8.462045999999999424e+01
1.669000000000000128e+01 2.038964000000000054e-01 9.035463000000000022e+01
1.669000000000000128e+01 3.056348999999999871e-01 8.522769999999999868e+01
1.669000000000000128e+01 4.586450999999999723e-01 7.923537000000000319e+01
1.669000000000000128e+01 6.883943999999999619e-01 7.750059000000000253e+01
1.669000000000000128e+01 1.032767999999999908e+00 9.175497000000000014e+01
1.669000000000000128e+01 1.549323000000000006e+00 1.346154999999999973e+02
1.669000000000000128e+01 2.237315999999999860e+00 1.749453000000000031e+02
1.669000000000000128e+01 2.922752000000000017e+00 1.715320000000000107e+02
1.757000000000000028e+01 2.628257999999999983e-02 1.504865000000000030e+01
1.757000000000000028e+01 4.415427999999999714e-02 2.354055999999999926e+01
1.757000000000000028e+01 6.232185999999999976e-02 3.493146999999999736e+01
1.757000000000000028e+01 9.020585000000000409e-02 3.673648000000000025e+01
1.757000000000000028e+01 1.352297000000000082e-01 4.583932999999999680e+01
1.757000000000000028e+01 2.038964000000000054e-01 5.155707000000000306e+01
1.757000000000000028e+01 3.056348999999999871e-01 4.921670000000000300e+01
1.757000000000000028e+01 4.586450999999999723e-01 4.536898999999999660e+01
1.757000000000000028e+01 6.883943999999999619e-01 3.983955999999999875e+01
1.757000000000000028e+01 1.032767999999999908e+00 3.924721999999999866e+01
1.757000000000000028e+01 1.549323000000000006e+00 5.114668000000000347e+01
1.757000000000000028e+01 2.237315999999999860e+00 6.451131999999999778e+01
1.757000000000000028e+01 2.922752000000000017e+00 6.613837999999999795e+01
1.850000000000000000e+01 2.628257999999999983e-02 4.910288000000000430e+00
1.850000000000000000e+01 4.415427999999999714e-02 8.131833000000000311e+00
1.850000000000000000e+01 6.232185999999999976e-02 1.258925999999999945e+01
1.850000000000000000e+01 9.020585000000000409e-02 1.410125999999999991e+01
1.850000000000000000e+01 1.352297000000000082e-01 1.898030999999999935e+01
1.850000000000000000e+01 2.038964000000000054e-01 2.329829000000000150e+01
1.850000000000000000e+01 3.056348999999999871e-01 2.418322999999999823e+01
1.850000000000000000e+01 4.586450999999999723e-01 2.403190999999999988e+01
1.850000000000000000e+01 6.883943999999999619e-01 2.120693999999999946e+01
1.850000000000000000e+01 1.032767999999999908e+00 1.825992000000000104e+01
1.850000000000000000e+01 1.549323000000000006e+00 2.031384999999999863e+01
1.850000000000000000e+01 2.237315999999999860e+00 2.490640000000000143e+01
1.850000000000000000e+01 2.922752000000000017e+00 2.745440999999999931e+01
1.948000000000000043e+01 2.628257999999999983e-02 1.234728999999999965e+00
1.948000000000000043e+01 4.415427999999999714e-02 2.167511000000000188e+00
1.948000000000000043e+01 6.232185999999999976e-02 3.536607000000000056e+00
1.948000000000000043e+01 9.020585000000000409e-02 4.252238000000000184e+00
1.948000000000000043e+01 1.352297000000000082e-01 6.276980000000000004e+00
1.948000000000000043e+01 2.038964000000000054e-01 8.611829000000000178e+00
1.948000000000000043e+01 3.056348999999999871e-01 1.016428999999999938e+01
1.948000000000000043e+01 4.586450999999999723e-01 1.147250999999999976e+01
1.948000000000000043e+01 6.883943999999999619e-01 1.108571000000000062e+01
1.948000000000000043e+01 1.032767999999999908e+00 9.302816999999999226e+00
1.948000000000000043e+01 1.549323000000000006e+00 9.118066999999999922e+00
1.948000000000000043e+01 2.237315999999999860e+00 1.100505000000000067e+01
1.948000000000000043e+01 2.922752000000000017e+00 1.311707999999999963e+01
2.050000000000000000e+01 2.628257999999999983e-02 2.516570000000000196e-01
2.050000000000000000e+01 4.415427999999999714e-02 4.704293999999999976e-01
2.050000000000000000e+01 6.232185999999999976e-02 8.126961999999999797e-01
2.050000000000000000e+01 9.020585000000000409e-02 1.050462999999999925e+00
2.050000000000000000e+01 1.352297000000000082e-01 1.713667000000000051e+00
2.050000000000000000e+01 2.038964000000000054e-01 2.642171999999999965e+00
2.050000000000000000e+01 3.056348999999999871e-01 3.604337999999999820e+00
2.050000000000000000e+01 4.586450999999999723e-01 4.725538000000000238e+00
2.050000000000000000e+01 6.883943999999999619e-01 5.251068000000000069e+00
2.050000000000000000e+01 1.032767999999999908e+00 4.752182000000000350e+00
2.050000000000000000e+01 1.549323000000000006e+00 4.382482000000000433e+00
2.050000000000000000e+01 2.237315999999999860e+00 5.271497000000000099e+00
2.050000000000000000e+01 2.922752000000000017e+00 6.597031999999999563e+00
2.157999999999999829e+01 2.628257999999999983e-02 4.551049000000000067e-02
2.157999999999999829e+01 4.415427999999999714e-02 9.157706000000000179e-02
2.157999999999999829e+01 6.232185999999999976e-02 1.678710999999999953e-01
2.157999999999999829e+01 9.020585000000000409e-02 2.321197999999999873e-01
2.157999999999999829e+01 1.352297000000000082e-01 4.166625999999999941e-01
2.157999999999999829e+01 2.038964000000000054e-01 7.149714999999999820e-01
2.157999999999999829e+01 3.056348999999999871e-01 1.125458000000000069e+00
2.157999999999999829e+01 4.586450999999999723e-01 1.729606999999999895e+00
2.157999999999999829e+01 6.883943999999999619e-01 2.277244000000000046e+00
2.157999999999999829e+01 1.032767999999999908e+00 2.350702000000000069e+00
2.157999999999999829e+01 1.549323000000000006e+00 2.119914000000000076e+00
2.157999999999999829e+01 2.237315999999999860e+00 2.531048999999999882e+00
2.157999999999999829e+01 2.922752000000000017e+00 3.103137999999999952e+00
2.271000000000000085e+01 2.628257999999999983e-02 8.903193000000000218e-03
2.271000000000000085e+01 4.415427999999999714e-02 1.966709000000000165e-02
2.271000000000000085e+01 6.232185999999999976e-02 3.776377999999999679e-02
2.271000000000000085e+01 9.020585000000000409e-02 5.484462999999999838e-02
2.271000000000000085e+01 1.352297000000000082e-01 1.039833000000000007e-01
2.271000000000000085e+01 2.038964000000000054e-01 1.911112000000000088e-01
2.271000000000000085e+01 3.056348999999999871e-01 3.348021999999999943e-01
2.271000000000000085e+01 4.586450999999999723e-01 5.896143000000000356e-01
2.271000000000000085e+01 6.883943999999999619e-01 9.203504000000000129e-01
2.271000000000000085e+01 1.032767999999999908e+00 1.127450999999999981e+00
2.271000000000000085e+01 1.549323000000000006e+00 1.067234000000000016e+00
2.271000000000000085e+01 2.237315999999999860e+00 1.273465000000000069e+00
2.271000000000000085e+01 2.922752000000000017e+00 1.499433999999999934e+00
2.389000000000000057e+01 2.628257999999999983e-02 2.962347000000000157e-03
2.389000000000000057e+01 4.415427999999999714e-02 7.199109999999999884e-03
2.389000000000000057e+01 6.232185999999999976e-02 1.438186999999999972e-02
2.389000000000000057e+01 9.020585000000000409e-02 2.121504000000000098e-02
2.389000000000000057e+01 1.352297000000000082e-01 3.925777999999999907e-02
2.389000000000000057e+01 2.038964000000000054e-01 7.030788999999999789e-02
2.389000000000000057e+01 3.056348999999999871e-01 1.222634999999999972e-01
2.389000000000000057e+01 4.586450999999999723e-01 2.212221000000000048e-01
2.389000000000000057e+01 6.883943999999999619e-01 3.801859000000000210e-01
2.389000000000000057e+01 1.032767999999999908e+00 5.415672999999999737e-01
2.389000000000000057e+01 1.549323000000000006e+00 5.782509000000000121e-01
2.389000000000000057e+01 2.237315999999999860e+00 6.728262000000000409e-01
2.389000000000000057e+01 2.922752000000000017e+00 7.933257000000000225e-01
2.514000000000000057e+01 2.628257999999999983e-02 2.297623999999999847e-03
2.514000000000000057e+01 4.415427999999999714e-02 5.825946999999999723e-03
2.514000000000000057e+01 6.232185999999999976e-02 1.228513999999999995e-02
2.514000000000000057e+01 9.020585000000000409e-02 1.827580999999999997e-02
2.514000000000000057e+01 1.352297000000000082e-01 3.291024000000000033e-02
2.514000000000000057e+01 2.038964000000000054e-01 5.498673999999999923e-02
2.514000000000000057e+01 3.056348999999999871e-01 8.700840999999999437e-02
2.514000000000000057e+01 4.586450999999999723e-01 1.379346999999999934e-01
2.514000000000000057e+01 6.883943999999999619e-01 2.185039000000000009e-01
2.514000000000000057e+01 1.032767999999999908e+00 3.131245999999999752e-01
2.514000000000000057e+01 1.549323000000000006e+00 3.639246999999999899e-01
2.514000000000000057e+01 2.237315999999999860e+00 4.170133999999999785e-01
2.514000000000000057e+01 2.922752000000000017e+00 5.095606999999999775e-01
2.644000000000000128e+01 2.628257999999999983e-02 2.930185000000000081e-03
2.644000000000000128e+01 4.415427999999999714e-02 7.422871000000000156e-03
2.644000000000000128e+01 6.232185999999999976e-02 1.625737000000000015e-02
2.644000000000000128e+01 9.020585000000000409e-02 2.419373000000000010e-02
2.644000000000000128e+01 1.352297000000000082e-01 4.350773000000000140e-02
2.644000000000000128e+01 2.038964000000000054e-01 7.072496000000000338e-02
2.644000000000000128e+01 3.056348999999999871e-01 1.070374000000000048e-01
2.644000000000000128e+01 4.586450999999999723e-01 1.540891000000000066e-01
2.644000000000000128e+01 6.883943999999999619e-01 2.168970000000000065e-01
2.644000000000000128e+01 1.032767999999999908e+00 2.813565000000000094e-01
2.644000000000000128e+01 1.549323000000000006e+00 3.233133999999999730e-01
2.644000000000000128e+01 2.237315999999999860e+00 3.631114999999999760e-01
2.644000000000000128e+01 2.922752000000000017e+00 4.192640999999999729e-01
2.782000000000000028e+01 2.628257999999999983e-02 4.328842000000000280e-03
2.782000000000000028e+01 4.415427999999999714e-02 1.091830000000000057e-02
2.782000000000000028e+01 6.232185999999999976e-02 2.438082000000000096e-02
2.782000000000000028e+01 9.020585000000000409e-02 3.613127000000000005e-02
2.782000000000000028e+01 1.352297000000000082e-01 6.520325000000000426e-02
2.782000000000000028e+01 2.038964000000000054e-01 1.052229999999999971e-01
2.782000000000000028e+01 3.056348999999999871e-01 1.578854000000000091e-01
2.782000000000000028e+01 4.586450999999999723e-01 2.219586000000000059e-01
2.782000000000000028e+01 6.883943999999999619e-01 3.017063999999999857e-01
2.782000000000000028e+01 1.032767999999999908e+00 3.717345000000000232e-01
2.782000000000000028e+01 1.549323000000000006e+00 4.195995000000000141e-01
2.782000000000000028e+01 2.237315999999999860e+00 4.712232000000000087e-01
2.782000000000000028e+01 2.922752000000000017e+00 5.091638000000000552e-01
2.926000000000000156e+01 2.628257999999999983e-02 6.404713999999999720e-03
2.926000000000000156e+01 4.415427999999999714e-02 1.612943000000000016e-02
2.926000000000000156e+01 6.232185999999999976e-02 3.636447000000000290e-02
2.926000000000000156e+01 9.020585000000000409e-02 5.368445000000000161e-02
2.926000000000000156e+01 1.352297000000000082e-01 9.712096000000000617e-02
2.926000000000000156e+01 2.038964000000000054e-01 1.562206999999999901e-01
2.926000000000000156e+01 3.056348999999999871e-01 2.346991999999999967e-01
2.926000000000000156e+01 4.586450999999999723e-01 3.299080999999999819e-01
2.926000000000000156e+01 6.883943999999999619e-01 4.470802999999999860e-01
2.926000000000000156e+01 1.032767999999999908e+00 5.461382999999999655e-01
2.926000000000000156e+01 1.549323000000000006e+00 6.185939999999999772e-01
2.926000000000000156e+01 2.237315999999999860e+00 7.159075999999999773e-01
2.926000000000000156e+01 2.922752000000000017e+00 8.079266000000000503e-01
3.076999999999999957e+01 2.628257999999999983e-02 9.272806999999999231e-03
3.076999999999999957e+01 4.415427999999999714e-02 2.328173999999999869e-02
3.076999999999999957e+01 6.232185999999999976e-02 5.284404999999999658e-02
3.076999999999999957e+01 9.020585000000000409e-02 7.765081999999999540e-02
3.076999999999999957e+01 1.352297000000000082e-01 1.409055999999999920e-01
3.076999999999999957e+01 2.038964000000000054e-01 2.264685999999999921e-01
3.076999999999999957e+01 3.056348999999999871e-01 3.406665999999999861e-01
3.076999999999999957e+01 4.586450999999999723e-01 4.810909999999999909e-01
3.076999999999999957e+01 6.883943999999999619e-01 6.556581999999999688e-01
3.076999999999999957e+01 1.032767999999999908e+00 7.995638000000000467e-01
3.076999999999999957e+01 1.549323000000000006e+00 9.098100000000000076e-01
3.076999999999999957e+01 2.237315999999999860e+00 1.067970000000000086e+00
3.076999999999999957e+01 2.922752000000000017e+00 1.240517000000000092e+00
3.235999999999999943e+01 2.628257999999999983e-02 1.294608000000000043e-02
3.235999999999999943e+01 4.415427999999999714e-02 3.266729000000000160e-02
3.235999999999999943e+01 6.232185999999999976e-02 7.492706999999999840e-02
3.235999999999999943e+01 9.020585000000000409e-02 1.096011000000000069e-01
3.235999999999999943e+01 1.352297000000000082e-01 1.991597999999999979e-01
3.235999999999999943e+01 2.038964000000000054e-01 3.204137000000000235e-01
3.235999999999999943e+01 3.056348999999999871e-01 4.841442000000000245e-01
3.235999999999999943e+01 4.586450999999999723e-01 6.909942999999999502e-01
3.235999999999999943e+01 6.883943999999999619e-01 9.483074999999999699e-01
3.235999999999999943e+01 1.032767999999999908e+00 1.164639999999999898e+00
3.235999999999999943e+01 1.549323000000000006e+00 1.350182999999999911e+00
3.235999999999999943e+01 2.237315999999999860e+00 1.620181000000000093e+00
3.235999999999999943e+01 2.922752000000000017e+00 1.937415000000000109e+00
3.403000000000000114e+01 2.628257999999999983e-02 1.761197000000000110e-02
3.403000000000000114e+01 4.415427999999999714e-02 4.454575999999999675e-02
3.403000000000000114e+01 6.232185999999999976e-02 1.032693999999999973e-01
3.403000000000000114e+01 9.020585000000000409e-02 1.503276000000000057e-01
3.403000000000000114e+01 1.352297000000000082e-01 2.733356000000000119e-01
3.403000000000000114e+01 2.038964000000000054e-01 4.407555000000000223e-01
3.403000000000000114e+01 3.056348999999999871e-01 6.700251999999999875e-01
3.403000000000000114e+01 4.586450999999999723e-01 9.653370999999999480e-01
3.403000000000000114e+01 6.883943999999999619e-01 1.331220999999999988e+00
3.403000000000000114e+01 1.032767999999999908e+00 1.641591999999999940e+00
3.403000000000000114e+01 1.549323000000000006e+00 1.934426999999999897e+00
3.403000000000000114e+01 2.237315999999999860e+00 2.375633000000000106e+00
3.403000000000000114e+01 2.922752000000000017e+00 2.913218999999999781e+00
6.000000000000000000e+00 2.628257999999999983e-02 4.995119000000000087e-01
6.000000000000000000e+00 4.415427999999999714e-02 1.650241999999999987e+00
6.000000000000000000e+00 6.232185999999999976e-02 3.000214999999999854e+00
6.000000000000000000e+00 9.020585000000000409e-02 4.951200000000000045e+00
6.000000000000000000e+00 1.352297000000000082e-01 1.028045000000000009e+01
6.000000000000000000e+00 2.038964000000000054e-01 1.560711000000000048e+01
6.000000000000000000e+00 3.056348999999999871e-01 1.757625000000000171e+01
6.000000000000000000e+00 4.586450999999999723e-01 1.919241999999999848e+01
6.000000000000000000e+00 6.883943999999999619e-01 2.139918000000000120e+01
6.000000000000000000e+00 1.032767999999999908e+00 2.481153000000000119e+01
6.000000000000000000e+00 1.549323000000000006e+00 3.079902999999999835e+01
6.000000000000000000e+00 2.237315999999999860e+00 4.651671999999999940e+01
6.000000000000000000e+00 2.922752000000000017e+00 7.186459999999999582e+01
6.349999999999999645e+00 2.628257999999999983e-02 3.087326000000000237e-01
6.349999999999999645e+00 4.415427999999999714e-02 1.121299000000000046e+00
6.349999999999999645e+00 6.232185999999999976e-02 2.062072000000000127e+00
6.349999999999999645e+00 9.020585000000000409e-02 3.526631000000000071e+00
6.349999999999999645e+00 1.352297000000000082e-01 7.897065999999999697e+00
6.349999999999999645e+00 2.038964000000000054e-01 1.384674000000000049e+01
6.349999999999999645e+00 3.056348999999999871e-01 1.735361999999999938e+01
6.349999999999999645e+00 4.586450999999999723e-01 2.048893999999999949e+01
6.349999999999999645e+00 6.883943999999999619e-01 2.363010999999999839e+01
6.349999999999999645e+00 1.032767999999999908e+00 2.771833000000000169e+01
6.349999999999999645e+00 1.549323000000000006e+00 3.434116999999999820e+01
6.349999999999999645e+00 2.237315999999999860e+00 5.173584000000000316e+01
6.349999999999999645e+00 2.922752000000000017e+00 7.918889000000000067e+01
6.719999999999999751e+00 2.628257999999999983e-02 1.363349000000000089e-01
6.719999999999999751e+00 4.415427999999999714e-02 6.457155999999999452e-01
6.719999999999999751e+00 6.232185999999999976e-02 1.275763999999999898e+00
6.719999999999999751e+00 9.020585000000000409e-02 2.395284000000000191e+00
6.719999999999999751e+00 1.352297000000000082e-01 5.691983999999999710e+00
6.719999999999999751e+00 2.038964000000000054e-01 1.150042000000000009e+01
6.719999999999999751e+00 3.056348999999999871e-01 1.619353999999999871e+01
6.719999999999999751e+00 4.586450999999999723e-01 2.071687000000000012e+01
6.719999999999999751e+00 6.883943999999999619e-01 2.492080999999999946e+01
6.719999999999999751e+00 1.032767999999999908e+00 2.974324999999999974e+01
6.719999999999999751e+00 1.549323000000000006e+00 3.678710000000000235e+01
6.719999999999999751e+00 2.237315999999999860e+00 5.519959999999999667e+01
6.719999999999999751e+00 2.922752000000000017e+00 8.394025000000000603e+01
7.099999999999999645e+00 2.628257999999999983e-02 4.566668000000000116e-02
7.099999999999999645e+00 4.415427999999999714e-02 3.120491000000000237e-01
7.099999999999999645e+00 6.232185999999999976e-02 7.467928000000000344e-01
7.099999999999999645e+00 9.020585000000000409e-02 1.613828000000000040e+00
7.099999999999999645e+00 1.352297000000000082e-01 4.129007999999999790e+00
7.099999999999999645e+00 2.038964000000000054e-01 9.031271000000000271e+00
7.099999999999999645e+00 3.056348999999999871e-01 1.433024999999999949e+01
7.099999999999999645e+00 4.586450999999999723e-01 1.996257999999999910e+01
7.099999999999999645e+00 6.883943999999999619e-01 2.514797000000000082e+01
7.099999999999999645e+00 1.032767999999999908e+00 3.044624999999999915e+01
7.099999999999999645e+00 1.549323000000000006e+00 3.770423000000000258e+01
7.099999999999999645e+00 2.237315999999999860e+00 5.630892999999999660e+01
7.099999999999999645e+00 2.922752000000000017e+00 8.518971999999999412e+01
7.509999999999999787e+00 2.628257999999999983e-02 8.188845999999999625e-02
7.509999999999999787e+00 4.415427999999999714e-02 2.061901999999999902e-01
7.509999999999999787e+00 6.232185999999999976e-02 5.483791999999999556e-01
7.509999999999999787e+00 9.020585000000000409e-02 1.216050999999999993e+00
7.509999999999999787e+00 1.352297000000000082e-01 3.080111000000000043e+00
7.509999999999999787e+00 2.038964000000000054e-01 6.850876999999999661e+00
7.509999999999999787e+00 3.056348999999999871e-01 1.211336000000000013e+01
7.509999999999999787e+00 4.586450999999999723e-01 1.837399999999999878e+01
7.509999999999999787e+00 6.883943999999999619e-01 2.410304000000000002e+01
7.509999999999999787e+00 1.032767999999999908e+00 2.958793999999999969e+01
7.509999999999999787e+00 1.549323000000000006e+00 3.672552000000000305e+01
7.509999999999999787e+00 2.237315999999999860e+00 5.466460000000000008e+01
7.509999999999999787e+00 2.922752000000000017e+00 8.228997999999999990e+01
7.929999999999999716e+00 2.628257999999999983e-02 3.369218999999999964e-01
7.929999999999999716e+00 4.415427999999999714e-02 4.459273999999999738e-01
7.929999999999999716e+00 6.232185999999999976e-02 8.385070999999999497e-01
7.929999999999999716e+00 9.020585000000000409e-02 1.323075999999999919e+00
7.929999999999999716e+00 1.352297000000000082e-01 2.637080000000000091e+00
7.929999999999999716e+00 2.038964000000000054e-01 5.322217000000000198e+00
7.929999999999999716e+00 3.056348999999999871e-01 9.799220999999999293e+00
7.929999999999999716e+00 4.586450999999999723e-01 1.587687000000000026e+01
7.929999999999999716e+00 6.883943999999999619e-01 2.173586999999999847e+01
7.929999999999999716e+00 1.032767999999999908e+00 2.694656000000000162e+01
7.929999999999999716e+00 1.549323000000000006e+00 3.347681999999999647e+01
7.929999999999999716e+00 2.237315999999999860e+00 4.955901000000000067e+01
7.929999999999999716e+00 2.922752000000000017e+00 7.375043999999999755e+01
8.380000000000000782e+00 2.628257999999999983e-02 9.952183000000000002e-01
8.380000000000000782e+00 4.415427999999999714e-02 1.308583999999999969e+00
8.380000000000000782e+00 6.232185999999999976e-02 1.915426999999999991e+00
8.380000000000000782e+00 9.020585000000000409e-02 2.075781999999999794e+00
8.380000000000000782e+00 1.352297000000000082e-01 2.835500000000000131e+00
8.380000000000000782e+00 2.038964000000000054e-01 4.430410000000000181e+00
8.380000000000000782e+00 3.056348999999999871e-01 7.721315999999999846e+00
8.380000000000000782e+00 4.586450999999999723e-01 1.262337999999999916e+01
8.380000000000000782e+00 6.883943999999999619e-01 1.779015000000000057e+01
8.380000000000000782e+00 1.032767999999999908e+00 2.217977000000000132e+01
8.380000000000000782e+00 1.549323000000000006e+00 2.767877999999999972e+01
8.380000000000000782e+00 2.237315999999999860e+00 4.104381000000000057e+01
8.380000000000000782e+00 2.922752000000000017e+00 6.050466000000000122e+01
8.849999999999999645e+00 2.628257999999999983e-02 2.459001000000000214e+00
8.849999999999999645e+00 4.415427999999999714e-02 3.463893999999999807e+00
8.849999999999999645e+00 6.232185999999999976e-02 4.367995999999999768e+00
8.849999999999999645e+00 9.020585000000000409e-02 3.874978000000000034e+00
8.849999999999999645e+00 1.352297000000000082e-01 3.937234000000000123e+00
8.849999999999999645e+00 2.038964000000000054e-01 4.289508999999999794e+00
8.849999999999999645e+00 3.056348999999999871e-01 6.043689999999999785e+00
8.849999999999999645e+00 4.586450999999999723e-01 8.948249999999999815e+00
8.849999999999999645e+00 6.883943999999999619e-01 1.250088000000000044e+01
8.849999999999999645e+00 1.032767999999999908e+00 1.555030999999999963e+01
8.849999999999999645e+00 1.549323000000000006e+00 1.942717999999999989e+01
8.849999999999999645e+00 2.237315999999999860e+00 2.913014000000000081e+01
8.849999999999999645e+00 2.922752000000000017e+00 4.330181000000000324e+01
9.339999999999999858e+00 2.628257999999999983e-02 5.665598000000000134e+00
9.339999999999999858e+00 4.415427999999999714e-02 8.303888000000000602e+00
9.339999999999999858e+00 6.232185999999999976e-02 9.610163000000000011e+00
9.339999999999999858e+00 9.020585000000000409e-02 7.734690999999999761e+00
9.339999999999999858e+00 1.352297000000000082e-01 6.461769000000000318e+00
9.339999999999999858e+00 2.038964000000000054e-01 5.149917000000000300e+00
9.339999999999999858e+00 3.056348999999999871e-01 4.921382999999999619e+00
9.339999999999999858e+00 4.586450999999999723e-01 5.462117000000000111e+00
9.339999999999999858e+00 6.883943999999999619e-01 6.928671999999999720e+00
9.339999999999999858e+00 1.032767999999999908e+00 8.337901999999999703e+00
9.339999999999999858e+00 1.549323000000000006e+00 1.042558000000000007e+01
9.339999999999999858e+00 2.237315999999999860e+00 1.603725999999999985e+01
9.339999999999999858e+00 2.922752000000000017e+00 2.453119999999999834e+01
9.859999999999999432e+00 2.628257999999999983e-02 1.225108999999999959e+01
9.859999999999999432e+00 4.415427999999999714e-02 1.840913000000000110e+01
9.859999999999999432e+00 6.232185999999999976e-02 2.019238000000000000e+01
9.859999999999999432e+00 9.020585000000000409e-02 1.532229000000000063e+01
9.859999999999999432e+00 1.352297000000000082e-01 1.138860999999999990e+01
9.859999999999999432e+00 2.038964000000000054e-01 7.685647000000000340e+00
9.859999999999999432e+00 3.056348999999999871e-01 5.328604000000000340e+00
9.859999999999999432e+00 4.586450999999999723e-01 4.160074999999999967e+00
9.859999999999999432e+00 6.883943999999999619e-01 4.141994000000000398e+00
9.859999999999999432e+00 1.032767999999999908e+00 4.642083000000000403e+00
9.859999999999999432e+00 1.549323000000000006e+00 5.855838999999999572e+00
9.859999999999999432e+00 2.237315999999999860e+00 9.124883000000000521e+00
9.859999999999999432e+00 2.922752000000000017e+00 1.378913999999999973e+01
