1.040000000000000036e+01 2.628257999999999983e-02 6.581919000000000075e+00
1.040000000000000036e+01 4.415427999999999714e-02 8.906765999999999295e+00
1.040000000000000036e+01 6.232185999999999976e-02 8.436973000000000056e+00
1.040000000000000036e+01 9.020585000000000409e-02 5.743338999999999750e+00
1.040000000000000036e+01 1.352297000000000082e-01 3.156740000000000101e+00
1.040000000000000036e+01 2.038964000000000054e-01 1.962542000000000009e+00
1.040000000000000036e+01 3.056348999999999871e-01 1.779976000000000003e+00
1.040000000000000036e+01 4.586450999999999723e-01 1.703426000000000107e+00
1.040000000000000036e+01 6.883943999999999619e-01 1.734620999999999968e+00
1.040000000000000036e+01 1.032767999999999908e+00 1.895296000000000092e+00
1.040000000000000036e+01 1.549323000000000006e+00 2.359866999999999937e+00
1.040000000000000036e+01 2.237315999999999860e+00 3.679469999999999796e+00
1.040000000000000036e+01 2.922752000000000017e+00 5.617490000000000094e+00
1.097000000000000064e+01 2.628257999999999983e-02 1.981390000000000029e+01
1.097000000000000064e+01 4.415427999999999714e-02 2.981904000000000110e+01
1.097000000000000064e+01 6.232185999999999976e-02 3.089429000000000158e+01
1.097000000000000064e+01 9.020585000000000409e-02 2.266543000000000063e+01
1.097000000000000064e+01 1.352297000000000082e-01 1.458210000000000051e+01
1.097000000000000064e+01 2.038964000000000054e-01 8.674573000000000533e+00
1.097000000000000064e+01 3.056348999999999871e-01 6.422298999999999758e+00
1.097000000000000064e+01 4.586450999999999723e-01 6.805336999999999748e+00
1.097000000000000064e+01 6.883943999999999619e-01 8.512558999999999543e+00
1.097000000000000064e+01 1.032767999999999908e+00 1.081591000000000058e+01
1.097000000000000064e+01 1.549323000000000006e+00 1.505058000000000007e+01
1.097000000000000064e+01 2.237315999999999860e+00 2.233395000000000152e+01
1.097000000000000064e+01 2.922752000000000017e+00 2.864667000000000030e+01
1.157000000000000028e+01 2.628257999999999983e-02 4.385244999999999749e+01
1.157000000000000028e+01 4.415427999999999714e-02 6.955225000000000080e+01
1.157000000000000028e+01 6.232185999999999976e-02 7.459999000000000535e+01
1.157000000000000028e+01 9.020585000000000409e-02 5.669630000000000081e+01
1.157000000000000028e+01 1.352297000000000082e-01 3.949687999999999732e+01
1.157000000000000028e+01 2.038964000000000054e-01 2.721920000000000073e+01
1.157000000000000028e+01 3.056348999999999871e-01 2.481172000000000111e+01
1.157000000000000028e+01 4.586450999999999723e-01 3.183724000000000132e+01
1.157000000000000028e+01 6.883943999999999619e-01 4.309096999999999866e+01
1.157000000000000028e+01 1.032767999999999908e+00 5.652848000000000184e+01
1.157000000000000028e+01 1.549323000000000006e+00 7.992074999999999818e+01
1.157000000000000028e+01 2.237315999999999860e+00 1.183491000000000071e+02
1.157000000000000028e+01 2.922752000000000017e+00 1.495474000000000103e+02
1.219999999999999929e+01 2.628257999999999983e-02 7.117253999999999792e+01
1.219999999999999929e+01 4.415427999999999714e-02 1.176938999999999993e+02
1.219999999999999929e+01 6.232185999999999976e-02 1.290661000000000058e+02
1.219999999999999929e+01 9.020585000000000409e-02 1.009762999999999948e+02
1.219999999999999929e+01 1.352297000000000082e-01 7.426864999999999384e+01
1.219999999999999929e+01 2.038964000000000054e-01 5.564587000000000216e+01
1.219999999999999929e+01 3.056348999999999871e-01 5.929706000000000188e+01
1.219999999999999929e+01 4.586450999999999723e-01 8.670619999999999550e+01
1.219999999999999929e+01 6.883943999999999619e-01 1.232651999999999930e+02
1.219999999999999929e+01 1.032767999999999908e+00 1.668550999999999931e+02
1.219999999999999929e+01 1.549323000000000006e+00 2.427512000000000114e+02
1.219999999999999929e+01 2.237315999999999860e+00 3.566259999999999764e+02
1.219999999999999929e+01 2.922752000000000017e+00 4.400230000000000246e+02
1.285999999999999943e+01 2.628257999999999983e-02 7.744829000000000008e+01
1.285999999999999943e+01 4.415427999999999714e-02 1.358464999999999918e+02
1.285999999999999943e+01 6.232185999999999976e-02 1.520002000000000066e+02
1.285999999999999943e+01 9.020585000000000409e-02 1.236192000000000064e+02
1.285999999999999943e+01 1.352297000000000082e-01 9.787989000000000317e+01
1.285999999999999943e+01 2.038964000000000054e-01 8.366316000000000486e+01
1.285999999999999943e+01 3.056348999999999871e-01 1.044993000000000052e+02
1.285999999999999943e+01 4.586450999999999723e-01 1.677158000000000015e+02
1.285999999999999943e+01 6.883943999999999619e-01 2.475620999999999867e+02
1.285999999999999943e+01 1.032767999999999908e+00 3.452520999999999844e+02
1.285999999999999943e+01 1.549323000000000006e+00 5.180338000000000420e+02
1.285999999999999943e+01 2.237315999999999860e+00 7.552925000000000182e+02
1.285999999999999943e+01 2.922752000000000017e+00 9.056717999999999620e+02
1.355000000000000071e+01 2.628257999999999983e-02 4.429863000000000284e+01
1.355000000000000071e+01 4.415427999999999714e-02 8.721380999999999517e+01
1.355000000000000071e+01 6.232185999999999976e-02 1.010999000000000052e+02
1.355000000000000071e+01 9.020585000000000409e-02 8.979551999999999623e+01
1.355000000000000071e+01 1.352297000000000082e-01 8.518926999999999339e+01
1.355000000000000071e+01 2.038964000000000054e-01 9.508932000000000073e+01
1.355000000000000071e+01 3.056348999999999871e-01 1.445978000000000065e+02
1.355000000000000071e+01 4.586450999999999723e-01 2.452860000000000014e+02
1.355000000000000071e+01 6.883943999999999619e-01 3.720636999999999830e+02
1.355000000000000071e+01 1.032767999999999908e+00 5.334833999999999605e+02
1.355000000000000071e+01 1.549323000000000006e+00 8.242844000000000051e+02
1.355000000000000071e+01 2.237315999999999860e+00 1.198986000000000104e+03
1.355000000000000071e+01 2.922752000000000017e+00 1.393404999999999973e+03
1.427999999999999936e+01 2.628257999999999983e-02 4.007420999999999900e+00
1.427999999999999936e+01 4.415427999999999714e-02 1.453009999999999913e+01
1.427999999999999936e+01 6.232185999999999976e-02 2.185368000000000066e+01
1.427999999999999936e+01 9.020585000000000409e-02 3.033765999999999963e+01
1.427999999999999936e+01 1.352297000000000082e-01 4.938233000000000317e+01
1.427999999999999936e+01 2.038964000000000054e-01 8.768625000000000114e+01
1.427999999999999936e+01 3.056348999999999871e-01 1.587682000000000073e+02
1.427999999999999936e+01 4.586450999999999723e-01 2.678605000000000018e+02
1.427999999999999936e+01 6.883943999999999619e-01 4.097753000000000156e+02
1.427999999999999936e+01 1.032767999999999908e+00 5.994451000000000249e+02
1.427999999999999936e+01 1.549323000000000006e+00 9.468721000000000458e+02
1.427999999999999936e+01 2.237315999999999860e+00 1.359170000000000073e+03
1.427999999999999936e+01 2.922752000000000017e+00 1.553817999999999984e+03
1.505000000000000071e+01 2.628257999999999983e-02 9.977556999999999121e+00
1.505000000000000071e+01 4.415427999999999714e-02 1.031174000000000035e+01
1.505000000000000071e+01 6.232185999999999976e-02 2.154758999999999958e+01
1.505000000000000071e+01 9.020585000000000409e-02 2.942915999999999954e+01
1.505000000000000071e+01 1.352297000000000082e-01 5.220103999999999900e+01
1.505000000000000071e+01 2.038964000000000054e-01 9.067249999999999943e+01
1.505000000000000071e+01 3.056348999999999871e-01 1.529342000000000041e+02
1.505000000000000071e+01 4.586450999999999723e-01 2.362220000000000084e+02
1.505000000000000071e+01 6.883943999999999619e-01 3.529354999999999905e+02
1.505000000000000071e+01 1.032767999999999908e+00 5.248248999999999569e+02
1.505000000000000071e+01 1.549323000000000006e+00 8.426146999999999707e+02
1.505000000000000071e+01 2.237315999999999860e+00 1.182022999999999911e+03
1.505000000000000071e+01 2.922752000000000017e+00 1.322535000000000082e+03
1.584999999999999964e+01 2.628257999999999983e-02 3.790140000000000242e+01
1.584999999999999964e+01 4.415427999999999714e-02 4.856667000000000201e+01
1.584999999999999964e+01 6.232185999999999976e-02 7.197160999999999831e+01
1.584999999999999964e+01 9.020585000000000409e-02 7.092239999999999611e+01
1.584999999999999964e+01 1.352297000000000082e-01 8.736093999999999937e+01
1.584999999999999964e+01 2.038964000000000054e-01 1.068717000000000041e+02
1.584999999999999964e+01 3.056348999999999871e-01 1.354867999999999881e+02
1.584999999999999964e+01 4.586450999999999723e-01 1.730401999999999987e+02
1.584999999999999964e+01 6.883943999999999619e-01 2.389764000000000124e+02
1.584999999999999964e+01 1.032767999999999908e+00 3.536609000000000265e+02
1.584999999999999964e+01 1.549323000000000006e+00 5.771612000000000080e+02
1.584999999999999964e+01 2.237315999999999860e+00 8.018144999999999527e+02
1.584999999999999964e+01 2.922752000000000017e+00 8.747768999999999551e+02
1.669000000000000128e+01 2.628257999999999983e-02 4.688895999999999731e+01
1.669000000000000128e+01 4.415427999999999714e-02 6.563321000000000538e+01
1.669000000000000128e+01 6.232185999999999976e-02 9.355482000000000653e+01
1.669000000000000128e+01 9.020585000000000409e-02 8.967565999999999349e+01
1.669000000000000128e+01 1.352297000000000082e-01 1.024150000000000063e+02
1.669000000000000128e+01 2.038964000000000054e-01 1.087631999999999977e+02
1.669000000000000128e+01 3.056348999999999871e-01 1.103278999999999996e+02
1.669000000000000128e+01 4.586450999999999723e-01 1.136162999999999954e+02
1.669000000000000128e+01 6.883943999999999619e-01 1.332828000000000088e+02
1.669000000000000128e+01 1.032767999999999908e+00 1.875406999999999869e+02
1.669000000000000128e+01 1.549323000000000006e+00 3.044057000000000244e+02
1.669000000000000128e+01 2.237315999999999860e+00 4.204959000000000060e+02
1.669000000000000128e+01 2.922752000000000017e+00 4.496422999999999774e+02
1.757000000000000028e+01 2.628257999999999983e-02 3.167539999999999978e+01
1.757000000000000028e+01 4.415427999999999714e-02 4.702588999999999686e+01
1.757000000000000028e+01 6.232185999999999976e-02 6.785278999999999883e+01
1.757000000000000028e+01 9.020585000000000409e-02 6.751424000000000092e+01
1.757000000000000028e+01 1.352297000000000082e-01 7.912918999999999414e+01
1.757000000000000028e+01 2.038964000000000054e-01 8.350252000000000407e+01
1.757000000000000028e+01 3.056348999999999871e-01 7.716513000000000488e+01
1.757000000000000028e+01 4.586450999999999723e-01 7.001525999999999783e+01
1.757000000000000028e+01 6.883943999999999619e-01 6.716867999999999483e+01
1.757000000000000028e+01 1.032767999999999908e+00 8.155526000000000408e+01
1.757000000000000028e+01 1.549323000000000006e+00 1.257083999999999975e+02
1.757000000000000028e+01 2.237315999999999860e+00 1.721912000000000091e+02
1.757000000000000028e+01 2.922752000000000017e+00 1.867437999999999931e+02
1.850000000000000000e+01 2.628257999999999983e-02 1.447537999999999947e+01
1.850000000000000000e+01 4.415427999999999714e-02 2.282591000000000037e+01
1.850000000000000000e+01 6.232185999999999976e-02 3.384573999999999927e+01
1.850000000000000000e+01 9.020585000000000409e-02 3.554686999999999841e+01
1.850000000000000000e+01 1.352297000000000082e-01 4.428974999999999795e+01
1.850000000000000000e+01 2.038964000000000054e-01 4.986200999999999794e+01
1.850000000000000000e+01 3.056348999999999871e-01 4.781157999999999930e+01
1.850000000000000000e+01 4.586450999999999723e-01 4.430877999999999872e+01
1.850000000000000000e+01 6.883943999999999619e-01 3.905590000000000117e+01
1.850000000000000000e+01 1.032767999999999908e+00 3.838772000000000162e+01
1.850000000000000000e+01 1.549323000000000006e+00 4.978817999999999699e+01
1.850000000000000000e+01 2.237315999999999860e+00 6.216270999999999702e+01
1.850000000000000000e+01 2.922752000000000017e+00 6.338065000000000282e+01
1.948000000000000043e+01 2.628257999999999983e-02 4.649944999999999773e+00
1.948000000000000043e+01 4.415427999999999714e-02 7.754914000000000307e+00
1.948000000000000043e+01 6.232185999999999976e-02 1.198387999999999920e+01
1.948000000000000043e+01 9.020585000000000409e-02 1.337209999999999965e+01
1.948000000000000043e+01 1.352297000000000082e-01 1.794803999999999888e+01
1.948000000000000043e+01 2.038964000000000054e-01 2.205545000000000044e+01
1.948000000000000043e+01 3.056348999999999871e-01 2.303350999999999971e+01
1.948000000000000043e+01 4.586450999999999723e-01 2.309799999999999898e+01
1.948000000000000043e+01 6.883943999999999619e-01 2.055836000000000041e+01
1.948000000000000043e+01 1.032767999999999908e+00 1.758746999999999971e+01
1.948000000000000043e+01 1.549323000000000006e+00 1.926432000000000144e+01
1.948000000000000043e+01 2.237315999999999860e+00 2.322297000000000011e+01
1.948000000000000043e+01 2.922752000000000017e+00 2.545094999999999885e+01
2.050000000000000000e+01 2.628257999999999983e-02 1.138333000000000039e+00
2.050000000000000000e+01 4.415427999999999714e-02 2.012108000000000008e+00
2.050000000000000000e+01 6.232185999999999976e-02 3.266020000000000145e+00
2.050000000000000000e+01 9.020585000000000409e-02 3.897758000000000056e+00
2.050000000000000000e+01 1.352297000000000082e-01 5.718637000000000192e+00
2.050000000000000000e+01 2.038964000000000054e-01 7.824412999999999840e+00
2.050000000000000000e+01 3.056348999999999871e-01 9.264777999999999736e+00
2.050000000000000000e+01 4.586450999999999723e-01 1.056476999999999933e+01
2.050000000000000000e+01 6.883943999999999619e-01 1.036076000000000086e+01
2.050000000000000000e+01 1.032767999999999908e+00 8.780680000000000263e+00
2.050000000000000000e+01 1.549323000000000006e+00 8.470095000000000596e+00
2.050000000000000000e+01 2.237315999999999860e+00 1.003767999999999994e+01
2.050000000000000000e+01 2.922752000000000017e+00 1.188137000000000043e+01
2.157999999999999829e+01 2.628257999999999983e-02 2.285229000000000010e-01
2.157999999999999829e+01 4.415427999999999714e-02 4.305339000000000249e-01
2.157999999999999829e+01 6.232185999999999976e-02 7.405707000000000262e-01
2.157999999999999829e+01 9.020585000000000409e-02 9.473525999999999891e-01
2.157999999999999829e+01 1.352297000000000082e-01 1.534116999999999953e+00
2.157999999999999829e+01 2.038964000000000054e-01 2.354518000000000111e+00
2.157999999999999829e+01 3.056348999999999871e-01 3.224349000000000132e+00
2.157999999999999829e+01 4.586450999999999723e-01 4.290230000000000210e+00
2.157999999999999829e+01 6.883943999999999619e-01 4.874736999999999654e+00
2.157999999999999829e+01 1.032767999999999908e+00 4.477758999999999823e+00
2.157999999999999829e+01 1.549323000000000006e+00 4.076071999999999917e+00
2.157999999999999829e+01 2.237315999999999860e+00 4.823089999999999655e+00
2.157999999999999829e+01 2.922752000000000017e+00 5.978428000000000075e+00
2.271000000000000085e+01 2.628257999999999983e-02 4.163502000000000175e-02
2.271000000000000085e+01 4.415427999999999714e-02 8.468889000000000278e-02
2.271000000000000085e+01 6.232185999999999976e-02 1.547424000000000022e-01
2.271000000000000085e+01 9.020585000000000409e-02 2.112153999999999976e-01
2.271000000000000085e+01 1.352297000000000082e-01 3.743670000000000053e-01
2.271000000000000085e+01 2.038964000000000054e-01 6.373128000000000126e-01
2.271000000000000085e+01 3.056348999999999871e-01 1.003144999999999953e+00
2.271000000000000085e+01 4.586450999999999723e-01 1.559897000000000089e+00
2.271000000000000085e+01 6.883943999999999619e-01 2.098434000000000133e+00
2.271000000000000085e+01 1.032767999999999908e+00 2.227297999999999778e+00
2.271000000000000085e+01 1.549323000000000006e+00 2.046510000000000051e+00
2.271000000000000085e+01 2.237315999999999860e+00 2.484306000000000125e+00
2.271000000000000085e+01 2.922752000000000017e+00 3.082920000000000105e+00
2.389000000000000057e+01 2.628257999999999983e-02 9.008659000000000458e-03
2.389000000000000057e+01 4.415427999999999714e-02 2.022387999999999963e-02
2.389000000000000057e+01 6.232185999999999976e-02 3.896010999999999919e-02
2.389000000000000057e+01 9.020585000000000409e-02 5.550780999999999771e-02
2.389000000000000057e+01 1.352297000000000082e-01 1.023868000000000000e-01
2.389000000000000057e+01 2.038964000000000054e-01 1.829403000000000001e-01
2.389000000000000057e+01 3.056348999999999871e-01 3.121612000000000275e-01
2.389000000000000057e+01 4.586450999999999723e-01 5.439308999999999950e-01
2.389000000000000057e+01 6.883943999999999619e-01 8.558276000000000217e-01
2.389000000000000057e+01 1.032767999999999908e+00 1.080684999999999896e+00
2.389000000000000057e+01 1.549323000000000006e+00 1.071720999999999924e+00
2.389000000000000057e+01 2.237315999999999860e+00 1.303040999999999894e+00
2.389000000000000057e+01 2.922752000000000017e+00 1.561372999999999900e+00
2.514000000000000057e+01 2.628257999999999983e-02 3.713315000000000018e-03
2.514000000000000057e+01 4.415427999999999714e-02 9.127375000000000071e-03
2.514000000000000057e+01 6.232185999999999976e-02 1.855522000000000074e-02
2.514000000000000057e+01 9.020585000000000409e-02 2.715580999999999898e-02
2.514000000000000057e+01 1.352297000000000082e-01 4.920581999999999734e-02
2.514000000000000057e+01 2.038964000000000054e-01 8.465435000000000321e-02
2.514000000000000057e+01 3.056348999999999871e-01 1.397703999999999891e-01
2.514000000000000057e+01 4.586450999999999723e-01 2.377886999999999917e-01
2.514000000000000057e+01 6.883943999999999619e-01 3.924566999999999917e-01
2.514000000000000057e+01 1.032767999999999908e+00 5.539905000000000523e-01
2.514000000000000057e+01 1.549323000000000006e+00 6.132638999999999729e-01
2.514000000000000057e+01 2.237315999999999860e+00 7.366217000000000459e-01
2.514000000000000057e+01 2.922752000000000017e+00 8.973484000000000460e-01
2.644000000000000128e+01 2.628257999999999983e-02 3.355578000000000120e-03
2.644000000000000128e+01 4.415427999999999714e-02 8.481739000000000292e-03
2.644000000000000128e+01 6.232185999999999976e-02 1.821170000000000080e-02
2.644000000000000128e+01 9.020585000000000409e-02 2.698953999999999936e-02
2.644000000000000128e+01 1.352297000000000082e-01 4.838627000000000206e-02
2.644000000000000128e+01 2.038964000000000054e-01 7.942464000000000468e-02
2.644000000000000128e+01 3.056348999999999871e-01 1.224727000000000038e-01
2.644000000000000128e+01 4.586450999999999723e-01 1.845919000000000032e-01
2.644000000000000128e+01 6.883943999999999619e-01 2.757032999999999845e-01
2.644000000000000128e+01 1.032767999999999908e+00 3.767068000000000083e-01
2.644000000000000128e+01 1.549323000000000006e+00 4.379123999999999794e-01
2.644000000000000128e+01 2.237315999999999860e+00 5.164056999999999675e-01
2.644000000000000128e+01 2.922752000000000017e+00 6.333533999999999553e-01
2.782000000000000028e+01 2.628257999999999983e-02 4.464985000000000308e-03
2.782000000000000028e+01 4.415427999999999714e-02 1.128723000000000053e-02
2.782000000000000028e+01 6.232185999999999976e-02 2.503568999999999933e-02
2.782000000000000028e+01 9.020585000000000409e-02 3.707897000000000276e-02
2.782000000000000028e+01 1.352297000000000082e-01 6.682472999999999885e-02
2.782000000000000028e+01 2.038964000000000054e-01 1.080378000000000033e-01
2.782000000000000028e+01 3.056348999999999871e-01 1.628931000000000129e-01
2.782000000000000028e+01 4.586450999999999723e-01 2.317936999999999914e-01
2.782000000000000028e+01 6.883943999999999619e-01 3.209775999999999740e-01
2.782000000000000028e+01 1.032767999999999908e+00 4.054693999999999798e-01
2.782000000000000028e+01 1.549323000000000006e+00 4.636539000000000077e-01
2.782000000000000028e+01 2.237315999999999860e+00 5.288053000000000337e-01
2.782000000000000028e+01 2.922752000000000017e+00 5.983017000000000474e-01
2.926000000000000156e+01 2.628257999999999983e-02 6.446555999999999988e-03
2.926000000000000156e+01 4.415427999999999714e-02 1.625721000000000110e-02
2.926000000000000156e+01 6.232185999999999976e-02 3.657652000000000125e-02
2.926000000000000156e+01 9.020585000000000409e-02 5.401108999999999771e-02
2.926000000000000156e+01 1.352297000000000082e-01 9.767169000000000545e-02
2.926000000000000156e+01 2.038964000000000054e-01 1.571934000000000109e-01
2.926000000000000156e+01 3.056348999999999871e-01 2.365221000000000129e-01
2.926000000000000156e+01 4.586450999999999723e-01 3.335483000000000198e-01
2.926000000000000156e+01 6.883943999999999619e-01 4.539943000000000173e-01
2.926000000000000156e+01 1.032767999999999908e+00 5.588026000000000382e-01
2.926000000000000156e+01 1.549323000000000006e+00 6.357701999999999520e-01
2.926000000000000156e+01 2.237315999999999860e+00 7.321159999999999890e-01
2.926000000000000156e+01 2.922752000000000017e+00 8.235580999999999596e-01
3.076999999999999957e+01 2.628257999999999983e-02 9.302278000000000630e-03
3.076999999999999957e+01 4.415427999999999714e-02 2.335301000000000043e-02
3.076999999999999957e+01 6.232185999999999976e-02 5.294862000000000180e-02
3.076999999999999957e+01 9.020585000000000409e-02 7.792728999999999628e-02
3.076999999999999957e+01 1.352297000000000082e-01 1.411459999999999937e-01
3.076999999999999957e+01 2.038964000000000054e-01 2.273286999999999947e-01
3.076999999999999957e+01 3.056348999999999871e-01 3.424543999999999921e-01
3.076999999999999957e+01 4.586450999999999723e-01 4.850661000000000000e-01
3.076999999999999957e+01 6.883943999999999619e-01 6.626208000000000098e-01
3.076999999999999957e+01 1.032767999999999908e+00 8.141325000000000367e-01
3.076999999999999957e+01 1.549323000000000006e+00 9.359479000000000548e-01
3.076999999999999957e+01 2.237315999999999860e+00 1.106395000000000017e+00
3.076999999999999957e+01 2.922752000000000017e+00 1.276531000000000082e+00
3.235999999999999943e+01 2.628257999999999983e-02 1.294607000000000049e-02
3.235999999999999943e+01 4.415427999999999714e-02 3.266729000000000160e-02
3.235999999999999943e+01 6.232185999999999976e-02 7.492706000000000366e-02
3.235999999999999943e+01 9.020585000000000409e-02 1.096011000000000069e-01
3.235999999999999943e+01 1.352297000000000082e-01 1.991597999999999979e-01
3.235999999999999943e+01 2.038964000000000054e-01 3.204137000000000235e-01
3.235999999999999943e+01 3.056348999999999871e-01 4.841441000000000217e-01
3.235999999999999943e+01 4.586450999999999723e-01 6.909942000000000029e-01
3.235999999999999943e+01 6.883943999999999619e-01 9.483072999999999642e-01
3.235999999999999943e+01 1.032767999999999908e+00 1.164639999999999898e+00
3.235999999999999943e+01 1.549323000000000006e+00 1.350182999999999911e+00
3.235999999999999943e+01 2.237315999999999860e+00 1.620179999999999954e+00
3.235999999999999943e+01 2.922752000000000017e+00 1.937415000000000109e+00
3.403000000000000114e+01 2.628257999999999983e-02 1.761197000000000110e-02
3.403000000000000114e+01 4.415427999999999714e-02 4.454575999999999675e-02
3.403000000000000114e+01 6.232185999999999976e-02 1.032693999999999973e-01
3.403000000000000114e+01 9.020585000000000409e-02 1.503276000000000057e-01
3.403000000000000114e+01 1.352297000000000082e-01 2.733356000000000119e-01
3.403000000000000114e+01 2.038964000000000054e-01 4.407555000000000223e-01
3.403000000000000114e+01 3.056348999999999871e-01 6.700251000000000401e-01
3.403000000000000114e+01 4.586450999999999723e-01 9.653370999999999480e-01
3.403000000000000114e+01 6.883943999999999619e-01 1.331220999999999988e+00
3.403000000000000114e+01 1.032767999999999908e+00 1.641591000000000022e+00
3.403000000000000114e+01 1.549323000000000006e+00 1.934426999999999897e+00
3.403000000000000114e+01 2.237315999999999860e+00 2.375633000000000106e+00
3.403000000000000114e+01 2.922752000000000017e+00 2.913218000000000085e+00
6.000000000000000000e+00 2.628257999999999983e-02 1.553024000000000071e-03
6.000000000000000000e+00 4.415427999999999714e-02 6.865740999999999858e-03
6.000000000000000000e+00 6.232185999999999976e-02 1.427406999999999981e-02
6.000000000000000000e+00 9.020585000000000409e-02 3.277647000000000199e-02
6.000000000000000000e+00 1.352297000000000082e-01 8.067238999999999660e-02
6.000000000000000000e+00 2.038964000000000054e-01 1.031659000000000048e-01
6.000000000000000000e+00 3.056348999999999871e-01 9.868509000000000309e-02
6.000000000000000000e+00 4.586450999999999723e-01 6.977585000000000037e-02
6.000000000000000000e+00 6.883943999999999619e-01 5.687350000000000044e-02
6.000000000000000000e+00 1.032767999999999908e+00 5.377222999999999725e-02
6.000000000000000000e+00 1.549323000000000006e+00 6.291265000000000052e-02
6.000000000000000000e+00 2.237315999999999860e+00 9.237418999999999492e-02
6.000000000000000000e+00 2.922752000000000017e+00 1.450419000000000014e-01
6.349999999999999645e+00 2.628257999999999983e-02 1.710708000000000020e-02
6.349999999999999645e+00 4.415427999999999714e-02 7.770009999999999417e-02
6.349999999999999645e+00 6.232185999999999976e-02 1.716917000000000026e-01
6.349999999999999645e+00 9.020585000000000409e-02 2.936120999999999870e-01
6.349999999999999645e+00 1.352297000000000082e-01 7.070999999999999508e-01
6.349999999999999645e+00 2.038964000000000054e-01 7.255749000000000226e-01
6.349999999999999645e+00 3.056348999999999871e-01 5.098392000000000479e-01
6.349999999999999645e+00 4.586450999999999723e-01 3.941232000000000069e-01
6.349999999999999645e+00 6.883943999999999619e-01 3.559954000000000174e-01
6.349999999999999645e+00 1.032767999999999908e+00 3.315872999999999737e-01
6.349999999999999645e+00 1.549323000000000006e+00 3.807357000000000102e-01
6.349999999999999645e+00 2.237315999999999860e+00 5.683065000000000477e-01
6.349999999999999645e+00 2.922752000000000017e+00 9.051582000000000239e-01
6.719999999999999751e+00 2.628257999999999983e-02 1.233733999999999942e-01
6.719999999999999751e+00 4.415427999999999714e-02 4.365732999999999975e-01
6.719999999999999751e+00 6.232185999999999976e-02 8.356265000000000498e-01
6.719999999999999751e+00 9.020585000000000409e-02 1.356667000000000067e+00
6.719999999999999751e+00 1.352297000000000082e-01 2.614710999999999785e+00
6.719999999999999751e+00 2.038964000000000054e-01 2.432123999999999953e+00
6.719999999999999751e+00 3.056348999999999871e-01 1.794065000000000021e+00
6.719999999999999751e+00 4.586450999999999723e-01 1.418792000000000053e+00
6.719999999999999751e+00 6.883943999999999619e-01 1.228807999999999900e+00
6.719999999999999751e+00 1.032767999999999908e+00 1.184547000000000017e+00
6.719999999999999751e+00 1.549323000000000006e+00 1.336376999999999926e+00
6.719999999999999751e+00 2.237315999999999860e+00 2.016218999999999983e+00
6.719999999999999751e+00 2.922752000000000017e+00 3.180954999999999977e+00
7.099999999999999645e+00 2.628257999999999983e-02 4.669977000000000156e-01
7.099999999999999645e+00 4.415427999999999714e-02 1.311631999999999909e+00
7.099999999999999645e+00 6.232185999999999976e-02 2.375745999999999913e+00
7.099999999999999645e+00 9.020585000000000409e-02 4.257380000000000386e+00
7.099999999999999645e+00 1.352297000000000082e-01 7.370142999999999667e+00
7.099999999999999645e+00 2.038964000000000054e-01 5.689739000000000324e+00
7.099999999999999645e+00 3.056348999999999871e-01 4.436144999999999783e+00
7.099999999999999645e+00 4.586450999999999723e-01 3.552474999999999827e+00
7.099999999999999645e+00 6.883943999999999619e-01 3.162812999999999874e+00
7.099999999999999645e+00 1.032767999999999908e+00 3.070644999999999847e+00
7.099999999999999645e+00 1.549323000000000006e+00 3.460522999999999794e+00
7.099999999999999645e+00 2.237315999999999860e+00 5.239586000000000077e+00
7.099999999999999645e+00 2.922752000000000017e+00 8.254355000000000331e+00
7.509999999999999787e+00 2.628257999999999983e-02 1.065792999999999990e+00
7.509999999999999787e+00 4.415427999999999714e-02 2.760337999999999958e+00
7.509999999999999787e+00 6.232185999999999976e-02 5.106498000000000204e+00
7.509999999999999787e+00 9.020585000000000409e-02 9.226903000000000077e+00
7.509999999999999787e+00 1.352297000000000082e-01 1.526126999999999967e+01
7.509999999999999787e+00 2.038964000000000054e-01 1.037851999999999997e+01
7.509999999999999787e+00 3.056348999999999871e-01 8.613388000000000488e+00
7.509999999999999787e+00 4.586450999999999723e-01 7.027980999999999590e+00
7.509999999999999787e+00 6.883943999999999619e-01 6.364734000000000336e+00
7.509999999999999787e+00 1.032767999999999908e+00 6.254685000000000272e+00
7.509999999999999787e+00 1.549323000000000006e+00 7.095131000000000299e+00
7.509999999999999787e+00 2.237315999999999860e+00 1.081601000000000035e+01
7.509999999999999787e+00 2.922752000000000017e+00 1.702603999999999829e+01
7.929999999999999716e+00 2.628257999999999983e-02 1.582383000000000095e+00
7.929999999999999716e+00 4.415427999999999714e-02 4.154783000000000115e+00
7.929999999999999716e+00 6.232185999999999976e-02 8.021388999999999214e+00
7.929999999999999716e+00 9.020585000000000409e-02 1.404759999999999920e+01
7.929999999999999716e+00 1.352297000000000082e-01 2.388610999999999862e+01
7.929999999999999716e+00 2.038964000000000054e-01 1.660799000000000092e+01
7.929999999999999716e+00 3.056348999999999871e-01 1.375455999999999968e+01
7.929999999999999716e+00 4.586450999999999723e-01 1.171518000000000015e+01
7.929999999999999716e+00 6.883943999999999619e-01 1.068946000000000041e+01
7.929999999999999716e+00 1.032767999999999908e+00 1.065428999999999959e+01
7.929999999999999716e+00 1.549323000000000006e+00 1.228977000000000075e+01
7.929999999999999716e+00 2.237315999999999860e+00 1.873246999999999929e+01
7.929999999999999716e+00 2.922752000000000017e+00 2.952787000000000006e+01
8.380000000000000782e+00 2.628257999999999983e-02 1.493462000000000067e+00
8.380000000000000782e+00 4.415427999999999714e-02 4.408361000000000196e+00
8.380000000000000782e+00 6.232185999999999976e-02 8.861627000000000365e+00
8.380000000000000782e+00 9.020585000000000409e-02 1.516086999999999918e+01
8.380000000000000782e+00 1.352297000000000082e-01 2.714630000000000010e+01
8.380000000000000782e+00 2.038964000000000054e-01 2.199662000000000006e+01
8.380000000000000782e+00 3.056348999999999871e-01 1.771841999999999828e+01
8.380000000000000782e+00 4.586450999999999723e-01 1.533803999999999945e+01
8.380000000000000782e+00 6.883943999999999619e-01 1.457883999999999958e+01
8.380000000000000782e+00 1.032767999999999908e+00 1.487307000000000023e+01
8.380000000000000782e+00 1.549323000000000006e+00 1.726411999999999836e+01
8.380000000000000782e+00 2.237315999999999860e+00 2.647148999999999930e+01
8.380000000000000782e+00 2.922752000000000017e+00 4.155901000000000067e+01
8.849999999999999645e+00 2.628257999999999983e-02 6.773322000000000509e-01
8.849999999999999645e+00 4.415427999999999714e-02 2.675949000000000133e+00
8.849999999999999645e+00 6.232185999999999976e-02 6.290699000000000041e+00
8.849999999999999645e+00 9.020585000000000409e-02 1.092252000000000045e+01
8.849999999999999645e+00 1.352297000000000082e-01 2.126272000000000162e+01
8.849999999999999645e+00 2.038964000000000054e-01 2.098600000000000065e+01
8.849999999999999645e+00 3.056348999999999871e-01 1.770128000000000057e+01
8.849999999999999645e+00 4.586450999999999723e-01 1.600534999999999997e+01
8.849999999999999645e+00 6.883943999999999619e-01 1.558074000000000048e+01
8.849999999999999645e+00 1.032767999999999908e+00 1.618693000000000026e+01
8.849999999999999645e+00 1.549323000000000006e+00 1.897344999999999970e+01
8.849999999999999645e+00 2.237315999999999860e+00 2.924327999999999861e+01
8.849999999999999645e+00 2.922752000000000017e+00 4.572603999999999758e+01
9.339999999999999858e+00 2.628257999999999983e-02 5.961493999999999821e-02
9.339999999999999858e+00 4.415427999999999714e-02 6.329890999999999712e-01
9.339999999999999858e+00 6.232185999999999976e-02 1.958674000000000026e+00
9.339999999999999858e+00 9.020585000000000409e-02 4.381186999999999721e+00
9.339999999999999858e+00 1.352297000000000082e-01 1.094936000000000043e+01
9.339999999999999858e+00 2.038964000000000054e-01 1.399338999999999977e+01
9.339999999999999858e+00 3.056348999999999871e-01 1.296194000000000024e+01
9.339999999999999858e+00 4.586450999999999723e-01 1.258545999999999943e+01
9.339999999999999858e+00 6.883943999999999619e-01 1.259493999999999936e+01
9.339999999999999858e+00 1.032767999999999908e+00 1.334937000000000040e+01
9.339999999999999858e+00 1.549323000000000006e+00 1.584618000000000038e+01
9.339999999999999858e+00 2.237315999999999860e+00 2.449299999999999855e+01
9.339999999999999858e+00 2.922752000000000017e+00 3.827703999999999951e+01
9.859999999999999432e+00 2.628257999999999983e-02 1.193983999999999934e+00
9.859999999999999432e+00 4.415427999999999714e-02 1.230331999999999981e+00
9.859999999999999432e+00 6.232185999999999976e-02 9.035999999999999588e-01
9.859999999999999432e+00 9.020585000000000409e-02 1.116019000000000094e+00
9.859999999999999432e+00 1.352297000000000082e-01 2.807812999999999892e+00
9.859999999999999432e+00 2.038964000000000054e-01 5.410141000000000311e+00
9.859999999999999432e+00 3.056348999999999871e-01 5.994358000000000075e+00
9.859999999999999432e+00 4.586450999999999723e-01 6.284731999999999985e+00
9.859999999999999432e+00 6.883943999999999619e-01 6.492062999999999917e+00
9.859999999999999432e+00 1.032767999999999908e+00 6.931100999999999956e+00
9.859999999999999432e+00 1.549323000000000006e+00 8.282177000000000788e+00
9.859999999999999432e+00 2.237315999999999860e+00 1.286275000000000013e+01
9.859999999999999432e+00 2.922752000000000017e+00 2.011290999999999940e+01
