1.757000000000000028e+01 2.628257999999999983e-02 2.888382000000000005e+00
1.757000000000000028e+01 4.415427999999999714e-02 4.303772999999999627e+00
1.757000000000000028e+01 6.232185999999999976e-02 6.328537999999999997e+00
1.757000000000000028e+01 9.020585000000000409e-02 6.470152999999999821e+00
1.757000000000000028e+01 1.352297000000000082e-01 7.878746999999999723e+00
1.757000000000000028e+01 2.038964000000000054e-01 8.707570999999999728e+00
1.757000000000000028e+01 3.056348999999999871e-01 8.467591000000000534e+00
1.757000000000000028e+01 4.586450999999999723e-01 8.076586000000000709e+00
1.757000000000000028e+01 6.883943999999999619e-01 7.803748999999999825e+00
1.757000000000000028e+01 1.032767999999999908e+00 8.837782999999999944e+00
1.757000000000000028e+01 1.549323000000000006e+00 1.282324000000000019e+01
1.757000000000000028e+01 2.237315999999999860e+00 1.798066000000000031e+01
1.757000000000000028e+01 2.922752000000000017e+00 2.123270000000000124e+01
