1.040000000000000036e+01 2.628257999999999983e-02 1.141747999999999985e+00
1.040000000000000036e+01 4.415427999999999714e-02 3.499601999999999880e+00
1.040000000000000036e+01 6.232185999999999976e-02 7.088030999999999970e+00
1.040000000000000036e+01 9.020585000000000409e-02 1.159539000000000009e+01
1.040000000000000036e+01 1.352297000000000082e-01 2.079329999999999856e+01
1.040000000000000036e+01 2.038964000000000054e-01 2.167313000000000045e+01
1.040000000000000036e+01 3.056348999999999871e-01 1.997832999999999970e+01
1.040000000000000036e+01 4.586450999999999723e-01 1.764215000000000089e+01
1.040000000000000036e+01 6.883943999999999619e-01 1.599752999999999936e+01
1.040000000000000036e+01 1.032767999999999908e+00 1.501924999999999955e+01
1.040000000000000036e+01 1.549323000000000006e+00 1.701097999999999999e+01
1.040000000000000036e+01 2.237315999999999860e+00 2.705196000000000112e+01
1.040000000000000036e+01 2.922752000000000017e+00 4.413096999999999781e+01
1.097000000000000064e+01 2.628257999999999983e-02 7.536888000000000476e-01
1.097000000000000064e+01 4.415427999999999714e-02 2.711813999999999947e+00
1.097000000000000064e+01 6.232185999999999976e-02 5.592760000000000176e+00
1.097000000000000064e+01 9.020585000000000409e-02 9.124330000000000496e+00
1.097000000000000064e+01 1.352297000000000082e-01 1.795451999999999870e+01
1.097000000000000064e+01 2.038964000000000054e-01 2.242325999999999908e+01
1.097000000000000064e+01 3.056348999999999871e-01 2.254838000000000164e+01
1.097000000000000064e+01 4.586450999999999723e-01 2.104342000000000112e+01
1.097000000000000064e+01 6.883943999999999619e-01 1.956192000000000064e+01
1.097000000000000064e+01 1.032767999999999908e+00 1.907404999999999973e+01
1.097000000000000064e+01 1.549323000000000006e+00 2.191526999999999958e+01
1.097000000000000064e+01 2.237315999999999860e+00 3.451715999999999696e+01
1.097000000000000064e+01 2.922752000000000017e+00 5.515238000000000085e+01
1.157000000000000028e+01 2.628257999999999983e-02 2.593446999999999836e-01
1.157000000000000028e+01 4.415427999999999714e-02 1.179373000000000005e+00
1.157000000000000028e+01 6.232185999999999976e-02 2.624118999999999868e+00
1.157000000000000028e+01 9.020585000000000409e-02 4.671668000000000376e+00
1.157000000000000028e+01 1.352297000000000082e-01 1.070757000000000048e+01
1.157000000000000028e+01 2.038964000000000054e-01 1.709768000000000043e+01
1.157000000000000028e+01 3.056348999999999871e-01 1.990220000000000056e+01
1.157000000000000028e+01 4.586450999999999723e-01 2.026557999999999993e+01
1.157000000000000028e+01 6.883943999999999619e-01 1.984686999999999912e+01
1.157000000000000028e+01 1.032767999999999908e+00 2.006888000000000005e+01
1.157000000000000028e+01 1.549323000000000006e+00 2.370917000000000030e+01
1.157000000000000028e+01 2.237315999999999860e+00 3.716389000000000209e+01
1.157000000000000028e+01 2.922752000000000017e+00 5.859458999999999662e+01
1.219999999999999929e+01 2.628257999999999983e-02 4.186444999999999750e-02
1.219999999999999929e+01 4.415427999999999714e-02 1.769938000000000067e-01
1.219999999999999929e+01 6.232185999999999976e-02 5.279023000000000465e-01
1.219999999999999929e+01 9.020585000000000409e-02 1.438647999999999927e+00
1.219999999999999929e+01 1.352297000000000082e-01 4.246974999999999945e+00
1.219999999999999929e+01 2.038964000000000054e-01 9.147748999999999242e+00
1.219999999999999929e+01 3.056348999999999871e-01 1.299047999999999981e+01
1.219999999999999929e+01 4.586450999999999723e-01 1.533521000000000001e+01
1.219999999999999929e+01 6.883943999999999619e-01 1.629016999999999982e+01
1.219999999999999929e+01 1.032767999999999908e+00 1.728634999999999877e+01
1.219999999999999929e+01 1.549323000000000006e+00 2.115520000000000067e+01
1.219999999999999929e+01 2.237315999999999860e+00 3.341622999999999877e+01
1.219999999999999929e+01 2.922752000000000017e+00 5.272055999999999898e+01
1.285999999999999943e+01 2.628257999999999983e-02 8.242796999999999485e-01
1.285999999999999943e+01 4.415427999999999714e-02 1.109961999999999893e+00
1.285999999999999943e+01 6.232185999999999976e-02 1.204369999999999941e+00
1.285999999999999943e+01 9.020585000000000409e-02 1.165642000000000067e+00
1.285999999999999943e+01 1.352297000000000082e-01 1.568256000000000094e+00
1.285999999999999943e+01 2.038964000000000054e-01 3.340272999999999826e+00
1.285999999999999943e+01 3.056348999999999871e-01 5.982674000000000269e+00
1.285999999999999943e+01 4.586450999999999723e-01 8.645977000000000245e+00
1.285999999999999943e+01 6.883943999999999619e-01 1.017487000000000030e+01
1.285999999999999943e+01 1.032767999999999908e+00 1.151056999999999952e+01
1.285999999999999943e+01 1.549323000000000006e+00 1.448353999999999964e+01
1.285999999999999943e+01 2.237315999999999860e+00 2.329627999999999943e+01
1.285999999999999943e+01 2.922752000000000017e+00 3.697337000000000273e+01
1.355000000000000071e+01 2.628257999999999983e-02 3.901453000000000060e+00
1.355000000000000071e+01 4.415427999999999714e-02 6.320681999999999690e+00
1.355000000000000071e+01 6.232185999999999976e-02 7.582587000000000188e+00
1.355000000000000071e+01 9.020585000000000409e-02 6.502862000000000364e+00
1.355000000000000071e+01 1.352297000000000082e-01 4.771518999999999622e+00
1.355000000000000071e+01 2.038964000000000054e-01 2.973374000000000184e+00
1.355000000000000071e+01 3.056348999999999871e-01 2.784749000000000141e+00
1.355000000000000071e+01 4.586450999999999723e-01 3.643200000000000216e+00
1.355000000000000071e+01 6.883943999999999619e-01 4.472445999999999700e+00
1.355000000000000071e+01 1.032767999999999908e+00 5.145894000000000190e+00
1.355000000000000071e+01 1.549323000000000006e+00 6.541648000000000351e+00
1.355000000000000071e+01 2.237315999999999860e+00 1.069130999999999965e+01
1.355000000000000071e+01 2.922752000000000017e+00 1.734658999999999907e+01
1.427999999999999936e+01 2.628257999999999983e-02 1.125990999999999964e+01
1.427999999999999936e+01 4.415427999999999714e-02 1.959003999999999834e+01
1.427999999999999936e+01 6.232185999999999976e-02 2.442489000000000132e+01
1.427999999999999936e+01 9.020585000000000409e-02 2.186163000000000167e+01
1.427999999999999936e+01 1.352297000000000082e-01 1.773522000000000176e+01
1.427999999999999936e+01 2.038964000000000054e-01 1.067289000000000065e+01
1.427999999999999936e+01 3.056348999999999871e-01 6.100863000000000369e+00
1.427999999999999936e+01 4.586450999999999723e-01 4.008970999999999840e+00
1.427999999999999936e+01 6.883943999999999619e-01 3.649569000000000063e+00
1.427999999999999936e+01 1.032767999999999908e+00 4.026460000000000150e+00
1.427999999999999936e+01 1.549323000000000006e+00 5.394435999999999787e+00
1.427999999999999936e+01 2.237315999999999860e+00 8.128717999999999222e+00
1.427999999999999936e+01 2.922752000000000017e+00 1.129251000000000005e+01
1.505000000000000071e+01 2.628257999999999983e-02 2.510051999999999950e+01
1.505000000000000071e+01 4.415427999999999714e-02 4.523561999999999728e+01
1.505000000000000071e+01 6.232185999999999976e-02 5.699728000000000350e+01
1.505000000000000071e+01 9.020585000000000409e-02 5.230810999999999922e+01
1.505000000000000071e+01 1.352297000000000082e-01 4.506376999999999811e+01
1.505000000000000071e+01 2.038964000000000054e-01 2.955238999999999905e+01
1.505000000000000071e+01 3.056348999999999871e-01 1.811971000000000132e+01
1.505000000000000071e+01 4.586450999999999723e-01 1.403661999999999921e+01
1.505000000000000071e+01 6.883943999999999619e-01 1.515807000000000038e+01
1.505000000000000071e+01 1.032767999999999908e+00 1.972476999999999947e+01
1.505000000000000071e+01 1.549323000000000006e+00 2.936283999999999850e+01
1.505000000000000071e+01 2.237315999999999860e+00 4.283543999999999841e+01
1.505000000000000071e+01 2.922752000000000017e+00 5.391176999999999708e+01
1.584999999999999964e+01 2.628257999999999983e-02 4.386220000000000141e+01
1.584999999999999964e+01 4.415427999999999714e-02 8.103458999999999435e+01
1.584999999999999964e+01 6.232185999999999976e-02 1.028957000000000050e+02
1.584999999999999964e+01 9.020585000000000409e-02 9.626761999999999375e+01
1.584999999999999964e+01 1.352297000000000082e-01 8.651767999999999859e+01
1.584999999999999964e+01 2.038964000000000054e-01 6.052235999999999905e+01
1.584999999999999964e+01 3.056348999999999871e-01 4.066772999999999882e+01
1.584999999999999964e+01 4.586450999999999723e-01 3.889565999999999946e+01
1.584999999999999964e+01 6.883943999999999619e-01 4.997077999999999776e+01
1.584999999999999964e+01 1.032767999999999908e+00 7.132380000000000564e+01
1.584999999999999964e+01 1.549323000000000006e+00 1.101567000000000007e+02
1.584999999999999964e+01 2.237315999999999860e+00 1.584099999999999966e+02
1.584999999999999964e+01 2.922752000000000017e+00 1.943162000000000091e+02
1.669000000000000128e+01 2.628257999999999983e-02 5.477747999999999706e+01
1.669000000000000128e+01 4.415427999999999714e-02 1.044607000000000028e+02
1.669000000000000128e+01 6.232185999999999976e-02 1.336102999999999952e+02
1.669000000000000128e+01 9.020585000000000409e-02 1.278537000000000035e+02
1.669000000000000128e+01 1.352297000000000082e-01 1.204612999999999943e+02
1.669000000000000128e+01 2.038964000000000054e-01 9.140982999999999947e+01
1.669000000000000128e+01 3.056348999999999871e-01 6.993514999999999304e+01
1.669000000000000128e+01 4.586450999999999723e-01 8.075612999999999886e+01
1.669000000000000128e+01 6.883943999999999619e-01 1.167861999999999938e+02
1.669000000000000128e+01 1.032767999999999908e+00 1.778388999999999953e+02
1.669000000000000128e+01 1.549323000000000006e+00 2.804848000000000070e+02
1.669000000000000128e+01 2.237315999999999860e+00 3.973931999999999789e+02
1.669000000000000128e+01 2.922752000000000017e+00 4.757620000000000005e+02
1.757000000000000028e+01 2.628257999999999983e-02 4.380984000000000123e+01
1.757000000000000028e+01 4.415427999999999714e-02 8.806167000000000655e+01
1.757000000000000028e+01 6.232185999999999976e-02 1.132272999999999996e+02
1.757000000000000028e+01 9.020585000000000409e-02 1.123247999999999962e+02
1.757000000000000028e+01 1.352297000000000082e-01 1.133966000000000065e+02
1.757000000000000028e+01 2.038964000000000054e-01 9.823950999999999567e+01
1.757000000000000028e+01 3.056348999999999871e-01 9.277648000000000650e+01
1.757000000000000028e+01 4.586450999999999723e-01 1.305449000000000126e+02
1.757000000000000028e+01 6.883943999999999619e-01 2.062938000000000045e+02
1.757000000000000028e+01 1.032767999999999908e+00 3.300939000000000192e+02
1.757000000000000028e+01 1.549323000000000006e+00 5.286571000000000140e+02
1.757000000000000028e+01 2.237315999999999860e+00 7.358600000000000136e+02
1.757000000000000028e+01 2.922752000000000017e+00 8.702649999999999864e+02
1.850000000000000000e+01 2.628257999999999983e-02 1.742704000000000164e+01
1.850000000000000000e+01 4.415427999999999714e-02 3.977805000000000035e+01
1.850000000000000000e+01 6.232185999999999976e-02 5.156844000000000250e+01
1.850000000000000000e+01 9.020585000000000409e-02 5.564766999999999797e+01
1.850000000000000000e+01 1.352297000000000082e-01 6.565457999999999572e+01
1.850000000000000000e+01 2.038964000000000054e-01 7.520609000000000322e+01
1.850000000000000000e+01 3.056348999999999871e-01 1.004223999999999961e+02
1.850000000000000000e+01 4.586450999999999723e-01 1.695166000000000111e+02
1.850000000000000000e+01 6.883943999999999619e-01 2.863118999999999801e+02
1.850000000000000000e+01 1.032767999999999908e+00 4.738605999999999767e+02
1.850000000000000000e+01 1.549323000000000006e+00 7.669819999999999709e+02
1.850000000000000000e+01 2.237315999999999860e+00 1.058218000000000075e+03
1.850000000000000000e+01 2.922752000000000017e+00 1.236143000000000029e+03
1.948000000000000043e+01 2.628257999999999983e-02 9.460151999999999450e-01
1.948000000000000043e+01 4.415427999999999714e-02 4.724947000000000230e+00
1.948000000000000043e+01 6.232185999999999976e-02 8.358036000000000243e+00
1.948000000000000043e+01 9.020585000000000409e-02 1.390206000000000053e+01
1.948000000000000043e+01 1.352297000000000082e-01 2.751456999999999908e+01
1.948000000000000043e+01 2.038964000000000054e-01 5.230201000000000278e+01
1.948000000000000043e+01 3.056348999999999871e-01 9.906871999999999900e+01
1.948000000000000043e+01 4.586450999999999723e-01 1.819736000000000047e+02
1.948000000000000043e+01 6.883943999999999619e-01 3.176320999999999799e+02
1.948000000000000043e+01 1.032767999999999908e+00 5.359754000000000360e+02
1.948000000000000043e+01 1.549323000000000006e+00 8.684025000000000318e+02
1.948000000000000043e+01 2.237315999999999860e+00 1.189048999999999978e+03
1.948000000000000043e+01 2.922752000000000017e+00 1.385903000000000020e+03
2.050000000000000000e+01 2.628257999999999983e-02 7.893323999999999785e+00
2.050000000000000000e+01 4.415427999999999714e-02 9.676175000000000637e+00
2.050000000000000000e+01 6.232185999999999976e-02 1.881005000000000038e+01
2.050000000000000000e+01 9.020585000000000409e-02 2.257845999999999975e+01
2.050000000000000000e+01 1.352297000000000082e-01 3.610555999999999699e+01
2.050000000000000000e+01 2.038964000000000054e-01 5.870358999999999838e+01
2.050000000000000000e+01 3.056348999999999871e-01 9.996556999999999960e+01
2.050000000000000000e+01 4.586450999999999723e-01 1.654921999999999969e+02
2.050000000000000000e+01 6.883943999999999619e-01 2.811041000000000167e+02
2.050000000000000000e+01 1.032767999999999908e+00 4.724719999999999800e+02
2.050000000000000000e+01 1.549323000000000006e+00 7.573920000000000528e+02
2.050000000000000000e+01 2.237315999999999860e+00 1.026712999999999965e+03
2.050000000000000000e+01 2.922752000000000017e+00 1.200259000000000015e+03
2.157999999999999829e+01 2.628257999999999983e-02 2.512805000000000177e+01
2.157999999999999829e+01 4.415427999999999714e-02 3.552438999999999680e+01
2.157999999999999829e+01 6.232185999999999976e-02 5.479570999999999970e+01
2.157999999999999829e+01 9.020585000000000409e-02 5.570635000000000048e+01
2.157999999999999829e+01 1.352297000000000082e-01 6.903782999999999959e+01
2.157999999999999829e+01 2.038964000000000054e-01 8.221263000000000432e+01
2.157999999999999829e+01 3.056348999999999871e-01 1.030314000000000050e+02
2.157999999999999829e+01 4.586450999999999723e-01 1.364583000000000084e+02
2.157999999999999829e+01 6.883943999999999619e-01 2.083480000000000132e+02
2.157999999999999829e+01 1.032767999999999908e+00 3.362853000000000065e+02
2.157999999999999829e+01 1.549323000000000006e+00 5.305607999999999720e+02
2.157999999999999829e+01 2.237315999999999860e+00 7.151251999999999498e+02
2.157999999999999829e+01 2.922752000000000017e+00 8.326843000000000075e+02
2.271000000000000085e+01 2.628257999999999983e-02 3.331347999999999843e+01
2.271000000000000085e+01 4.415427999999999714e-02 4.986263999999999896e+01
2.271000000000000085e+01 6.232185999999999976e-02 7.266805999999999699e+01
2.271000000000000085e+01 9.020585000000000409e-02 7.217655000000000598e+01
2.271000000000000085e+01 1.352297000000000082e-01 8.457210999999999501e+01
2.271000000000000085e+01 2.038964000000000054e-01 9.093111000000000388e+01
2.271000000000000085e+01 3.056348999999999871e-01 9.444531999999999528e+01
2.271000000000000085e+01 4.586450999999999723e-01 1.017038000000000011e+02
2.271000000000000085e+01 6.883943999999999619e-01 1.290743999999999971e+02
2.271000000000000085e+01 1.032767999999999908e+00 1.889200999999999908e+02
2.271000000000000085e+01 1.549323000000000006e+00 2.885360000000000014e+02
2.271000000000000085e+01 2.237315999999999860e+00 3.879725999999999999e+02
2.271000000000000085e+01 2.922752000000000017e+00 4.465192999999999870e+02
2.389000000000000057e+01 2.628257999999999983e-02 2.549922000000000111e+01
2.389000000000000057e+01 4.415427999999999714e-02 4.003790999999999656e+01
2.389000000000000057e+01 6.232185999999999976e-02 5.782950999999999908e+01
2.389000000000000057e+01 9.020585000000000409e-02 5.822496999999999900e+01
2.389000000000000057e+01 1.352297000000000082e-01 6.868855000000000643e+01
2.389000000000000057e+01 2.038964000000000054e-01 7.383664000000000271e+01
2.389000000000000057e+01 3.056348999999999871e-01 7.229469000000000278e+01
2.389000000000000057e+01 4.586450999999999723e-01 7.061809999999999832e+01
2.389000000000000057e+01 6.883943999999999619e-01 7.483435000000000059e+01
2.389000000000000057e+01 1.032767999999999908e+00 9.198332000000000619e+01
2.389000000000000057e+01 1.549323000000000006e+00 1.290535999999999888e+02
2.389000000000000057e+01 2.237315999999999860e+00 1.666485999999999876e+02
2.389000000000000057e+01 2.922752000000000017e+00 1.838928999999999974e+02
2.514000000000000057e+01 2.628257999999999983e-02 1.165421000000000085e+01
2.514000000000000057e+01 4.415427999999999714e-02 1.917398999999999987e+01
2.514000000000000057e+01 6.232185999999999976e-02 2.825890000000000057e+01
2.514000000000000057e+01 9.020585000000000409e-02 2.955728999999999829e+01
2.514000000000000057e+01 1.352297000000000082e-01 3.670060000000000144e+01
2.514000000000000057e+01 2.038964000000000054e-01 4.132840999999999809e+01
2.514000000000000057e+01 3.056348999999999871e-01 4.103602000000000061e+01
2.514000000000000057e+01 4.586450999999999723e-01 3.970579000000000036e+01
2.514000000000000057e+01 6.883943999999999619e-01 3.774495000000000289e+01
2.514000000000000057e+01 1.032767999999999908e+00 3.791145000000000209e+01
2.514000000000000057e+01 1.549323000000000006e+00 4.615681000000000012e+01
2.514000000000000057e+01 2.237315999999999860e+00 5.774929999999999808e+01
2.514000000000000057e+01 2.922752000000000017e+00 6.547763999999999385e+01
2.644000000000000128e+01 2.628257999999999983e-02 3.626818999999999793e+00
2.644000000000000128e+01 4.415427999999999714e-02 6.321012999999999771e+00
2.644000000000000128e+01 6.232185999999999976e-02 9.679919999999999192e+00
2.644000000000000128e+01 9.020585000000000409e-02 1.062654999999999994e+01
2.644000000000000128e+01 1.352297000000000082e-01 1.405519999999999925e+01
2.644000000000000128e+01 2.038964000000000054e-01 1.709936000000000078e+01
2.644000000000000128e+01 3.056348999999999871e-01 1.828722000000000136e+01
2.644000000000000128e+01 4.586450999999999723e-01 1.919623999999999953e+01
2.644000000000000128e+01 6.883943999999999619e-01 1.860360999999999976e+01
2.644000000000000128e+01 1.032767999999999908e+00 1.669069000000000003e+01
2.644000000000000128e+01 1.549323000000000006e+00 1.717895000000000039e+01
2.644000000000000128e+01 2.237315999999999860e+00 2.026897999999999911e+01
2.644000000000000128e+01 2.922752000000000017e+00 2.369932999999999979e+01
2.782000000000000028e+01 2.628257999999999983e-02 8.475019000000000302e-01
2.782000000000000028e+01 4.415427999999999714e-02 1.575374999999999970e+00
2.782000000000000028e+01 6.232185999999999976e-02 2.550879999999999814e+00
2.782000000000000028e+01 9.020585000000000409e-02 2.971220000000000194e+00
2.782000000000000028e+01 1.352297000000000082e-01 4.253692000000000029e+00
2.782000000000000028e+01 2.038964000000000054e-01 5.687797999999999909e+00
2.782000000000000028e+01 3.056348999999999871e-01 6.783794999999999575e+00
2.782000000000000028e+01 4.586450999999999723e-01 8.085623000000000005e+00
2.782000000000000028e+01 6.883943999999999619e-01 8.740562999999999860e+00
2.782000000000000028e+01 1.032767999999999908e+00 8.108240999999999588e+00
2.782000000000000028e+01 1.549323000000000006e+00 7.692950999999999873e+00
2.782000000000000028e+01 2.237315999999999860e+00 8.829750999999999905e+00
2.782000000000000028e+01 2.922752000000000017e+00 1.057281000000000049e+01
2.926000000000000156e+01 2.628257999999999983e-02 1.772935999999999956e-01
2.926000000000000156e+01 4.415427999999999714e-02 3.570851999999999915e-01
2.926000000000000156e+01 6.232185999999999976e-02 6.248323000000000071e-01
2.926000000000000156e+01 9.020585000000000409e-02 7.763598999999999917e-01
2.926000000000000156e+01 1.352297000000000082e-01 1.206895000000000051e+00
2.926000000000000156e+01 2.038964000000000054e-01 1.764626000000000028e+00
2.926000000000000156e+01 3.056348999999999871e-01 2.353870000000000129e+00
2.926000000000000156e+01 4.586450999999999723e-01 3.181496999999999797e+00
2.926000000000000156e+01 6.883943999999999619e-01 3.950628000000000029e+00
2.926000000000000156e+01 1.032767999999999908e+00 4.168656999999999613e+00
2.926000000000000156e+01 1.549323000000000006e+00 4.100524000000000058e+00
2.926000000000000156e+01 2.237315999999999860e+00 4.871164000000000271e+00
2.926000000000000156e+01 2.922752000000000017e+00 6.071794999999999831e+00
3.076999999999999957e+01 2.628257999999999983e-02 4.659075000000000022e-02
3.076999999999999957e+01 4.415427999999999714e-02 1.033297999999999994e-01
3.076999999999999957e+01 6.232185999999999976e-02 1.995127999999999902e-01
3.076999999999999957e+01 9.020585000000000409e-02 2.653702000000000005e-01
3.076999999999999957e+01 1.352297000000000082e-01 4.417853999999999948e-01
3.076999999999999957e+01 2.038964000000000054e-01 6.861131000000000313e-01
3.076999999999999957e+01 3.056348999999999871e-01 9.907939999999999525e-01
3.076999999999999957e+01 4.586450999999999723e-01 1.445119999999999960e+00
3.076999999999999957e+01 6.883943999999999619e-01 1.993786999999999976e+00
3.076999999999999957e+01 1.032767999999999908e+00 2.399255999999999833e+00
3.076999999999999957e+01 1.549323000000000006e+00 2.590571000000000179e+00
3.076999999999999957e+01 2.237315999999999860e+00 3.215739999999999821e+00
3.076999999999999957e+01 2.922752000000000017e+00 4.116696000000000133e+00
3.235999999999999943e+01 2.628257999999999983e-02 2.287476999999999913e-02
3.235999999999999943e+01 4.415427999999999714e-02 5.522219999999999906e-02
3.235999999999999943e+01 6.232185999999999976e-02 1.176872999999999947e-01
3.235999999999999943e+01 9.020585000000000409e-02 1.657572999999999963e-01
3.235999999999999943e+01 1.352297000000000082e-01 2.896986999999999757e-01
3.235999999999999943e+01 2.038964000000000054e-01 4.613029000000000157e-01
3.235999999999999943e+01 3.056348999999999871e-01 6.894825999999999455e-01
3.235999999999999943e+01 4.586450999999999723e-01 1.013252000000000042e+00
3.235999999999999943e+01 6.883943999999999619e-01 1.437638999999999889e+00
3.235999999999999943e+01 1.032767999999999908e+00 1.837388999999999939e+00
3.235999999999999943e+01 1.549323000000000006e+00 2.149439999999999795e+00
3.235999999999999943e+01 2.237315999999999860e+00 2.708032999999999912e+00
3.235999999999999943e+01 2.922752000000000017e+00 3.469542000000000126e+00
3.403000000000000114e+01 2.628257999999999983e-02 2.053649999999999920e-02
3.403000000000000114e+01 4.415427999999999714e-02 5.144883000000000095e-02
3.403000000000000114e+01 6.232185999999999976e-02 1.164657000000000053e-01
3.403000000000000114e+01 9.020585000000000409e-02 1.683140999999999943e-01
3.403000000000000114e+01 1.352297000000000082e-01 3.021215999999999902e-01
3.403000000000000114e+01 2.038964000000000054e-01 4.868882999999999961e-01
3.403000000000000114e+01 3.056348999999999871e-01 7.403478000000000003e-01
3.403000000000000114e+01 4.586450999999999723e-01 1.081631000000000009e+00
3.403000000000000114e+01 6.883943999999999619e-01 1.520396999999999998e+00
3.403000000000000114e+01 1.032767999999999908e+00 1.937181999999999960e+00
3.403000000000000114e+01 1.549323000000000006e+00 2.333687999999999985e+00
3.403000000000000114e+01 2.237315999999999860e+00 2.929272999999999794e+00
3.403000000000000114e+01 2.922752000000000017e+00 3.657865000000000144e+00
7.509999999999999787e+00 2.628257999999999983e-02 4.748615999999999666e-05
7.509999999999999787e+00 4.415427999999999714e-02 2.435380999999999917e-04
7.509999999999999787e+00 6.232185999999999976e-02 5.482589000000000169e-04
7.509999999999999787e+00 9.020585000000000409e-02 1.377376000000000034e-03
7.509999999999999787e+00 1.352297000000000082e-01 3.118880000000000090e-03
7.509999999999999787e+00 2.038964000000000054e-01 3.985599999999999733e-03
7.509999999999999787e+00 3.056348999999999871e-01 3.749899000000000114e-03
7.509999999999999787e+00 4.586450999999999723e-01 4.201782999999999733e-03
7.509999999999999787e+00 6.883943999999999619e-01 5.052247999999999635e-03
7.509999999999999787e+00 1.032767999999999908e+00 3.590447000000000083e-03
7.509999999999999787e+00 1.549323000000000006e+00 4.247944000000000025e-03
7.509999999999999787e+00 2.237315999999999860e+00 6.428622000000000156e-03
7.509999999999999787e+00 2.922752000000000017e+00 9.223033000000000273e-03
7.929999999999999716e+00 2.628257999999999983e-02 3.165358000000000060e-03
7.929999999999999716e+00 4.415427999999999714e-02 1.491655000000000064e-02
7.929999999999999716e+00 6.232185999999999976e-02 2.827119999999999980e-02
7.929999999999999716e+00 9.020585000000000409e-02 6.334955999999999920e-02
7.929999999999999716e+00 1.352297000000000082e-01 1.467224000000000028e-01
7.929999999999999716e+00 2.038964000000000054e-01 1.783269000000000104e-01
7.929999999999999716e+00 3.056348999999999871e-01 1.531186999999999965e-01
7.929999999999999716e+00 4.586450999999999723e-01 1.087391999999999942e-01
7.929999999999999716e+00 6.883943999999999619e-01 8.894823999999999786e-02
7.929999999999999716e+00 1.032767999999999908e+00 8.219366999999999646e-02
7.929999999999999716e+00 1.549323000000000006e+00 8.984274000000000426e-02
7.929999999999999716e+00 2.237315999999999860e+00 1.461790000000000034e-01
7.929999999999999716e+00 2.922752000000000017e+00 2.406693000000000027e-01
8.380000000000000782e+00 2.628257999999999983e-02 4.025390999999999692e-02
8.380000000000000782e+00 4.415427999999999714e-02 1.573000999999999983e-01
8.380000000000000782e+00 6.232185999999999976e-02 3.091637999999999886e-01
8.380000000000000782e+00 9.020585000000000409e-02 4.972103999999999968e-01
8.380000000000000782e+00 1.352297000000000082e-01 1.015074000000000032e+00
8.380000000000000782e+00 2.038964000000000054e-01 1.051760000000000028e+00
8.380000000000000782e+00 3.056348999999999871e-01 8.682227999999999613e-01
8.380000000000000782e+00 4.586450999999999723e-01 7.261756999999999795e-01
8.380000000000000782e+00 6.883943999999999619e-01 5.915487000000000384e-01
8.380000000000000782e+00 1.032767999999999908e+00 5.228361000000000258e-01
8.380000000000000782e+00 1.549323000000000006e+00 5.630230999999999986e-01
8.380000000000000782e+00 2.237315999999999860e+00 9.042320000000000357e-01
8.380000000000000782e+00 2.922752000000000017e+00 1.522218999999999989e+00
8.849999999999999645e+00 2.628257999999999983e-02 2.414939999999999864e-01
8.849999999999999645e+00 4.415427999999999714e-02 6.991441999999999934e-01
8.849999999999999645e+00 6.232185999999999976e-02 1.271033999999999997e+00
8.849999999999999645e+00 9.020585000000000409e-02 2.286027999999999949e+00
8.849999999999999645e+00 1.352297000000000082e-01 3.984741999999999784e+00
8.849999999999999645e+00 2.038964000000000054e-01 3.531179999999999986e+00
8.849999999999999645e+00 3.056348999999999871e-01 3.082486999999999977e+00
8.849999999999999645e+00 4.586450999999999723e-01 2.585390999999999995e+00
8.849999999999999645e+00 6.883943999999999619e-01 2.137110999999999983e+00
8.849999999999999645e+00 1.032767999999999908e+00 1.871842000000000006e+00
8.849999999999999645e+00 1.549323000000000006e+00 2.021717000000000208e+00
8.849999999999999645e+00 2.237315999999999860e+00 3.184356000000000186e+00
8.849999999999999645e+00 2.922752000000000017e+00 5.315910999999999831e+00
9.339999999999999858e+00 2.628257999999999983e-02 6.692377999999999938e-01
9.339999999999999858e+00 4.415427999999999714e-02 1.832783999999999969e+00
9.339999999999999858e+00 6.232185999999999976e-02 3.432347000000000037e+00
9.339999999999999858e+00 9.020585000000000409e-02 6.084179999999999922e+00
9.339999999999999858e+00 1.352297000000000082e-01 1.016600999999999999e+01
9.339999999999999858e+00 2.038964000000000054e-01 8.060608000000000217e+00
9.339999999999999858e+00 3.056348999999999871e-01 7.461598000000000397e+00
9.339999999999999858e+00 4.586450999999999723e-01 6.244760000000000311e+00
9.339999999999999858e+00 6.883943999999999619e-01 5.333037000000000027e+00
9.339999999999999858e+00 1.032767999999999908e+00 4.754688999999999943e+00
9.339999999999999858e+00 1.549323000000000006e+00 5.177902999999999700e+00
9.339999999999999858e+00 2.237315999999999860e+00 8.187848000000000681e+00
9.339999999999999858e+00 2.922752000000000017e+00 1.354086000000000034e+01
9.859999999999999432e+00 2.628257999999999983e-02 1.158257000000000092e+00
9.859999999999999432e+00 4.415427999999999714e-02 3.091842999999999897e+00
9.859999999999999432e+00 6.232185999999999976e-02 5.957888999999999768e+00
9.859999999999999432e+00 9.020585000000000409e-02 1.009055000000000035e+01
9.859999999999999432e+00 1.352297000000000082e-01 1.761638999999999911e+01
9.859999999999999432e+00 2.038964000000000054e-01 1.521377999999999986e+01
9.859999999999999432e+00 3.056348999999999871e-01 1.390037000000000056e+01
9.859999999999999432e+00 4.586450999999999723e-01 1.202383000000000024e+01
9.859999999999999432e+00 6.883943999999999619e-01 1.048686999999999969e+01
9.859999999999999432e+00 1.032767999999999908e+00 9.559912000000000631e+00
9.859999999999999432e+00 1.549323000000000006e+00 1.060731000000000002e+01
9.859999999999999432e+00 2.237315999999999860e+00 1.678838999999999970e+01
9.859999999999999432e+00 2.922752000000000017e+00 2.769973999999999847e+01
