1.040000000000000036e+01 2.628257999999999983e-02 2.240933000000000064e+01
1.040000000000000036e+01 4.415427999999999714e-02 3.297560000000000002e+01
1.040000000000000036e+01 6.232185999999999976e-02 3.366935000000000144e+01
1.040000000000000036e+01 9.020585000000000409e-02 2.383546000000000120e+01
1.040000000000000036e+01 1.352297000000000082e-01 1.501421999999999990e+01
1.040000000000000036e+01 2.038964000000000054e-01 8.650344999999999729e+00
1.040000000000000036e+01 3.056348999999999871e-01 6.148438999999999766e+00
1.040000000000000036e+01 4.586450999999999723e-01 6.641572000000000031e+00
1.040000000000000036e+01 6.883943999999999619e-01 8.589651999999999177e+00
1.040000000000000036e+01 1.032767999999999908e+00 1.091960000000000086e+01
1.040000000000000036e+01 1.549323000000000006e+00 1.476985999999999954e+01
1.040000000000000036e+01 2.237315999999999860e+00 2.114858999999999867e+01
1.040000000000000036e+01 2.922752000000000017e+00 2.632834000000000074e+01
1.097000000000000064e+01 2.628257999999999983e-02 4.768742999999999910e+01
1.097000000000000064e+01 4.415427999999999714e-02 7.293036999999999637e+01
1.097000000000000064e+01 6.232185999999999976e-02 7.521259999999999479e+01
1.097000000000000064e+01 9.020585000000000409e-02 5.402015999999999707e+01
1.097000000000000064e+01 1.352297000000000082e-01 3.512733999999999668e+01
1.097000000000000064e+01 2.038964000000000054e-01 2.304057999999999851e+01
1.097000000000000064e+01 3.056348999999999871e-01 2.158220000000000027e+01
1.097000000000000064e+01 4.586450999999999723e-01 2.986653000000000091e+01
1.097000000000000064e+01 6.883943999999999619e-01 4.198324999999999818e+01
1.097000000000000064e+01 1.032767999999999908e+00 5.521770000000000067e+01
1.097000000000000064e+01 1.549323000000000006e+00 7.594201999999999941e+01
1.097000000000000064e+01 2.237315999999999860e+00 1.081045000000000016e+02
1.097000000000000064e+01 2.922752000000000017e+00 1.296785999999999888e+02
1.157000000000000028e+01 2.628257999999999983e-02 8.232180999999999926e+01
1.157000000000000028e+01 4.415427999999999714e-02 1.301461999999999932e+02
1.157000000000000028e+01 6.232185999999999976e-02 1.356322999999999865e+02
1.157000000000000028e+01 9.020585000000000409e-02 9.920578999999999326e+01
1.157000000000000028e+01 1.352297000000000082e-01 6.712873000000000445e+01
1.157000000000000028e+01 2.038964000000000054e-01 4.935560000000000258e+01
1.157000000000000028e+01 3.056348999999999871e-01 5.669953999999999894e+01
1.157000000000000028e+01 4.586450999999999723e-01 8.830801999999999907e+01
1.157000000000000028e+01 6.883943999999999619e-01 1.285882000000000005e+02
1.157000000000000028e+01 1.032767999999999908e+00 1.723516999999999939e+02
1.157000000000000028e+01 1.549323000000000006e+00 2.432392999999999859e+02
1.157000000000000028e+01 2.237315999999999860e+00 3.464089000000000169e+02
1.157000000000000028e+01 2.922752000000000017e+00 4.028292000000000144e+02
1.219999999999999929e+01 2.628257999999999983e-02 1.087275999999999954e+02
1.219999999999999929e+01 4.415427999999999714e-02 1.774000000000000057e+02
1.219999999999999929e+01 6.232185999999999976e-02 1.869819999999999993e+02
1.219999999999999929e+01 9.020585000000000409e-02 1.407182999999999993e+02
1.219999999999999929e+01 1.352297000000000082e-01 1.017997000000000014e+02
1.219999999999999929e+01 2.038964000000000054e-01 8.582008999999999332e+01
1.219999999999999929e+01 3.056348999999999871e-01 1.161235999999999962e+02
1.219999999999999929e+01 4.586450999999999723e-01 1.931914999999999907e+02
1.219999999999999929e+01 6.883943999999999619e-01 2.871120000000000232e+02
1.219999999999999929e+01 1.032767999999999908e+00 3.925638999999999896e+02
1.219999999999999929e+01 1.549323000000000006e+00 5.707491999999999734e+02
1.219999999999999929e+01 2.237315999999999860e+00 8.052910000000000537e+02
1.219999999999999929e+01 2.922752000000000017e+00 9.079451000000000249e+02
1.285999999999999943e+01 2.628257999999999983e-02 9.905083000000000482e+01
1.285999999999999943e+01 4.415427999999999714e-02 1.688086000000000126e+02
1.285999999999999943e+01 6.232185999999999976e-02 1.789159999999999968e+02
1.285999999999999943e+01 9.020585000000000409e-02 1.413983000000000061e+02
1.285999999999999943e+01 1.352297000000000082e-01 1.163151000000000010e+02
1.285999999999999943e+01 2.038964000000000054e-01 1.228320999999999970e+02
1.285999999999999943e+01 3.056348999999999871e-01 1.928948000000000036e+02
1.285999999999999943e+01 4.586450999999999723e-01 3.324719999999999800e+02
1.285999999999999943e+01 6.883943999999999619e-01 5.014732000000000198e+02
1.285999999999999943e+01 1.032767999999999908e+00 7.000611999999999853e+02
1.285999999999999943e+01 1.549323000000000006e+00 1.049259000000000015e+03
1.285999999999999943e+01 2.237315999999999860e+00 1.468308999999999969e+03
1.285999999999999943e+01 2.922752000000000017e+00 1.606484999999999900e+03
1.355000000000000071e+01 2.628257999999999983e-02 5.390605000000000047e+01
1.355000000000000071e+01 4.415427999999999714e-02 9.812425000000000352e+01
1.355000000000000071e+01 6.232185999999999976e-02 1.041906000000000034e+02
1.355000000000000071e+01 9.020585000000000409e-02 9.204496000000000322e+01
1.355000000000000071e+01 1.352297000000000082e-01 1.001693999999999960e+02
1.355000000000000071e+01 2.038964000000000054e-01 1.480560000000000116e+02
1.355000000000000071e+01 3.056348999999999871e-01 2.663210000000000264e+02
1.355000000000000071e+01 4.586450999999999723e-01 4.625337999999999852e+02
1.355000000000000071e+01 6.883943999999999619e-01 7.044307000000000016e+02
1.355000000000000071e+01 1.032767999999999908e+00 1.003791000000000054e+03
1.355000000000000071e+01 1.549323000000000006e+00 1.546695999999999913e+03
1.355000000000000071e+01 2.237315999999999860e+00 2.162831999999999880e+03
1.355000000000000071e+01 2.922752000000000017e+00 2.302768000000000029e+03
1.427999999999999936e+01 2.628257999999999983e-02 1.121950999999999965e+01
1.427999999999999936e+01 4.415427999999999714e-02 2.501889999999999858e+01
1.427999999999999936e+01 6.232185999999999976e-02 3.088159999999999883e+01
1.427999999999999936e+01 9.020585000000000409e-02 4.201295999999999964e+01
1.427999999999999936e+01 1.352297000000000082e-01 8.017976000000000170e+01
1.427999999999999936e+01 2.038964000000000054e-01 1.636029000000000053e+02
1.427999999999999936e+01 3.056348999999999871e-01 3.138358000000000061e+02
1.427999999999999936e+01 4.586450999999999723e-01 5.317826999999999771e+02
1.427999999999999936e+01 6.883943999999999619e-01 8.134525999999999613e+02
1.427999999999999936e+01 1.032767999999999908e+00 1.183597999999999956e+03
1.427999999999999936e+01 1.549323000000000006e+00 1.852818999999999960e+03
1.427999999999999936e+01 2.237315999999999860e+00 2.556067000000000007e+03
1.427999999999999936e+01 2.922752000000000017e+00 2.684603000000000065e+03
1.505000000000000071e+01 2.628257999999999983e-02 2.127780000000000005e+00
1.505000000000000071e+01 4.415427999999999714e-02 5.352542999999999829e+00
1.505000000000000071e+01 6.232185999999999976e-02 2.288554999999999851e+01
1.505000000000000071e+01 9.020585000000000409e-02 4.175636999999999688e+01
1.505000000000000071e+01 1.352297000000000082e-01 9.350820000000000221e+01
1.505000000000000071e+01 2.038964000000000054e-01 1.841397000000000048e+02
1.505000000000000071e+01 3.056348999999999871e-01 3.299673000000000229e+02
1.505000000000000071e+01 4.586450999999999723e-01 5.288129999999999882e+02
1.505000000000000071e+01 6.883943999999999619e-01 8.010041999999999689e+02
1.505000000000000071e+01 1.032767999999999908e+00 1.190753999999999905e+03
1.505000000000000071e+01 1.549323000000000006e+00 1.891449000000000069e+03
1.505000000000000071e+01 2.237315999999999860e+00 2.547768000000000029e+03
1.505000000000000071e+01 2.922752000000000017e+00 2.618351000000000113e+03
1.584999999999999964e+01 2.628257999999999983e-02 2.231563999999999837e+01
1.584999999999999964e+01 4.415427999999999714e-02 3.386023000000000138e+01
1.584999999999999964e+01 6.232185999999999976e-02 7.068031999999999471e+01
1.584999999999999964e+01 9.020585000000000409e-02 8.594445000000000334e+01
1.584999999999999964e+01 1.352297000000000082e-01 1.371283999999999992e+02
1.584999999999999964e+01 2.038964000000000054e-01 2.102667999999999893e+02
1.584999999999999964e+01 3.056348999999999871e-01 3.179676999999999794e+02
1.584999999999999964e+01 4.586450999999999723e-01 4.619925000000000068e+02
1.584999999999999964e+01 6.883943999999999619e-01 6.810331999999999653e+02
1.584999999999999964e+01 1.032767999999999908e+00 1.029247000000000071e+03
1.584999999999999964e+01 1.549323000000000006e+00 1.664159000000000106e+03
1.584999999999999964e+01 2.237315999999999860e+00 2.226650000000000091e+03
1.584999999999999964e+01 2.922752000000000017e+00 2.242530000000000200e+03
1.669000000000000128e+01 2.628257999999999983e-02 5.978061999999999898e+01
1.669000000000000128e+01 4.415427999999999714e-02 8.885290999999999428e+01
1.669000000000000128e+01 6.232185999999999976e-02 1.426672000000000082e+02
1.669000000000000128e+01 9.020585000000000409e-02 1.480637999999999863e+02
1.669000000000000128e+01 1.352297000000000082e-01 1.908308000000000106e+02
1.669000000000000128e+01 2.038964000000000054e-01 2.364829000000000008e+02
1.669000000000000128e+01 3.056348999999999871e-01 2.923410000000000082e+02
1.669000000000000128e+01 4.586450999999999723e-01 3.679515000000000100e+02
1.669000000000000128e+01 6.883943999999999619e-01 5.057697000000000003e+02
1.669000000000000128e+01 1.032767999999999908e+00 7.630789999999999509e+02
1.669000000000000128e+01 1.549323000000000006e+00 1.235645999999999958e+03
1.669000000000000128e+01 2.237315999999999860e+00 1.620489000000000033e+03
1.669000000000000128e+01 2.922752000000000017e+00 1.560597999999999956e+03
1.757000000000000028e+01 2.628257999999999983e-02 8.831947999999999865e+01
1.757000000000000028e+01 4.415427999999999714e-02 1.302429999999999950e+02
1.757000000000000028e+01 6.232185999999999976e-02 1.889866000000000099e+02
1.757000000000000028e+01 9.020585000000000409e-02 1.852163999999999930e+02
1.757000000000000028e+01 1.352297000000000082e-01 2.153540000000000134e+02
1.757000000000000028e+01 2.038964000000000054e-01 2.319361000000000104e+02
1.757000000000000028e+01 3.056348999999999871e-01 2.359926000000000101e+02
1.757000000000000028e+01 4.586450999999999723e-01 2.488898000000000081e+02
1.757000000000000028e+01 6.883943999999999619e-01 3.015052000000000021e+02
1.757000000000000028e+01 1.032767999999999908e+00 4.380552000000000135e+02
1.757000000000000028e+01 1.549323000000000006e+00 7.056761000000000195e+02
1.757000000000000028e+01 2.237315999999999860e+00 9.151695999999999458e+02
1.757000000000000028e+01 2.922752000000000017e+00 8.813250000000000455e+02
1.850000000000000000e+01 2.628257999999999983e-02 7.851273000000000479e+01
1.850000000000000000e+01 4.415427999999999714e-02 1.184389999999999930e+02
1.850000000000000000e+01 6.232185999999999976e-02 1.671180999999999983e+02
1.850000000000000000e+01 9.020585000000000409e-02 1.623728999999999871e+02
1.850000000000000000e+01 1.352297000000000082e-01 1.837831999999999937e+02
1.850000000000000000e+01 2.038964000000000054e-01 1.877603000000000009e+02
1.850000000000000000e+01 3.056348999999999871e-01 1.691065000000000111e+02
1.850000000000000000e+01 4.586450999999999723e-01 1.522860000000000014e+02
1.850000000000000000e+01 6.883943999999999619e-01 1.518916000000000111e+02
1.850000000000000000e+01 1.032767999999999908e+00 1.954021999999999935e+02
1.850000000000000000e+01 1.549323000000000006e+00 3.040591999999999757e+02
1.850000000000000000e+01 2.237315999999999860e+00 3.902624999999999886e+02
1.850000000000000000e+01 2.922752000000000017e+00 3.780817000000000121e+02
1.948000000000000043e+01 2.628257999999999983e-02 3.957983000000000118e+01
1.948000000000000043e+01 4.415427999999999714e-02 6.272146000000000043e+01
1.948000000000000043e+01 6.232185999999999976e-02 9.056443000000000154e+01
1.948000000000000043e+01 9.020585000000000409e-02 9.153319999999999368e+01
1.948000000000000043e+01 1.352297000000000082e-01 1.078307999999999964e+02
1.948000000000000043e+01 2.038964000000000054e-01 1.136938999999999993e+02
1.948000000000000043e+01 3.056348999999999871e-01 1.008653999999999940e+02
1.948000000000000043e+01 4.586450999999999723e-01 8.590896999999999650e+01
1.948000000000000043e+01 6.883943999999999619e-01 7.152209000000000572e+01
1.948000000000000043e+01 1.032767999999999908e+00 7.241777000000000442e+01
1.948000000000000043e+01 1.549323000000000006e+00 1.005387999999999948e+02
1.948000000000000043e+01 2.237315999999999860e+00 1.260057999999999936e+02
1.948000000000000043e+01 2.922752000000000017e+00 1.245478999999999985e+02
2.050000000000000000e+01 2.628257999999999983e-02 1.177923999999999971e+01
2.050000000000000000e+01 4.415427999999999714e-02 1.995550000000000068e+01
2.050000000000000000e+01 6.232185999999999976e-02 3.035483999999999938e+01
2.050000000000000000e+01 9.020585000000000409e-02 3.303401000000000209e+01
2.050000000000000000e+01 1.352297000000000082e-01 4.240673999999999921e+01
2.050000000000000000e+01 2.038964000000000054e-01 4.905194999999999794e+01
2.050000000000000000e+01 3.056348999999999871e-01 4.720904000000000167e+01
2.050000000000000000e+01 4.586450999999999723e-01 4.289712999999999710e+01
2.050000000000000000e+01 6.883943999999999619e-01 3.441725999999999885e+01
2.050000000000000000e+01 1.032767999999999908e+00 2.759037000000000006e+01
2.050000000000000000e+01 1.549323000000000006e+00 3.033267000000000024e+01
2.050000000000000000e+01 2.237315999999999860e+00 3.613069999999999737e+01
2.050000000000000000e+01 2.922752000000000017e+00 3.739330000000000354e+01
2.157999999999999829e+01 2.628257999999999983e-02 2.326258999999999855e+00
2.157999999999999829e+01 4.415427999999999714e-02 4.243085999999999913e+00
2.157999999999999829e+01 6.232185999999999976e-02 6.922634999999999650e+00
2.157999999999999829e+01 9.020585000000000409e-02 8.264485999999999777e+00
2.157999999999999829e+01 1.352297000000000082e-01 1.189832999999999963e+01
2.157999999999999829e+01 2.038964000000000054e-01 1.570933999999999919e+01
2.157999999999999829e+01 3.056348999999999871e-01 1.756481000000000137e+01
2.157999999999999829e+01 4.586450999999999723e-01 1.850450999999999979e+01
2.157999999999999829e+01 6.883943999999999619e-01 1.656677000000000177e+01
2.157999999999999829e+01 1.032767999999999908e+00 1.262181999999999960e+01
2.157999999999999829e+01 1.549323000000000006e+00 1.103369000000000000e+01
2.157999999999999829e+01 2.237315999999999860e+00 1.234092000000000056e+01
2.157999999999999829e+01 2.922752000000000017e+00 1.369023999999999930e+01
2.271000000000000085e+01 2.628257999999999983e-02 3.492698000000000191e-01
2.271000000000000085e+01 4.415427999999999714e-02 6.880233999999999517e-01
2.271000000000000085e+01 6.232185999999999976e-02 1.214132999999999907e+00
2.271000000000000085e+01 9.020585000000000409e-02 1.592584999999999917e+00
2.271000000000000085e+01 1.352297000000000082e-01 2.601758999999999933e+00
2.271000000000000085e+01 2.038964000000000054e-01 3.987274000000000207e+00
2.271000000000000085e+01 3.056348999999999871e-01 5.352362000000000286e+00
2.271000000000000085e+01 4.586450999999999723e-01 6.804847999999999786e+00
2.271000000000000085e+01 6.883943999999999619e-01 7.294686999999999699e+00
2.271000000000000085e+01 1.032767999999999908e+00 6.211617999999999640e+00
2.271000000000000085e+01 1.549323000000000006e+00 4.988989000000000118e+00
2.271000000000000085e+01 2.237315999999999860e+00 5.452637000000000178e+00
2.271000000000000085e+01 2.922752000000000017e+00 6.307085999999999970e+00
2.389000000000000057e+01 2.628257999999999983e-02 4.851731000000000099e-02
2.389000000000000057e+01 4.415427999999999714e-02 1.046528999999999932e-01
2.389000000000000057e+01 6.232185999999999976e-02 1.987568999999999864e-01
2.389000000000000057e+01 9.020585000000000409e-02 2.811451999999999840e-01
2.389000000000000057e+01 1.352297000000000082e-01 5.100662999999999725e-01
2.389000000000000057e+01 2.038964000000000054e-01 8.838703999999999450e-01
2.389000000000000057e+01 3.056348999999999871e-01 1.396304999999999907e+00
2.389000000000000057e+01 4.586450999999999723e-01 2.149307999999999996e+00
2.389000000000000057e+01 6.883943999999999619e-01 2.853903999999999996e+00
2.389000000000000057e+01 1.032767999999999908e+00 2.974329000000000001e+00
2.389000000000000057e+01 1.549323000000000006e+00 2.514765000000000139e+00
2.389000000000000057e+01 2.237315999999999860e+00 2.771304000000000212e+00
2.389000000000000057e+01 2.922752000000000017e+00 3.151870999999999867e+00
2.514000000000000057e+01 2.628257999999999983e-02 9.553346000000000754e-03
2.514000000000000057e+01 4.415427999999999714e-02 2.286764000000000158e-02
2.514000000000000057e+01 6.232185999999999976e-02 4.565770000000000245e-02
2.514000000000000057e+01 9.020585000000000409e-02 6.712450000000000361e-02
2.514000000000000057e+01 1.352297000000000082e-01 1.253973999999999922e-01
2.514000000000000057e+01 2.038964000000000054e-01 2.263685000000000003e-01
2.514000000000000057e+01 3.056348999999999871e-01 3.879794999999999772e-01
2.514000000000000057e+01 4.586450999999999723e-01 6.763721999999999790e-01
2.514000000000000057e+01 6.883943999999999619e-01 1.076291000000000109e+00
2.514000000000000057e+01 1.032767999999999908e+00 1.383304000000000089e+00
2.514000000000000057e+01 1.549323000000000006e+00 1.334586999999999968e+00
2.514000000000000057e+01 2.237315999999999860e+00 1.480955000000000021e+00
2.514000000000000057e+01 2.922752000000000017e+00 1.762429000000000023e+00
2.644000000000000128e+01 2.628257999999999983e-02 4.846480000000000232e-03
2.644000000000000128e+01 4.415427999999999714e-02 1.224760000000000085e-02
2.644000000000000128e+01 6.232185999999999976e-02 2.573272999999999880e-02
2.644000000000000128e+01 9.020585000000000409e-02 3.820712999999999887e-02
2.644000000000000128e+01 1.352297000000000082e-01 6.894242999999999899e-02
2.644000000000000128e+01 2.038964000000000054e-01 1.170389000000000013e-01
2.644000000000000128e+01 3.056348999999999871e-01 1.895775000000000099e-01
2.644000000000000128e+01 4.586450999999999723e-01 3.124887000000000081e-01
2.644000000000000128e+01 6.883943999999999619e-01 5.074127000000000498e-01
2.644000000000000128e+01 1.032767999999999908e+00 7.258769000000000471e-01
2.644000000000000128e+01 1.549323000000000006e+00 8.071663000000000032e-01
2.644000000000000128e+01 2.237315999999999860e+00 8.956239000000000283e-01
2.644000000000000128e+01 2.922752000000000017e+00 1.097528000000000059e+00
2.782000000000000028e+01 2.628257999999999983e-02 5.237201999999999830e-03
2.782000000000000028e+01 4.415427999999999714e-02 1.328340000000000076e-02
2.782000000000000028e+01 6.232185999999999976e-02 2.923233999999999902e-02
2.782000000000000028e+01 9.020585000000000409e-02 4.340581000000000300e-02
2.782000000000000028e+01 1.352297000000000082e-01 7.809425000000000394e-02
2.782000000000000028e+01 2.038964000000000054e-01 1.273934999999999929e-01
2.782000000000000028e+01 3.056348999999999871e-01 1.951219999999999899e-01
2.782000000000000028e+01 4.586450999999999723e-01 2.878523000000000054e-01
2.782000000000000028e+01 6.883943999999999619e-01 4.201361000000000123e-01
2.782000000000000028e+01 1.032767999999999908e+00 5.675255999999999634e-01
2.782000000000000028e+01 1.549323000000000006e+00 6.697769999999999557e-01
2.782000000000000028e+01 2.237315999999999860e+00 7.576418999999999793e-01
2.782000000000000028e+01 2.922752000000000017e+00 8.646074000000000259e-01
2.926000000000000156e+01 2.628257999999999983e-02 7.113462000000000084e-03
2.926000000000000156e+01 4.415427999999999714e-02 1.796628999999999934e-02
2.926000000000000156e+01 6.232185999999999976e-02 4.036726999999999677e-02
2.926000000000000156e+01 9.020585000000000409e-02 5.967622999999999678e-02
2.926000000000000156e+01 1.352297000000000082e-01 1.078054999999999986e-01
2.926000000000000156e+01 2.038964000000000054e-01 1.739341000000000081e-01
2.926000000000000156e+01 3.056348999999999871e-01 2.628508999999999984e-01
2.926000000000000156e+01 4.586450999999999723e-01 3.742249000000000270e-01
2.926000000000000156e+01 6.883943999999999619e-01 5.171031999999999851e-01
2.926000000000000156e+01 1.032767999999999908e+00 6.535634999999999639e-01
2.926000000000000156e+01 1.549323000000000006e+00 7.630694000000000088e-01
2.926000000000000156e+01 2.237315999999999860e+00 8.861894000000000160e-01
2.926000000000000156e+01 2.922752000000000017e+00 9.971276000000000028e-01
3.076999999999999957e+01 2.628257999999999983e-02 2.357393000000000072e+00
3.076999999999999957e+01 4.415427999999999714e-02 5.893848000000000198e+00
3.076999999999999957e+01 6.232185999999999976e-02 1.614533000000000129e+01
3.076999999999999957e+01 9.020585000000000409e-02 2.317364999999999853e+01
3.076999999999999957e+01 1.352297000000000082e-01 4.262447000000000230e+01
3.076999999999999957e+01 2.038964000000000054e-01 6.960497999999999763e+01
3.076999999999999957e+01 3.056348999999999871e-01 1.105664000000000016e+02
3.076999999999999957e+01 4.586450999999999723e-01 1.794471000000000060e+02
3.076999999999999957e+01 6.883943999999999619e-01 2.991646000000000072e+02
3.076999999999999957e+01 1.032767999999999908e+00 4.600203000000000202e+02
3.076999999999999957e+01 1.549323000000000006e+00 6.681588000000000420e+02
3.076999999999999957e+01 2.237315999999999860e+00 9.348011999999999944e+02
3.076999999999999957e+01 2.922752000000000017e+00 1.177471999999999980e+03
3.235999999999999943e+01 2.628257999999999983e-02 2.103674999999999962e+00
3.235999999999999943e+01 4.415427999999999714e-02 5.276526999999999745e+00
3.235999999999999943e+01 6.232185999999999976e-02 1.434631000000000078e+01
3.235999999999999943e+01 9.020585000000000409e-02 2.051275000000000048e+01
3.235999999999999943e+01 1.352297000000000082e-01 3.781329000000000207e+01
3.235999999999999943e+01 2.038964000000000054e-01 6.198879999999999768e+01
3.235999999999999943e+01 3.056348999999999871e-01 9.933499000000000478e+01
3.235999999999999943e+01 4.586450999999999723e-01 1.627740000000000009e+02
3.235999999999999943e+01 6.883943999999999619e-01 2.688292000000000144e+02
3.235999999999999943e+01 1.032767999999999908e+00 4.074816000000000145e+02
3.235999999999999943e+01 1.549323000000000006e+00 5.890540999999999485e+02
3.235999999999999943e+01 2.237315999999999860e+00 8.313594000000000506e+02
3.235999999999999943e+01 2.922752000000000017e+00 1.074883000000000038e+03
3.403000000000000114e+01 2.628257999999999983e-02 1.889259000000000022e+00
3.403000000000000114e+01 4.415427999999999714e-02 4.731662000000000035e+00
3.403000000000000114e+01 6.232185999999999976e-02 1.279912999999999990e+01
3.403000000000000114e+01 9.020585000000000409e-02 1.820947999999999922e+01
3.403000000000000114e+01 1.352297000000000082e-01 3.360452999999999690e+01
3.403000000000000114e+01 2.038964000000000054e-01 5.536101000000000028e+01
3.403000000000000114e+01 3.056348999999999871e-01 8.959251000000000431e+01
3.403000000000000114e+01 4.586450999999999723e-01 1.474892000000000110e+02
3.403000000000000114e+01 6.883943999999999619e-01 2.404625000000000057e+02
3.403000000000000114e+01 1.032767999999999908e+00 3.590708999999999946e+02
3.403000000000000114e+01 1.549323000000000006e+00 5.171081000000000358e+02
3.403000000000000114e+01 2.237315999999999860e+00 7.372519999999999527e+02
3.403000000000000114e+01 2.922752000000000017e+00 9.712414999999999736e+02
6.000000000000000000e+00 2.628257999999999983e-02 7.876959000000000044e-01
6.000000000000000000e+00 4.415427999999999714e-02 2.031397999999999815e+00
6.000000000000000000e+00 6.232185999999999976e-02 3.672381000000000117e+00
6.000000000000000000e+00 9.020585000000000409e-02 6.623605999999999661e+00
6.000000000000000000e+00 1.352297000000000082e-01 1.094032999999999944e+01
6.000000000000000000e+00 2.038964000000000054e-01 7.589362000000000386e+00
6.000000000000000000e+00 3.056348999999999871e-01 6.325542000000000442e+00
6.000000000000000000e+00 4.586450999999999723e-01 5.251465999999999745e+00
6.000000000000000000e+00 6.883943999999999619e-01 4.948065999999999853e+00
6.000000000000000000e+00 1.032767999999999908e+00 5.066667999999999950e+00
6.000000000000000000e+00 1.549323000000000006e+00 5.920917000000000208e+00
6.000000000000000000e+00 2.237315999999999860e+00 8.872246999999999773e+00
6.000000000000000000e+00 2.922752000000000017e+00 1.389356000000000080e+01
6.349999999999999645e+00 2.628257999999999983e-02 1.270979999999999999e+00
6.349999999999999645e+00 4.415427999999999714e-02 3.257566999999999879e+00
6.349999999999999645e+00 6.232185999999999976e-02 6.103843000000000352e+00
6.349999999999999645e+00 9.020585000000000409e-02 1.071221000000000068e+01
6.349999999999999645e+00 1.352297000000000082e-01 1.778849999999999909e+01
6.349999999999999645e+00 2.038964000000000054e-01 1.227035000000000053e+01
6.349999999999999645e+00 3.056348999999999871e-01 1.026102000000000025e+01
6.349999999999999645e+00 4.586450999999999723e-01 8.890620999999999441e+00
6.349999999999999645e+00 6.883943999999999619e-01 8.407161000000000328e+00
6.349999999999999645e+00 1.032767999999999908e+00 8.692669000000000423e+00
6.349999999999999645e+00 1.549323000000000006e+00 1.016536999999999935e+01
6.349999999999999645e+00 2.237315999999999860e+00 1.530597999999999992e+01
6.349999999999999645e+00 2.922752000000000017e+00 2.402343000000000117e+01
6.719999999999999751e+00 2.628257999999999983e-02 1.641237000000000057e+00
6.719999999999999751e+00 4.415427999999999714e-02 4.232746999999999815e+00
6.719999999999999751e+00 6.232185999999999976e-02 8.101124999999999687e+00
6.719999999999999751e+00 9.020585000000000409e-02 1.380206000000000088e+01
6.719999999999999751e+00 1.352297000000000082e-01 2.403885999999999967e+01
6.719999999999999751e+00 2.038964000000000054e-01 1.831053999999999959e+01
6.719999999999999751e+00 3.056348999999999871e-01 1.493135000000000012e+01
6.719999999999999751e+00 4.586450999999999723e-01 1.309700999999999915e+01
6.719999999999999751e+00 6.883943999999999619e-01 1.272169000000000061e+01
6.719999999999999751e+00 1.032767999999999908e+00 1.334498999999999924e+01
6.719999999999999751e+00 1.549323000000000006e+00 1.563967000000000063e+01
6.719999999999999751e+00 2.237315999999999860e+00 2.365568999999999988e+01
6.719999999999999751e+00 2.922752000000000017e+00 3.699432999999999794e+01
7.099999999999999645e+00 2.628257999999999983e-02 1.528968000000000105e+00
7.099999999999999645e+00 4.415427999999999714e-02 4.449313000000000073e+00
7.099999999999999645e+00 6.232185999999999976e-02 8.839437000000000211e+00
7.099999999999999645e+00 9.020585000000000409e-02 1.471205999999999925e+01
7.099999999999999645e+00 1.352297000000000082e-01 2.628553000000000139e+01
7.099999999999999645e+00 2.038964000000000054e-01 2.307392000000000110e+01
7.099999999999999645e+00 3.056348999999999871e-01 1.888917000000000002e+01
7.099999999999999645e+00 4.586450999999999723e-01 1.708952000000000027e+01
7.099999999999999645e+00 6.883943999999999619e-01 1.700544999999999973e+01
7.099999999999999645e+00 1.032767999999999908e+00 1.812397999999999954e+01
7.099999999999999645e+00 1.549323000000000006e+00 2.137744000000000000e+01
7.099999999999999645e+00 2.237315999999999860e+00 3.232939999999999969e+01
7.099999999999999645e+00 2.922752000000000017e+00 5.044503999999999877e+01
7.509999999999999787e+00 2.628257999999999983e-02 1.070653000000000077e+00
7.509999999999999787e+00 4.415427999999999714e-02 3.594529000000000085e+00
7.509999999999999787e+00 6.232185999999999976e-02 7.579359000000000179e+00
7.509999999999999787e+00 9.020585000000000409e-02 1.243890999999999991e+01
7.509999999999999787e+00 1.352297000000000082e-01 2.355219999999999914e+01
7.509999999999999787e+00 2.038964000000000054e-01 2.437323999999999913e+01
7.509999999999999787e+00 3.056348999999999871e-01 2.113860999999999990e+01
7.509999999999999787e+00 4.586450999999999723e-01 1.987891000000000119e+01
7.509999999999999787e+00 6.883943999999999619e-01 2.013446000000000069e+01
7.509999999999999787e+00 1.032767999999999908e+00 2.184807999999999950e+01
7.509999999999999787e+00 1.549323000000000006e+00 2.587406999999999968e+01
7.509999999999999787e+00 2.237315999999999860e+00 3.918023999999999774e+01
7.509999999999999787e+00 2.922752000000000017e+00 6.087440999999999747e+01
7.929999999999999716e+00 2.628257999999999983e-02 4.628794999999999993e-01
7.929999999999999716e+00 4.415427999999999714e-02 2.097148999999999930e+00
7.929999999999999716e+00 6.232185999999999976e-02 4.516326000000000285e+00
7.929999999999999716e+00 9.020585000000000409e-02 7.929828999999999795e+00
7.929999999999999716e+00 1.352297000000000082e-01 1.698181999999999903e+01
7.929999999999999716e+00 2.038964000000000054e-01 2.136545999999999879e+01
7.929999999999999716e+00 3.056348999999999871e-01 2.024120999999999881e+01
7.929999999999999716e+00 4.586450999999999723e-01 2.021009000000000100e+01
7.929999999999999716e+00 6.883943999999999619e-01 2.116294999999999860e+01
7.929999999999999716e+00 1.032767999999999908e+00 2.323252000000000095e+01
7.929999999999999716e+00 1.549323000000000006e+00 2.768768000000000029e+01
7.929999999999999716e+00 2.237315999999999860e+00 4.198955999999999733e+01
7.929999999999999716e+00 2.922752000000000017e+00 6.516282999999999959e+01
8.380000000000000782e+00 2.628257999999999983e-02 6.972034000000000564e-02
8.380000000000000782e+00 4.415427999999999714e-02 6.446053000000000477e-01
8.380000000000000782e+00 6.232185999999999976e-02 1.611135999999999902e+00
8.380000000000000782e+00 9.020585000000000409e-02 3.565817000000000014e+00
8.380000000000000782e+00 1.352297000000000082e-01 9.206618999999999886e+00
8.380000000000000782e+00 2.038964000000000054e-01 1.505436000000000085e+01
8.380000000000000782e+00 3.056348999999999871e-01 1.637750000000000128e+01
8.380000000000000782e+00 4.586450999999999723e-01 1.759954000000000107e+01
8.380000000000000782e+00 6.883943999999999619e-01 1.919329000000000107e+01
8.380000000000000782e+00 1.032767999999999908e+00 2.141402000000000072e+01
8.380000000000000782e+00 1.549323000000000006e+00 2.577404999999999902e+01
8.380000000000000782e+00 2.237315999999999860e+00 3.899810000000000088e+01
8.380000000000000782e+00 2.922752000000000017e+00 5.975157000000000096e+01
8.849999999999999645e+00 2.628257999999999983e-02 4.867954999999999921e-01
8.849999999999999645e+00 4.415427999999999714e-02 5.114975999999999967e-01
8.849999999999999645e+00 6.232185999999999976e-02 6.108276999999999735e-01
8.849999999999999645e+00 9.020585000000000409e-02 1.315104999999999968e+00
8.849999999999999645e+00 1.352297000000000082e-01 3.681510999999999978e+00
8.849999999999999645e+00 2.038964000000000054e-01 7.986199000000000048e+00
8.849999999999999645e+00 3.056348999999999871e-01 1.052040000000000042e+01
8.849999999999999645e+00 4.586450999999999723e-01 1.246498000000000062e+01
8.849999999999999645e+00 6.883943999999999619e-01 1.409359000000000073e+01
8.849999999999999645e+00 1.032767999999999908e+00 1.605906999999999840e+01
8.849999999999999645e+00 1.549323000000000006e+00 1.947169999999999845e+01
8.849999999999999645e+00 2.237315999999999860e+00 2.961940999999999846e+01
8.849999999999999645e+00 2.922752000000000017e+00 4.512977000000000061e+01
9.339999999999999858e+00 2.628257999999999983e-02 2.829077999999999982e+00
9.339999999999999858e+00 4.415427999999999714e-02 3.419691999999999954e+00
9.339999999999999858e+00 6.232185999999999976e-02 3.218748000000000165e+00
9.339999999999999858e+00 9.020585000000000409e-02 2.422922999999999938e+00
9.339999999999999858e+00 1.352297000000000082e-01 2.136887000000000203e+00
9.339999999999999858e+00 2.038964000000000054e-01 3.270576999999999845e+00
9.339999999999999858e+00 3.056348999999999871e-01 4.978297999999999668e+00
9.339999999999999858e+00 4.586450999999999723e-01 6.326318999999999804e+00
9.339999999999999858e+00 6.883943999999999619e-01 7.352680999999999578e+00
9.339999999999999858e+00 1.032767999999999908e+00 8.433638999999999442e+00
9.339999999999999858e+00 1.549323000000000006e+00 1.022104999999999997e+01
9.339999999999999858e+00 2.237315999999999860e+00 1.572170000000000023e+01
9.339999999999999858e+00 2.922752000000000017e+00 2.431408000000000058e+01
9.859999999999999432e+00 2.628257999999999983e-02 8.972143000000000868e+00
9.859999999999999432e+00 4.415427999999999714e-02 1.240267000000000053e+01
9.859999999999999432e+00 6.232185999999999976e-02 1.238812000000000069e+01
9.859999999999999432e+00 9.020585000000000409e-02 8.667673000000000627e+00
9.859999999999999432e+00 1.352297000000000082e-01 5.254633000000000109e+00
9.859999999999999432e+00 2.038964000000000054e-01 2.955582999999999849e+00
9.859999999999999432e+00 3.056348999999999871e-01 2.370934999999999793e+00
9.859999999999999432e+00 4.586450999999999723e-01 2.471397000000000066e+00
9.859999999999999432e+00 6.883943999999999619e-01 2.680889000000000078e+00
9.859999999999999432e+00 1.032767999999999908e+00 2.978634000000000004e+00
9.859999999999999432e+00 1.549323000000000006e+00 3.726912000000000003e+00
9.859999999999999432e+00 2.237315999999999860e+00 5.848226000000000369e+00
9.859999999999999432e+00 2.922752000000000017e+00 9.001391999999999172e+00
