1.040000000000000036e+01 2.628257999999999983e-02 1.538967999999999892e+00
1.040000000000000036e+01 4.415427999999999714e-02 3.460091999999999945e+00
1.040000000000000036e+01 6.232185999999999976e-02 4.631668999999999592e+00
1.040000000000000036e+01 9.020585000000000409e-02 6.067334999999999923e+00
1.040000000000000036e+01 1.352297000000000082e-01 1.073420999999999914e+01
1.040000000000000036e+01 2.038964000000000054e-01 1.854995999999999867e+01
1.040000000000000036e+01 3.056348999999999871e-01 2.543378999999999834e+01
1.040000000000000036e+01 4.586450999999999723e-01 3.169206000000000145e+01
1.040000000000000036e+01 6.883943999999999619e-01 3.726397000000000048e+01
1.040000000000000036e+01 1.032767999999999908e+00 4.464218000000000330e+01
1.040000000000000036e+01 1.549323000000000006e+00 6.017705999999999733e+01
1.040000000000000036e+01 2.237315999999999860e+00 9.365816999999999837e+01
1.040000000000000036e+01 2.922752000000000017e+00 1.326642999999999972e+02
1.097000000000000064e+01 2.628257999999999983e-02 6.254026999999999781e-01
1.097000000000000064e+01 4.415427999999999714e-02 1.572500000000000009e+00
1.097000000000000064e+01 6.232185999999999976e-02 2.271390999999999938e+00
1.097000000000000064e+01 9.020585000000000409e-02 3.548794000000000004e+00
1.097000000000000064e+01 1.352297000000000082e-01 6.920700000000000074e+00
1.097000000000000064e+01 2.038964000000000054e-01 1.307136000000000031e+01
1.097000000000000064e+01 3.056348999999999871e-01 2.107609000000000066e+01
1.097000000000000064e+01 4.586450999999999723e-01 3.086837999999999838e+01
1.097000000000000064e+01 6.883943999999999619e-01 3.965742999999999796e+01
1.097000000000000064e+01 1.032767999999999908e+00 5.015836000000000183e+01
1.097000000000000064e+01 1.549323000000000006e+00 7.065827000000000169e+01
1.097000000000000064e+01 2.237315999999999860e+00 1.101016999999999939e+02
1.097000000000000064e+01 2.922752000000000017e+00 1.506474000000000046e+02
1.157000000000000028e+01 2.628257999999999983e-02 1.335807999999999995e-01
1.157000000000000028e+01 4.415427999999999714e-02 4.852169000000000065e-01
1.157000000000000028e+01 6.232185999999999976e-02 9.899651999999999896e-01
1.157000000000000028e+01 9.020585000000000409e-02 2.032344999999999846e+00
1.157000000000000028e+01 1.352297000000000082e-01 4.540231000000000350e+00
1.157000000000000028e+01 2.038964000000000054e-01 9.141484999999999417e+00
1.157000000000000028e+01 3.056348999999999871e-01 1.667873000000000161e+01
1.157000000000000028e+01 4.586450999999999723e-01 2.742044999999999888e+01
1.157000000000000028e+01 6.883943999999999619e-01 3.848084000000000060e+01
1.157000000000000028e+01 1.032767999999999908e+00 5.126586000000000354e+01
1.157000000000000028e+01 1.549323000000000006e+00 7.558753000000000100e+01
1.157000000000000028e+01 2.237315999999999860e+00 1.179291000000000054e+02
1.157000000000000028e+01 2.922752000000000017e+00 1.553885999999999967e+02
1.219999999999999929e+01 2.628257999999999983e-02 7.859053000000000566e-02
1.219999999999999929e+01 4.415427999999999714e-02 2.105872000000000022e-01
1.219999999999999929e+01 6.232185999999999976e-02 9.028135000000000465e-01
1.219999999999999929e+01 9.020585000000000409e-02 1.683086000000000082e+00
1.219999999999999929e+01 1.352297000000000082e-01 3.720768000000000075e+00
1.219999999999999929e+01 2.038964000000000054e-01 7.224344000000000321e+00
1.219999999999999929e+01 3.056348999999999871e-01 1.361609999999999943e+01
1.219999999999999929e+01 4.586450999999999723e-01 2.325148000000000081e+01
1.219999999999999929e+01 6.883943999999999619e-01 3.476442000000000121e+01
1.219999999999999929e+01 1.032767999999999908e+00 4.873722000000000065e+01
1.219999999999999929e+01 1.549323000000000006e+00 7.433440000000000225e+01
1.219999999999999929e+01 2.237315999999999860e+00 1.141954000000000065e+02
1.219999999999999929e+01 2.922752000000000017e+00 1.455377000000000010e+02
1.285999999999999943e+01 2.628257999999999983e-02 3.706447999999999965e-01
1.285999999999999943e+01 4.415427999999999714e-02 6.162830000000000252e-01
1.285999999999999943e+01 6.232185999999999976e-02 1.731543000000000054e+00
1.285999999999999943e+01 9.020585000000000409e-02 2.336192000000000046e+00
1.285999999999999943e+01 1.352297000000000082e-01 4.188329999999999664e+00
1.285999999999999943e+01 2.038964000000000054e-01 6.890822000000000003e+00
1.285999999999999943e+01 3.056348999999999871e-01 1.179072000000000031e+01
1.285999999999999943e+01 4.586450999999999723e-01 1.935819000000000045e+01
1.285999999999999943e+01 6.883943999999999619e-01 2.968661000000000172e+01
1.285999999999999943e+01 1.032767999999999908e+00 4.309049000000000262e+01
1.285999999999999943e+01 1.549323000000000006e+00 6.750535999999999603e+01
1.285999999999999943e+01 2.237315999999999860e+00 1.018847999999999985e+02
1.285999999999999943e+01 2.922752000000000017e+00 1.250995999999999952e+02
1.355000000000000071e+01 2.628257999999999983e-02 9.289635000000000531e-01
1.355000000000000071e+01 4.415427999999999714e-02 1.454660000000000064e+00
1.355000000000000071e+01 6.232185999999999976e-02 3.032614000000000143e+00
1.355000000000000071e+01 9.020585000000000409e-02 3.524379000000000151e+00
1.355000000000000071e+01 1.352297000000000082e-01 5.296291000000000082e+00
1.355000000000000071e+01 2.038964000000000054e-01 7.397658999999999985e+00
1.355000000000000071e+01 3.056348999999999871e-01 1.076512999999999920e+01
1.355000000000000071e+01 4.586450999999999723e-01 1.594089999999999918e+01
1.355000000000000071e+01 6.883943999999999619e-01 2.388325999999999993e+01
1.355000000000000071e+01 1.032767999999999908e+00 3.525943000000000183e+01
1.355000000000000071e+01 1.549323000000000006e+00 5.652745000000000175e+01
1.355000000000000071e+01 2.237315999999999860e+00 8.414253999999999678e+01
1.355000000000000071e+01 2.922752000000000017e+00 9.932949000000000694e+01
1.427999999999999936e+01 2.628257999999999983e-02 1.787244000000000055e+00
1.427999999999999936e+01 4.415427999999999714e-02 2.698100999999999861e+00
1.427999999999999936e+01 6.232185999999999976e-02 4.625077000000000105e+00
1.427999999999999936e+01 9.020585000000000409e-02 4.896207000000000420e+00
1.427999999999999936e+01 1.352297000000000082e-01 6.474985000000000213e+00
1.427999999999999936e+01 2.038964000000000054e-01 7.887334000000000067e+00
1.427999999999999936e+01 3.056348999999999871e-01 9.661300999999999917e+00
1.427999999999999936e+01 4.586450999999999723e-01 1.235701000000000072e+01
1.427999999999999936e+01 6.883943999999999619e-01 1.731261999999999901e+01
1.427999999999999936e+01 1.032767999999999908e+00 2.545814999999999984e+01
1.427999999999999936e+01 1.549323000000000006e+00 4.123969999999999914e+01
1.427999999999999936e+01 2.237315999999999860e+00 6.018874999999999886e+01
1.427999999999999936e+01 2.922752000000000017e+00 6.973978999999999928e+01
1.505000000000000071e+01 2.628257999999999983e-02 2.359855000000000036e+00
1.505000000000000071e+01 4.415427999999999714e-02 3.517771999999999899e+00
1.505000000000000071e+01 6.232185999999999976e-02 5.502976000000000312e+00
1.505000000000000071e+01 9.020585000000000409e-02 5.576292999999999722e+00
1.505000000000000071e+01 1.352297000000000082e-01 6.892195000000000071e+00
1.505000000000000071e+01 2.038964000000000054e-01 7.766040000000000276e+00
1.505000000000000071e+01 3.056348999999999871e-01 8.300789999999999225e+00
1.505000000000000071e+01 4.586450999999999723e-01 9.183562999999999477e+00
1.505000000000000071e+01 6.883943999999999619e-01 1.156560999999999950e+01
1.505000000000000071e+01 1.032767999999999908e+00 1.665005999999999986e+01
1.505000000000000071e+01 1.549323000000000006e+00 2.703859999999999886e+01
1.505000000000000071e+01 2.237315999999999860e+00 3.836325999999999681e+01
1.505000000000000071e+01 2.922752000000000017e+00 4.317573000000000150e+01
1.584999999999999964e+01 2.628257999999999983e-02 2.329911000000000065e+00
1.584999999999999964e+01 4.415427999999999714e-02 3.490286000000000222e+00
1.584999999999999964e+01 6.232185999999999976e-02 5.211903999999999648e+00
1.584999999999999964e+01 9.020585000000000409e-02 5.218372999999999706e+00
1.584999999999999964e+01 1.352297000000000082e-01 6.249558999999999642e+00
1.584999999999999964e+01 2.038964000000000054e-01 6.777925999999999895e+00
1.584999999999999964e+01 3.056348999999999871e-01 6.569651999999999603e+00
1.584999999999999964e+01 4.586450999999999723e-01 6.409615999999999758e+00
1.584999999999999964e+01 6.883943999999999619e-01 6.966688000000000436e+00
1.584999999999999964e+01 1.032767999999999908e+00 9.353794000000000608e+00
1.584999999999999964e+01 1.549323000000000006e+00 1.510623000000000005e+01
1.584999999999999964e+01 2.237315999999999860e+00 2.125225000000000009e+01
1.584999999999999964e+01 2.922752000000000017e+00 2.331039000000000172e+01
1.669000000000000128e+01 2.628257999999999983e-02 1.629145000000000065e+00
1.669000000000000128e+01 4.415427999999999714e-02 2.488923000000000219e+00
1.669000000000000128e+01 6.232185999999999976e-02 3.684435000000000127e+00
1.669000000000000128e+01 9.020585000000000409e-02 3.737270999999999788e+00
1.669000000000000128e+01 1.352297000000000082e-01 4.509974999999999845e+00
1.669000000000000128e+01 2.038964000000000054e-01 4.942071000000000325e+00
1.669000000000000128e+01 3.056348999999999871e-01 4.665649000000000157e+00
1.669000000000000128e+01 4.586450999999999723e-01 4.261913999999999980e+00
1.669000000000000128e+01 6.883943999999999619e-01 3.975426000000000126e+00
1.669000000000000128e+01 1.032767999999999908e+00 4.639496000000000286e+00
1.669000000000000128e+01 1.549323000000000006e+00 7.111602999999999675e+00
1.669000000000000128e+01 2.237315999999999860e+00 9.931314999999999671e+00
1.669000000000000128e+01 2.922752000000000017e+00 1.092694999999999972e+01
1.757000000000000028e+01 2.628257999999999983e-02 7.933816000000000201e-01
1.757000000000000028e+01 4.415427999999999714e-02 1.267514999999999947e+00
1.757000000000000028e+01 6.232185999999999976e-02 1.923049999999999926e+00
1.757000000000000028e+01 9.020585000000000409e-02 2.064678999999999931e+00
1.757000000000000028e+01 1.352297000000000082e-01 2.653864000000000001e+00
1.757000000000000028e+01 2.038964000000000054e-01 3.113497000000000181e+00
1.757000000000000028e+01 3.056348999999999871e-01 3.129178000000000015e+00
1.757000000000000028e+01 4.586450999999999723e-01 3.044627999999999890e+00
1.757000000000000028e+01 6.883943999999999619e-01 2.751262999999999792e+00
1.757000000000000028e+01 1.032767999999999908e+00 2.592690000000000161e+00
1.757000000000000028e+01 1.549323000000000006e+00 3.212460999999999789e+00
1.757000000000000028e+01 2.237315999999999860e+00 3.955382000000000176e+00
1.757000000000000028e+01 2.922752000000000017e+00 3.890394999999999825e+00
1.850000000000000000e+01 2.628257999999999983e-02 2.860616000000000270e-01
1.850000000000000000e+01 4.415427999999999714e-02 4.837334999999999829e-01
1.850000000000000000e+01 6.232185999999999976e-02 7.655752999999999586e-01
1.850000000000000000e+01 9.020585000000000409e-02 8.686000000000000387e-01
1.850000000000000000e+01 1.352297000000000082e-01 1.190914999999999946e+00
1.850000000000000000e+01 2.038964000000000054e-01 1.500231000000000092e+00
1.850000000000000000e+01 3.056348999999999871e-01 1.619445999999999941e+00
1.850000000000000000e+01 4.586450999999999723e-01 1.688574000000000019e+00
1.850000000000000000e+01 6.883943999999999619e-01 1.570049999999999946e+00
1.850000000000000000e+01 1.032767999999999908e+00 1.361080000000000068e+00
1.850000000000000000e+01 1.549323000000000006e+00 1.445778000000000008e+00
1.850000000000000000e+01 2.237315999999999860e+00 1.700180999999999942e+00
1.850000000000000000e+01 2.922752000000000017e+00 1.731556000000000095e+00
1.948000000000000043e+01 2.628257999999999983e-02 8.390293000000000057e-02
1.948000000000000043e+01 4.415427999999999714e-02 1.524217999999999962e-01
1.948000000000000043e+01 6.232185999999999976e-02 2.562286999999999759e-01
1.948000000000000043e+01 9.020585000000000409e-02 3.099724999999999842e-01
1.948000000000000043e+01 1.352297000000000082e-01 4.590107999999999966e-01
1.948000000000000043e+01 2.038964000000000054e-01 6.313560999999999757e-01
1.948000000000000043e+01 3.056348999999999871e-01 7.522883999999999682e-01
1.948000000000000043e+01 4.586450999999999723e-01 8.680651000000000339e-01
1.948000000000000043e+01 6.883943999999999619e-01 8.825153999999999499e-01
1.948000000000000043e+01 1.032767999999999908e+00 7.759346999999999772e-01
1.948000000000000043e+01 1.549323000000000006e+00 7.382492000000000498e-01
1.948000000000000043e+01 2.237315999999999860e+00 8.291872000000000131e-01
1.948000000000000043e+01 2.922752000000000017e+00 8.739533999999999914e-01
2.050000000000000000e+01 2.628257999999999983e-02 2.317962000000000147e-02
2.050000000000000000e+01 4.415427999999999714e-02 4.606351999999999669e-02
2.050000000000000000e+01 6.232185999999999976e-02 8.327178000000000357e-02
2.050000000000000000e+01 9.020585000000000409e-02 1.070535999999999988e-01
2.050000000000000000e+01 1.352297000000000082e-01 1.700498000000000010e-01
2.050000000000000000e+01 2.038964000000000054e-01 2.530903999999999932e-01
2.050000000000000000e+01 3.056348999999999871e-01 3.316666999999999810e-01
2.050000000000000000e+01 4.586450999999999723e-01 4.243921999999999972e-01
2.050000000000000000e+01 6.883943999999999619e-01 4.855370999999999992e-01
2.050000000000000000e+01 1.032767999999999908e+00 4.703697000000000017e-01
2.050000000000000000e+01 1.549323000000000006e+00 4.370252000000000026e-01
2.050000000000000000e+01 2.237315999999999860e+00 4.734321000000000224e-01
2.050000000000000000e+01 2.922752000000000017e+00 5.033849999999999714e-01
2.157999999999999829e+01 2.628257999999999983e-02 7.855706999999999968e-03
2.157999999999999829e+01 4.415427999999999714e-02 1.726689000000000002e-02
2.157999999999999829e+01 6.232185999999999976e-02 3.401880999999999655e-02
2.157999999999999829e+01 9.020585000000000409e-02 4.614240000000000008e-02
2.157999999999999829e+01 1.352297000000000082e-01 7.722545000000000104e-02
2.157999999999999829e+01 2.038964000000000054e-01 1.207378000000000062e-01
2.157999999999999829e+01 3.056348999999999871e-01 1.694543000000000021e-01
2.157999999999999829e+01 4.586450999999999723e-01 2.330016000000000032e-01
2.157999999999999829e+01 6.883943999999999619e-01 2.964215000000000044e-01
2.157999999999999829e+01 1.032767999999999908e+00 3.237353000000000036e-01
2.157999999999999829e+01 1.549323000000000006e+00 3.166069000000000244e-01
2.157999999999999829e+01 2.237315999999999860e+00 3.374016000000000237e-01
2.157999999999999829e+01 2.922752000000000017e+00 3.475670000000000148e-01
2.271000000000000085e+01 2.628257999999999983e-02 4.185249000000000261e-03
2.271000000000000085e+01 4.415427999999999714e-02 9.971475999999999951e-03
2.271000000000000085e+01 6.232185999999999976e-02 2.129189999999999902e-02
2.271000000000000085e+01 9.020585000000000409e-02 3.026803000000000132e-02
2.271000000000000085e+01 1.352297000000000082e-01 5.254386999999999946e-02
2.271000000000000085e+01 2.038964000000000054e-01 8.372150999999999899e-02
2.271000000000000085e+01 3.056348999999999871e-01 1.215736000000000039e-01
2.271000000000000085e+01 4.586450999999999723e-01 1.701380000000000114e-01
2.271000000000000085e+01 6.883943999999999619e-01 2.278376000000000012e-01
2.271000000000000085e+01 1.032767999999999908e+00 2.709023999999999877e-01
2.271000000000000085e+01 1.549323000000000006e+00 2.866794999999999760e-01
2.271000000000000085e+01 2.237315999999999860e+00 3.083119000000000276e-01
2.271000000000000085e+01 2.922752000000000017e+00 3.176211999999999924e-01
2.389000000000000057e+01 2.628257999999999983e-02 3.481156000000000007e-03
2.389000000000000057e+01 4.415427999999999714e-02 8.629661000000000276e-03
2.389000000000000057e+01 6.232185999999999976e-02 1.939890000000000017e-02
2.389000000000000057e+01 9.020585000000000409e-02 2.831867999999999885e-02
2.389000000000000057e+01 1.352297000000000082e-01 5.038741000000000053e-02
2.389000000000000057e+01 2.038964000000000054e-01 8.065189999999999859e-02
2.389000000000000057e+01 3.056348999999999871e-01 1.187035000000000035e-01
2.389000000000000057e+01 4.586450999999999723e-01 1.651823000000000041e-01
2.389000000000000057e+01 6.883943999999999619e-01 2.233795000000000086e-01
2.389000000000000057e+01 1.032767999999999908e+00 2.743206000000000255e-01
2.389000000000000057e+01 1.549323000000000006e+00 3.066550000000000109e-01
2.389000000000000057e+01 2.237315999999999860e+00 3.373875000000000068e-01
2.389000000000000057e+01 2.922752000000000017e+00 3.572948000000000235e-01
2.514000000000000057e+01 2.628257999999999983e-02 3.725725999999999951e-03
2.514000000000000057e+01 4.415427999999999714e-02 9.348817000000000585e-03
2.514000000000000057e+01 6.232185999999999976e-02 2.150849000000000164e-02
2.514000000000000057e+01 9.020585000000000409e-02 3.164970999999999757e-02
2.514000000000000057e+01 1.352297000000000082e-01 5.702138000000000345e-02
2.514000000000000057e+01 2.038964000000000054e-01 9.143080000000000651e-02
2.514000000000000057e+01 3.056348999999999871e-01 1.355184999999999862e-01
2.514000000000000057e+01 4.586450999999999723e-01 1.884054000000000006e-01
2.514000000000000057e+01 6.883943999999999619e-01 2.559867000000000115e-01
2.514000000000000057e+01 1.032767999999999908e+00 3.172377000000000113e-01
2.514000000000000057e+01 1.549323000000000006e+00 3.631080999999999892e-01
2.514000000000000057e+01 2.237315999999999860e+00 4.117678000000000171e-01
2.514000000000000057e+01 2.922752000000000017e+00 4.483790000000000275e-01
2.644000000000000128e+01 2.628257999999999983e-02 4.301117000000000135e-03
2.644000000000000128e+01 4.415427999999999714e-02 1.081064999999999977e-02
2.644000000000000128e+01 6.232185999999999976e-02 2.507811000000000068e-02
2.644000000000000128e+01 9.020585000000000409e-02 3.695713999999999944e-02
2.644000000000000128e+01 1.352297000000000082e-01 6.677650000000000252e-02
2.644000000000000128e+01 2.038964000000000054e-01 1.071362000000000009e-01
2.644000000000000128e+01 3.056348999999999871e-01 1.596065999999999874e-01
2.644000000000000128e+01 4.586450999999999723e-01 2.230147000000000101e-01
2.644000000000000128e+01 6.883943999999999619e-01 3.051209999999999756e-01
2.644000000000000128e+01 1.032767999999999908e+00 3.803306000000000187e-01
2.644000000000000128e+01 1.549323000000000006e+00 4.384435999999999889e-01
2.644000000000000128e+01 2.237315999999999860e+00 5.089776000000000300e-01
2.644000000000000128e+01 2.922752000000000017e+00 5.707033000000000245e-01
2.782000000000000028e+01 2.628257999999999983e-02 5.109220000000000254e-03
2.782000000000000028e+01 4.415427999999999714e-02 1.284237000000000052e-02
2.782000000000000028e+01 6.232185999999999976e-02 2.992848999999999857e-02
2.782000000000000028e+01 9.020585000000000409e-02 4.402385999999999799e-02
2.782000000000000028e+01 1.352297000000000082e-01 7.969329999999999470e-02
2.782000000000000028e+01 2.038964000000000054e-01 1.278636999999999968e-01
2.782000000000000028e+01 3.056348999999999871e-01 1.914597000000000104e-01
2.782000000000000028e+01 4.586450999999999723e-01 2.695333999999999786e-01
2.782000000000000028e+01 6.883943999999999619e-01 3.722065999999999986e-01
2.782000000000000028e+01 1.032767999999999908e+00 4.664755999999999903e-01
2.782000000000000028e+01 1.549323000000000006e+00 5.440802000000000138e-01
2.782000000000000028e+01 2.237315999999999860e+00 6.434763000000000011e-01
2.782000000000000028e+01 2.922752000000000017e+00 7.358761999999999803e-01
2.926000000000000156e+01 2.628257999999999983e-02 6.028851000000000002e-03
2.926000000000000156e+01 4.415427999999999714e-02 1.516486000000000049e-02
2.926000000000000156e+01 6.232185999999999976e-02 3.537557000000000201e-02
2.926000000000000156e+01 9.020585000000000409e-02 5.192262999999999740e-02
2.926000000000000156e+01 1.352297000000000082e-01 9.416215000000000002e-02
2.926000000000000156e+01 2.038964000000000054e-01 1.509952999999999990e-01
2.926000000000000156e+01 3.056348999999999871e-01 2.273654999999999982e-01
2.926000000000000156e+01 4.586450999999999723e-01 3.229021000000000252e-01
2.926000000000000156e+01 6.883943999999999619e-01 4.485389000000000181e-01
2.926000000000000156e+01 1.032767999999999908e+00 5.657124999999999515e-01
2.926000000000000156e+01 1.549323000000000006e+00 6.686995999999999496e-01
2.926000000000000156e+01 2.237315999999999860e+00 8.055497999999999825e-01
2.926000000000000156e+01 2.922752000000000017e+00 9.458836999999999939e-01
3.076999999999999957e+01 2.628257999999999983e-02 1.475395999999999930e-01
3.076999999999999957e+01 4.415427999999999714e-02 3.687177999999999845e-01
3.076999999999999957e+01 6.232185999999999976e-02 1.031123000000000012e+00
3.076999999999999957e+01 9.020585000000000409e-02 1.476147000000000098e+00
3.076999999999999957e+01 1.352297000000000082e-01 2.721985999999999795e+00
3.076999999999999957e+01 2.038964000000000054e-01 4.459821999999999953e+00
3.076999999999999957e+01 3.056348999999999871e-01 7.144042999999999921e+00
3.076999999999999957e+01 4.586450999999999723e-01 1.180640000000000001e+01
3.076999999999999957e+01 6.883943999999999619e-01 2.010228000000000037e+01
3.076999999999999957e+01 1.032767999999999908e+00 3.149133000000000138e+01
3.076999999999999957e+01 1.549323000000000006e+00 4.641521000000000186e+01
3.076999999999999957e+01 2.237315999999999860e+00 6.543825999999999965e+01
3.076999999999999957e+01 2.922752000000000017e+00 8.262527000000000044e+01
3.235999999999999943e+01 2.628257999999999983e-02 1.405636000000000108e-01
3.235999999999999943e+01 4.415427999999999714e-02 3.523348000000000035e-01
3.235999999999999943e+01 6.232185999999999976e-02 9.711672999999999556e-01
3.235999999999999943e+01 9.020585000000000409e-02 1.385988999999999916e+00
3.235999999999999943e+01 1.352297000000000082e-01 2.559547999999999934e+00
3.235999999999999943e+01 2.038964000000000054e-01 4.206739999999999924e+00
3.235999999999999943e+01 3.056348999999999871e-01 6.783045000000000435e+00
3.235999999999999943e+01 4.586450999999999723e-01 1.125539999999999985e+01
3.235999999999999943e+01 6.883943999999999619e-01 1.884967999999999932e+01
3.235999999999999943e+01 1.032767999999999908e+00 2.893106999999999829e+01
3.235999999999999943e+01 1.549323000000000006e+00 4.224101999999999890e+01
3.235999999999999943e+01 2.237315999999999860e+00 5.994733999999999696e+01
3.235999999999999943e+01 2.922752000000000017e+00 7.765328999999999837e+01
3.403000000000000114e+01 2.628257999999999983e-02 1.357642000000000015e-01
3.403000000000000114e+01 4.415427999999999714e-02 3.399229999999999752e-01
3.403000000000000114e+01 6.232185999999999976e-02 9.240992000000000095e-01
3.403000000000000114e+01 9.020585000000000409e-02 1.313750999999999891e+00
3.403000000000000114e+01 1.352297000000000082e-01 2.426198999999999995e+00
3.403000000000000114e+01 2.038964000000000054e-01 4.001297000000000104e+00
3.403000000000000114e+01 3.056348999999999871e-01 6.492045000000000066e+00
3.403000000000000114e+01 4.586450999999999723e-01 1.073892999999999986e+01
3.403000000000000114e+01 6.883943999999999619e-01 1.759894999999999854e+01
3.403000000000000114e+01 1.032767999999999908e+00 2.640588999999999942e+01
3.403000000000000114e+01 1.549323000000000006e+00 3.817522999999999911e+01
3.403000000000000114e+01 2.237315999999999860e+00 5.454789000000000243e+01
3.403000000000000114e+01 2.922752000000000017e+00 7.191629000000000360e+01
6.000000000000000000e+00 2.628257999999999983e-02 9.266751999999999628e-03
6.000000000000000000e+00 4.415427999999999714e-02 3.949721999999999955e-02
6.000000000000000000e+00 6.232185999999999976e-02 8.819483999999999657e-02
6.000000000000000000e+00 9.020585000000000409e-02 1.442730999999999875e-01
6.000000000000000000e+00 1.352297000000000082e-01 3.279562999999999784e-01
6.000000000000000000e+00 2.038964000000000054e-01 3.181123000000000145e-01
6.000000000000000000e+00 3.056348999999999871e-01 2.260362999999999956e-01
6.000000000000000000e+00 4.586450999999999723e-01 1.878388000000000002e-01
6.000000000000000000e+00 6.883943999999999619e-01 1.758766999999999969e-01
6.000000000000000000e+00 1.032767999999999908e+00 1.756728999999999929e-01
6.000000000000000000e+00 1.549323000000000006e+00 2.083443000000000100e-01
6.000000000000000000e+00 2.237315999999999860e+00 3.040469000000000088e-01
6.000000000000000000e+00 2.922752000000000017e+00 4.771594000000000113e-01
6.349999999999999645e+00 2.628257999999999983e-02 3.708481000000000277e-02
6.349999999999999645e+00 4.415427999999999714e-02 1.325631999999999922e-01
6.349999999999999645e+00 6.232185999999999976e-02 2.561255000000000059e-01
6.349999999999999645e+00 9.020585000000000409e-02 4.332275999999999905e-01
6.349999999999999645e+00 1.352297000000000082e-01 8.032580000000000275e-01
6.349999999999999645e+00 2.038964000000000054e-01 7.186774999999999691e-01
6.349999999999999645e+00 3.056348999999999871e-01 5.303790000000000449e-01
6.349999999999999645e+00 4.586450999999999723e-01 4.403432999999999931e-01
6.349999999999999645e+00 6.883943999999999619e-01 4.047999999999999932e-01
6.349999999999999645e+00 1.032767999999999908e+00 4.171170000000000155e-01
6.349999999999999645e+00 1.549323000000000006e+00 4.829483999999999999e-01
6.349999999999999645e+00 2.237315999999999860e+00 7.075223999999999958e-01
6.349999999999999645e+00 2.922752000000000017e+00 1.094413999999999998e+00
6.719999999999999751e+00 2.628257999999999983e-02 6.998493999999999549e-02
6.719999999999999751e+00 4.415427999999999714e-02 2.101768999999999998e-01
6.719999999999999751e+00 6.232185999999999976e-02 4.063253000000000004e-01
6.719999999999999751e+00 9.020585000000000409e-02 7.663803999999999617e-01
6.719999999999999751e+00 1.352297000000000082e-01 1.352448000000000095e+00
6.719999999999999751e+00 2.038964000000000054e-01 9.960657000000000538e-01
6.719999999999999751e+00 3.056348999999999871e-01 7.906530000000000502e-01
6.719999999999999751e+00 4.586450999999999723e-01 6.621559000000000195e-01
6.719999999999999751e+00 6.883943999999999619e-01 6.365285000000000526e-01
6.719999999999999751e+00 1.032767999999999908e+00 6.604442999999999842e-01
6.719999999999999751e+00 1.549323000000000006e+00 7.595418999999999921e-01
6.719999999999999751e+00 2.237315999999999860e+00 1.114401999999999893e+00
6.719999999999999751e+00 2.922752000000000017e+00 1.736861999999999906e+00
7.099999999999999645e+00 2.628257999999999983e-02 4.628096999999999767e-02
7.099999999999999645e+00 4.415427999999999714e-02 1.611621000000000026e-01
7.099999999999999645e+00 6.232185999999999976e-02 3.555610000000000159e-01
7.099999999999999645e+00 9.020585000000000409e-02 7.059007000000000476e-01
7.099999999999999645e+00 1.352297000000000082e-01 1.242483000000000004e+00
7.099999999999999645e+00 2.038964000000000054e-01 8.259543999999999775e-01
7.099999999999999645e+00 3.056348999999999871e-01 7.018003999999999909e-01
7.099999999999999645e+00 4.586450999999999723e-01 6.172798000000000451e-01
7.099999999999999645e+00 6.883943999999999619e-01 6.155308999999999919e-01
7.099999999999999645e+00 1.032767999999999908e+00 6.585104999999999986e-01
7.099999999999999645e+00 1.549323000000000006e+00 7.638814999999999911e-01
7.099999999999999645e+00 2.237315999999999860e+00 1.113847000000000032e+00
7.099999999999999645e+00 2.922752000000000017e+00 1.724973000000000090e+00
7.509999999999999787e+00 2.628257999999999983e-02 6.344335999999999899e-03
7.509999999999999787e+00 4.415427999999999714e-02 8.125359999999999874e-03
7.509999999999999787e+00 6.232185999999999976e-02 4.655858000000000219e-02
7.509999999999999787e+00 9.020585000000000409e-02 1.284307000000000087e-01
7.509999999999999787e+00 1.352297000000000082e-01 2.859156999999999949e-01
7.509999999999999787e+00 2.038964000000000054e-01 2.087002000000000024e-01
7.509999999999999787e+00 3.056348999999999871e-01 1.876653000000000071e-01
7.509999999999999787e+00 4.586450999999999723e-01 1.938358000000000025e-01
7.509999999999999787e+00 6.883943999999999619e-01 2.194614000000000009e-01
7.509999999999999787e+00 1.032767999999999908e+00 2.575929000000000135e-01
7.509999999999999787e+00 1.549323000000000006e+00 3.086716999999999933e-01
7.509999999999999787e+00 2.237315999999999860e+00 4.367816999999999950e-01
7.509999999999999787e+00 2.922752000000000017e+00 6.661998000000000086e-01
7.929999999999999716e+00 2.628257999999999983e-02 3.566370999999999847e-01
7.929999999999999716e+00 4.415427999999999714e-02 5.053258999999999945e-01
7.929999999999999716e+00 6.232185999999999976e-02 5.775491000000000374e-01
7.929999999999999716e+00 9.020585000000000409e-02 6.703274000000000177e-01
7.929999999999999716e+00 1.352297000000000082e-01 8.166989000000000054e-01
7.929999999999999716e+00 2.038964000000000054e-01 6.339822000000000513e-01
7.929999999999999716e+00 3.056348999999999871e-01 4.903717000000000215e-01
7.929999999999999716e+00 4.586450999999999723e-01 3.760883999999999894e-01
7.929999999999999716e+00 6.883943999999999619e-01 3.176906999999999925e-01
7.929999999999999716e+00 1.032767999999999908e+00 3.097786000000000151e-01
7.929999999999999716e+00 1.549323000000000006e+00 4.127859999999999863e-01
7.929999999999999716e+00 2.237315999999999860e+00 7.092041999999999513e-01
7.929999999999999716e+00 2.922752000000000017e+00 1.040357999999999894e+00
8.380000000000000782e+00 2.628257999999999983e-02 1.528461000000000070e+00
8.380000000000000782e+00 4.415427999999999714e-02 2.674739000000000200e+00
8.380000000000000782e+00 6.232185999999999976e-02 3.690526999999999891e+00
8.380000000000000782e+00 9.020585000000000409e-02 4.589958000000000204e+00
8.380000000000000782e+00 1.352297000000000082e-01 6.565306999999999782e+00
8.380000000000000782e+00 2.038964000000000054e-01 5.893561000000000050e+00
8.380000000000000782e+00 3.056348999999999871e-01 4.743247000000000213e+00
8.380000000000000782e+00 4.586450999999999723e-01 3.963989000000000207e+00
8.380000000000000782e+00 6.883943999999999619e-01 3.616322999999999954e+00
8.380000000000000782e+00 1.032767999999999908e+00 3.648439000000000210e+00
8.380000000000000782e+00 1.549323000000000006e+00 4.469447999999999865e+00
8.380000000000000782e+00 2.237315999999999860e+00 7.172570000000000334e+00
8.380000000000000782e+00 2.922752000000000017e+00 1.088677000000000028e+01
8.849999999999999645e+00 2.628257999999999983e-02 2.829352000000000089e+00
8.849999999999999645e+00 4.415427999999999714e-02 5.342318999999999818e+00
8.849999999999999645e+00 6.232185999999999976e-02 7.554420999999999609e+00
8.849999999999999645e+00 9.020585000000000409e-02 9.287852000000000885e+00
8.849999999999999645e+00 1.352297000000000082e-01 1.427030000000000065e+01
8.849999999999999645e+00 2.038964000000000054e-01 1.487981000000000087e+01
8.849999999999999645e+00 3.056348999999999871e-01 1.300811999999999991e+01
8.849999999999999645e+00 4.586450999999999723e-01 1.172564999999999991e+01
8.849999999999999645e+00 6.883943999999999619e-01 1.120579999999999998e+01
8.849999999999999645e+00 1.032767999999999908e+00 1.170112999999999914e+01
8.849999999999999645e+00 1.549323000000000006e+00 1.443253999999999948e+01
8.849999999999999645e+00 2.237315999999999860e+00 2.277175000000000082e+01
8.849999999999999645e+00 2.922752000000000017e+00 3.413154000000000110e+01
9.339999999999999858e+00 2.628257999999999983e-02 3.306766000000000094e+00
9.339999999999999858e+00 4.415427999999999714e-02 6.502386999999999695e+00
9.339999999999999858e+00 6.232185999999999976e-02 8.938411000000000328e+00
9.339999999999999858e+00 9.020585000000000409e-02 1.072283999999999970e+01
9.339999999999999858e+00 1.352297000000000082e-01 1.753717999999999932e+01
9.339999999999999858e+00 2.038964000000000054e-01 2.221379999999999910e+01
9.339999999999999858e+00 3.056348999999999871e-01 2.181042000000000058e+01
9.339999999999999858e+00 4.586450999999999723e-01 2.124070000000000036e+01
9.339999999999999858e+00 6.883943999999999619e-01 2.151763000000000048e+01
9.339999999999999858e+00 1.032767999999999908e+00 2.338343000000000060e+01
9.339999999999999858e+00 1.549323000000000006e+00 2.968483000000000160e+01
9.339999999999999858e+00 2.237315999999999860e+00 4.669695000000000107e+01
9.339999999999999858e+00 2.922752000000000017e+00 6.911015000000000441e+01
9.859999999999999432e+00 2.628257999999999983e-02 2.688658000000000214e+00
9.859999999999999432e+00 4.415427999999999714e-02 5.531564999999999621e+00
9.859999999999999432e+00 6.232185999999999976e-02 7.448593999999999937e+00
9.859999999999999432e+00 9.020585000000000409e-02 8.989765999999999480e+00
9.859999999999999432e+00 1.352297000000000082e-01 1.500849000000000011e+01
9.859999999999999432e+00 2.038964000000000054e-01 2.317220000000000013e+01
9.859999999999999432e+00 3.056348999999999871e-01 2.649278999999999940e+01
9.859999999999999432e+00 4.586450999999999723e-01 2.887981999999999871e+01
9.859999999999999432e+00 6.883943999999999619e-01 3.116561000000000092e+01
9.859999999999999432e+00 1.032767999999999908e+00 3.551944999999999908e+01
9.859999999999999432e+00 1.549323000000000006e+00 4.658708000000000027e+01
9.859999999999999432e+00 2.237315999999999860e+00 7.336745999999999412e+01
9.859999999999999432e+00 2.922752000000000017e+00 1.061738000000000000e+02
