1.757000000000000028e+01 2.628257999999999983e-02 1.731036000000000019e+00
1.757000000000000028e+01 4.415427999999999714e-02 4.239062999999999803e+00
1.757000000000000028e+01 6.232185999999999976e-02 1.787094000000000094e+01
1.757000000000000028e+01 9.020585000000000409e-02 2.754542999999999964e+01
1.757000000000000028e+01 1.352297000000000082e-01 5.783426999999999651e+01
1.757000000000000028e+01 2.038964000000000054e-01 1.082500000000000000e+02
1.757000000000000028e+01 3.056348999999999871e-01 1.936919000000000040e+02
1.757000000000000028e+01 4.586450999999999723e-01 3.218360000000000127e+02
1.757000000000000028e+01 6.883943999999999619e-01 5.310866999999999507e+02
1.757000000000000028e+01 1.032767999999999908e+00 8.897146999999999935e+02
1.757000000000000028e+01 1.549323000000000006e+00 1.490477000000000089e+03
1.757000000000000028e+01 2.237315999999999860e+00 2.051559000000000196e+03
1.757000000000000028e+01 2.922752000000000017e+00 2.289411999999999807e+03
