1.757000000000000028e+01 2.628257999999999983e-02 4.557301000000000268e-01
1.757000000000000028e+01 4.415427999999999714e-02 4.428422000000000192e-01
1.757000000000000028e+01 6.232185999999999976e-02 5.586505999999999972e-01
1.757000000000000028e+01 9.020585000000000409e-02 5.784688999999999526e-01
1.757000000000000028e+01 1.352297000000000082e-01 7.970047999999999577e-01
1.757000000000000028e+01 2.038964000000000054e-01 1.193068999999999935e+00
1.757000000000000028e+01 3.056348999999999871e-01 1.878222000000000058e+00
1.757000000000000028e+01 4.586450999999999723e-01 2.647600000000000176e+00
1.757000000000000028e+01 6.883943999999999619e-01 3.556271000000000182e+00
1.757000000000000028e+01 1.032767999999999908e+00 4.620884000000000214e+00
1.757000000000000028e+01 1.549323000000000006e+00 6.443486000000000047e+00
1.757000000000000028e+01 2.237315999999999860e+00 8.427543000000000006e+00
1.757000000000000028e+01 2.922752000000000017e+00 9.432489000000000345e+00
