1.040000000000000036e+01 2.628257999999999983e-02 9.007045000000000190e-01
1.040000000000000036e+01 4.415427999999999714e-02 1.383234999999999992e+00
1.040000000000000036e+01 6.232185999999999976e-02 2.377854000000000134e+00
1.040000000000000036e+01 9.020585000000000409e-02 2.646625999999999923e+00
1.040000000000000036e+01 1.352297000000000082e-01 3.576691999999999982e+00
1.040000000000000036e+01 2.038964000000000054e-01 4.827733000000000274e+00
1.040000000000000036e+01 3.056348999999999871e-01 7.521469999999999878e+00
1.040000000000000036e+01 4.586450999999999723e-01 1.140640999999999927e+01
1.040000000000000036e+01 6.883943999999999619e-01 1.608211000000000013e+01
1.040000000000000036e+01 1.032767999999999908e+00 2.017139999999999844e+01
1.040000000000000036e+01 1.549323000000000006e+00 2.563404999999999845e+01
1.040000000000000036e+01 2.237315999999999860e+00 3.785717999999999961e+01
1.040000000000000036e+01 2.922752000000000017e+00 5.375180999999999898e+01
1.097000000000000064e+01 2.628257999999999983e-02 1.587958999999999898e+00
1.097000000000000064e+01 4.415427999999999714e-02 2.561701999999999924e+00
1.097000000000000064e+01 6.232185999999999976e-02 3.936183000000000209e+00
1.097000000000000064e+01 9.020585000000000409e-02 3.973005000000000120e+00
1.097000000000000064e+01 1.352297000000000082e-01 4.687808000000000419e+00
1.097000000000000064e+01 2.038964000000000054e-01 5.247671999999999670e+00
1.097000000000000064e+01 3.056348999999999871e-01 6.700942000000000398e+00
1.097000000000000064e+01 4.586450999999999723e-01 8.860645999999999134e+00
1.097000000000000064e+01 6.883943999999999619e-01 1.195697999999999972e+01
1.097000000000000064e+01 1.032767999999999908e+00 1.491404999999999959e+01
1.097000000000000064e+01 1.549323000000000006e+00 1.903577999999999903e+01
1.097000000000000064e+01 2.237315999999999860e+00 2.809966000000000008e+01
1.097000000000000064e+01 2.922752000000000017e+00 3.924945999999999913e+01
1.157000000000000028e+01 2.628257999999999983e-02 2.530803999999999832e+00
1.157000000000000028e+01 4.415427999999999714e-02 4.178887999999999714e+00
1.157000000000000028e+01 6.232185999999999976e-02 5.956909999999999705e+00
1.157000000000000028e+01 9.020585000000000409e-02 5.686970999999999776e+00
1.157000000000000028e+01 1.352297000000000082e-01 6.032256000000000284e+00
1.157000000000000028e+01 2.038964000000000054e-01 5.811479000000000283e+00
1.157000000000000028e+01 3.056348999999999871e-01 5.969822999999999880e+00
1.157000000000000028e+01 4.586450999999999723e-01 6.435050999999999632e+00
1.157000000000000028e+01 6.883943999999999619e-01 7.769263999999999726e+00
1.157000000000000028e+01 1.032767999999999908e+00 9.334376000000000673e+00
1.157000000000000028e+01 1.549323000000000006e+00 1.195268000000000086e+01
1.157000000000000028e+01 2.237315999999999860e+00 1.777678999999999832e+01
1.157000000000000028e+01 2.922752000000000017e+00 2.513018999999999892e+01
1.219999999999999929e+01 2.628257999999999983e-02 3.560849999999999849e+00
1.219999999999999929e+01 4.415427999999999714e-02 6.065241999999999578e+00
1.219999999999999929e+01 6.232185999999999976e-02 8.211615000000000109e+00
1.219999999999999929e+01 9.020585000000000409e-02 7.550120999999999860e+00
1.219999999999999929e+01 1.352297000000000082e-01 7.340802000000000049e+00
1.219999999999999929e+01 2.038964000000000054e-01 6.282917999999999559e+00
1.219999999999999929e+01 3.056348999999999871e-01 5.287117000000000289e+00
1.219999999999999929e+01 4.586450999999999723e-01 4.540151999999999965e+00
1.219999999999999929e+01 6.883943999999999619e-01 4.414489999999999803e+00
1.219999999999999929e+01 1.032767999999999908e+00 4.772997000000000156e+00
1.219999999999999929e+01 1.549323000000000006e+00 5.999437000000000353e+00
1.219999999999999929e+01 2.237315999999999860e+00 9.199272999999999811e+00
1.219999999999999929e+01 2.922752000000000017e+00 1.360651000000000010e+01
1.285999999999999943e+01 2.628257999999999983e-02 3.863303000000000154e+00
1.285999999999999943e+01 4.415427999999999714e-02 6.943196000000000367e+00
1.285999999999999943e+01 6.232185999999999976e-02 9.267697000000000074e+00
1.285999999999999943e+01 9.020585000000000409e-02 8.467200000000000060e+00
1.285999999999999943e+01 1.352297000000000082e-01 7.920078000000000173e+00
1.285999999999999943e+01 2.038964000000000054e-01 6.349846999999999575e+00
1.285999999999999943e+01 3.056348999999999871e-01 4.758392999999999873e+00
1.285999999999999943e+01 4.586450999999999723e-01 3.694144000000000094e+00
1.285999999999999943e+01 6.883943999999999619e-01 2.998078000000000021e+00
1.285999999999999943e+01 1.032767999999999908e+00 2.838260000000000005e+00
1.285999999999999943e+01 1.549323000000000006e+00 3.355224000000000206e+00
1.285999999999999943e+01 2.237315999999999860e+00 5.176321999999999868e+00
1.285999999999999943e+01 2.922752000000000017e+00 7.869782999999999973e+00
1.355000000000000071e+01 2.628257999999999983e-02 2.674882000000000204e+00
1.355000000000000071e+01 4.415427999999999714e-02 5.324670000000000236e+00
1.355000000000000071e+01 6.232185999999999976e-02 7.295816000000000301e+00
1.355000000000000071e+01 9.020585000000000409e-02 6.885492000000000168e+00
1.355000000000000071e+01 1.352297000000000082e-01 6.595509999999999984e+00
1.355000000000000071e+01 2.038964000000000054e-01 5.444115000000000038e+00
1.355000000000000071e+01 3.056348999999999871e-01 4.317600999999999800e+00
1.355000000000000071e+01 4.586450999999999723e-01 3.976563000000000070e+00
1.355000000000000071e+01 6.883943999999999619e-01 3.773587000000000025e+00
1.355000000000000071e+01 1.032767999999999908e+00 3.890073000000000114e+00
1.355000000000000071e+01 1.549323000000000006e+00 4.715708000000000233e+00
1.355000000000000071e+01 2.237315999999999860e+00 6.530185000000000350e+00
1.355000000000000071e+01 2.922752000000000017e+00 8.313223000000000695e+00
1.427999999999999936e+01 2.628257999999999983e-02 6.144148999999999861e-01
1.427999999999999936e+01 4.415427999999999714e-02 1.667902999999999913e+00
1.427999999999999936e+01 6.232185999999999976e-02 2.614495999999999931e+00
1.427999999999999936e+01 9.020585000000000409e-02 2.896598000000000006e+00
1.427999999999999936e+01 1.352297000000000082e-01 3.304140999999999995e+00
1.427999999999999936e+01 2.038964000000000054e-01 3.383109999999999840e+00
1.427999999999999936e+01 3.056348999999999871e-01 3.461092999999999975e+00
1.427999999999999936e+01 4.586450999999999723e-01 4.097343000000000401e+00
1.427999999999999936e+01 6.883943999999999619e-01 4.707366000000000383e+00
1.427999999999999936e+01 1.032767999999999908e+00 5.326880000000000059e+00
1.427999999999999936e+01 1.549323000000000006e+00 6.768499000000000265e+00
1.427999999999999936e+01 2.237315999999999860e+00 8.933949000000000140e+00
1.427999999999999936e+01 2.922752000000000017e+00 1.021677000000000035e+01
1.505000000000000071e+01 2.628257999999999983e-02 4.119380999999999737e-02
1.505000000000000071e+01 4.415427999999999714e-02 8.210873999999999950e-02
1.505000000000000071e+01 6.232185999999999976e-02 2.631013999999999853e-01
1.505000000000000071e+01 9.020585000000000409e-02 5.566233000000000430e-01
1.505000000000000071e+01 1.352297000000000082e-01 1.032661999999999969e+00
1.505000000000000071e+01 2.038964000000000054e-01 1.641402000000000028e+00
1.505000000000000071e+01 3.056348999999999871e-01 2.408929999999999794e+00
1.505000000000000071e+01 4.586450999999999723e-01 3.365873999999999810e+00
1.505000000000000071e+01 6.883943999999999619e-01 4.297896999999999856e+00
1.505000000000000071e+01 1.032767999999999908e+00 5.117837999999999887e+00
1.505000000000000071e+01 1.549323000000000006e+00 6.689579000000000164e+00
1.505000000000000071e+01 2.237315999999999860e+00 8.699614999999999654e+00
1.505000000000000071e+01 2.922752000000000017e+00 9.538322000000000855e+00
1.584999999999999964e+01 2.628257999999999983e-02 3.615260000000000140e-01
1.584999999999999964e+01 4.415427999999999714e-02 3.636535000000000184e-01
1.584999999999999964e+01 6.232185999999999976e-02 4.663221000000000172e-01
1.584999999999999964e+01 9.020585000000000409e-02 4.770874999999999977e-01
1.584999999999999964e+01 1.352297000000000082e-01 6.858123000000000413e-01
1.584999999999999964e+01 2.038964000000000054e-01 1.048999999999999932e+00
1.584999999999999964e+01 3.056348999999999871e-01 1.692150000000000043e+00
1.584999999999999964e+01 4.586450999999999723e-01 2.484105000000000008e+00
1.584999999999999964e+01 6.883943999999999619e-01 3.410083000000000197e+00
1.584999999999999964e+01 1.032767999999999908e+00 4.127836000000000283e+00
1.584999999999999964e+01 1.549323000000000006e+00 5.068343999999999738e+00
1.584999999999999964e+01 2.237315999999999860e+00 6.258907999999999916e+00
1.584999999999999964e+01 2.922752000000000017e+00 6.641009999999999636e+00
1.669000000000000128e+01 2.628257999999999983e-02 4.068258000000000152e-01
1.669000000000000128e+01 4.415427999999999714e-02 5.571017000000000330e-01
1.669000000000000128e+01 6.232185999999999976e-02 7.558513999999999511e-01
1.669000000000000128e+01 9.020585000000000409e-02 7.083346000000000364e-01
1.669000000000000128e+01 1.352297000000000082e-01 8.003710000000000546e-01
1.669000000000000128e+01 2.038964000000000054e-01 8.644427000000000083e-01
1.669000000000000128e+01 3.056348999999999871e-01 1.021649999999999947e+00
1.669000000000000128e+01 4.586450999999999723e-01 1.294988000000000028e+00
1.669000000000000128e+01 6.883943999999999619e-01 1.737042999999999893e+00
1.669000000000000128e+01 1.032767999999999908e+00 2.177680000000000060e+00
1.669000000000000128e+01 1.549323000000000006e+00 2.620032999999999834e+00
1.669000000000000128e+01 2.237315999999999860e+00 3.217548999999999992e+00
1.669000000000000128e+01 2.922752000000000017e+00 3.515321999999999836e+00
1.757000000000000028e+01 2.628257999999999983e-02 2.082024000000000097e-01
1.757000000000000028e+01 4.415427999999999714e-02 3.301535999999999915e-01
1.757000000000000028e+01 6.232185999999999976e-02 4.852618000000000209e-01
1.757000000000000028e+01 9.020585000000000409e-02 4.988761999999999919e-01
1.757000000000000028e+01 1.352297000000000082e-01 6.014258999999999578e-01
1.757000000000000028e+01 2.038964000000000054e-01 6.351653999999999911e-01
1.757000000000000028e+01 3.056348999999999871e-01 6.195642999999999567e-01
1.757000000000000028e+01 4.586450999999999723e-01 6.699969000000000063e-01
1.757000000000000028e+01 6.883943999999999619e-01 8.333034000000000274e-01
1.757000000000000028e+01 1.032767999999999908e+00 1.065814000000000039e+00
1.757000000000000028e+01 1.549323000000000006e+00 1.244350999999999985e+00
1.757000000000000028e+01 2.237315999999999860e+00 1.477181000000000077e+00
1.757000000000000028e+01 2.922752000000000017e+00 1.717926000000000064e+00
1.850000000000000000e+01 2.628257999999999983e-02 7.386041000000000134e-02
1.850000000000000000e+01 4.415427999999999714e-02 1.297599000000000113e-01
1.850000000000000000e+01 6.232185999999999976e-02 2.057763999999999982e-01
1.850000000000000000e+01 9.020585000000000409e-02 2.331336999999999993e-01
1.850000000000000000e+01 1.352297000000000082e-01 3.114708999999999950e-01
1.850000000000000000e+01 2.038964000000000054e-01 3.630533000000000232e-01
1.850000000000000000e+01 3.056348999999999871e-01 3.572937999999999947e-01
1.850000000000000000e+01 4.586450999999999723e-01 3.645452000000000137e-01
1.850000000000000000e+01 6.883943999999999619e-01 4.171790000000000220e-01
1.850000000000000000e+01 1.032767999999999908e+00 5.357600999999999614e-01
1.850000000000000000e+01 1.549323000000000006e+00 6.341797000000000128e-01
1.850000000000000000e+01 2.237315999999999860e+00 7.350354999999999528e-01
1.850000000000000000e+01 2.922752000000000017e+00 8.990101000000000342e-01
1.948000000000000043e+01 2.628257999999999983e-02 2.124209999999999987e-02
1.948000000000000043e+01 4.415427999999999714e-02 4.060960000000000264e-02
1.948000000000000043e+01 6.232185999999999976e-02 6.985890999999999629e-02
1.948000000000000043e+01 9.020585000000000409e-02 8.670335999999999321e-02
1.948000000000000043e+01 1.352297000000000082e-01 1.296780999999999906e-01
1.948000000000000043e+01 2.038964000000000054e-01 1.732933999999999863e-01
1.948000000000000043e+01 3.056348999999999871e-01 1.921415999999999957e-01
1.948000000000000043e+01 4.586450999999999723e-01 2.077848999999999946e-01
1.948000000000000043e+01 6.883943999999999619e-01 2.285115000000000063e-01
1.948000000000000043e+01 1.032767999999999908e+00 2.857291000000000136e-01
1.948000000000000043e+01 1.549323000000000006e+00 3.598017000000000021e-01
1.948000000000000043e+01 2.237315999999999860e+00 4.264630999999999839e-01
1.948000000000000043e+01 2.922752000000000017e+00 5.328327999999999953e-01
2.050000000000000000e+01 2.628257999999999983e-02 5.883155999999999629e-03
2.050000000000000000e+01 4.415427999999999714e-02 1.224957999999999950e-02
2.050000000000000000e+01 6.232185999999999976e-02 2.279667999999999972e-02
2.050000000000000000e+01 9.020585000000000409e-02 3.034086000000000075e-02
2.050000000000000000e+01 1.352297000000000082e-01 5.004183000000000242e-02
2.050000000000000000e+01 2.038964000000000054e-01 7.569201000000000401e-02
2.050000000000000000e+01 3.056348999999999871e-01 9.650345999999999924e-02
2.050000000000000000e+01 4.586450999999999723e-01 1.173775999999999986e-01
2.050000000000000000e+01 6.883943999999999619e-01 1.332276000000000016e-01
2.050000000000000000e+01 1.032767999999999908e+00 1.605408000000000113e-01
2.050000000000000000e+01 1.549323000000000006e+00 2.148478000000000054e-01
2.050000000000000000e+01 2.237315999999999860e+00 2.678115999999999830e-01
2.050000000000000000e+01 2.922752000000000017e+00 3.401607999999999854e-01
2.157999999999999829e+01 2.628257999999999983e-02 2.131272999999999935e-03
2.157999999999999829e+01 4.415427999999999714e-02 4.855540999999999677e-03
2.157999999999999829e+01 6.232185999999999976e-02 9.656579999999999678e-03
2.157999999999999829e+01 9.020585000000000409e-02 1.344735000000000028e-02
2.157999999999999829e+01 1.352297000000000082e-01 2.345442000000000013e-02
2.157999999999999829e+01 2.038964000000000054e-01 3.794261000000000161e-02
2.157999999999999829e+01 3.056348999999999871e-01 5.347389999999999782e-02
2.157999999999999829e+01 4.586450999999999723e-01 7.224859000000000142e-02
2.157999999999999829e+01 6.883943999999999619e-01 8.865694000000000352e-02
2.157999999999999829e+01 1.032767999999999908e+00 1.027972000000000052e-01
2.157999999999999829e+01 1.549323000000000006e+00 1.349787000000000070e-01
2.157999999999999829e+01 2.237315999999999860e+00 1.795001999999999986e-01
2.157999999999999829e+01 2.922752000000000017e+00 2.281268999999999936e-01
2.271000000000000085e+01 2.628257999999999983e-02 1.368859999999999955e-03
2.271000000000000085e+01 4.415427999999999714e-02 3.337308000000000201e-03
2.271000000000000085e+01 6.232185999999999976e-02 6.970760000000000324e-03
2.271000000000000085e+01 9.020585000000000409e-02 1.006601000000000024e-02
2.271000000000000085e+01 1.352297000000000082e-01 1.788643999999999998e-02
2.271000000000000085e+01 2.038964000000000054e-01 2.911348999999999881e-02
2.271000000000000085e+01 3.056348999999999871e-01 4.268033000000000243e-02
2.271000000000000085e+01 4.586450999999999723e-01 5.976929999999999743e-02
2.271000000000000085e+01 6.883943999999999619e-01 7.784660999999999664e-02
2.271000000000000085e+01 1.032767999999999908e+00 8.977034000000000402e-02
2.271000000000000085e+01 1.549323000000000006e+00 1.058029999999999943e-01
2.271000000000000085e+01 2.237315999999999860e+00 1.408833999999999920e-01
2.271000000000000085e+01 2.922752000000000017e+00 1.692999000000000032e-01
2.389000000000000057e+01 2.628257999999999983e-02 1.497791000000000053e-03
2.389000000000000057e+01 4.415427999999999714e-02 3.758403000000000004e-03
2.389000000000000057e+01 6.232185999999999976e-02 8.117166000000000312e-03
2.389000000000000057e+01 9.020585000000000409e-02 1.196143000000000033e-02
2.389000000000000057e+01 1.352297000000000082e-01 2.149720999999999924e-02
2.389000000000000057e+01 2.038964000000000054e-01 3.468945999999999835e-02
2.389000000000000057e+01 3.056348999999999871e-01 5.128225000000000144e-02
2.389000000000000057e+01 4.586450999999999723e-01 7.113363999999999798e-02
2.389000000000000057e+01 6.883943999999999619e-01 9.393965999999999428e-02
2.389000000000000057e+01 1.032767999999999908e+00 1.095021999999999940e-01
2.389000000000000057e+01 1.549323000000000006e+00 1.202235999999999999e-01
2.389000000000000057e+01 2.237315999999999860e+00 1.449599000000000026e-01
2.389000000000000057e+01 2.922752000000000017e+00 1.588098000000000010e-01
2.514000000000000057e+01 2.628257999999999983e-02 2.129461000000000027e-03
2.514000000000000057e+01 4.415427999999999714e-02 5.377538000000000283e-03
2.514000000000000057e+01 6.232185999999999976e-02 1.184582999999999990e-02
2.514000000000000057e+01 9.020585000000000409e-02 1.753180000000000016e-02
2.514000000000000057e+01 1.352297000000000082e-01 3.171058000000000210e-02
2.514000000000000057e+01 2.038964000000000054e-01 5.099189999999999973e-02
2.514000000000000057e+01 3.056348999999999871e-01 7.563991999999999938e-02
2.514000000000000057e+01 4.586450999999999723e-01 1.042273999999999978e-01
2.514000000000000057e+01 6.883943999999999619e-01 1.376836999999999922e-01
2.514000000000000057e+01 1.032767999999999908e+00 1.611787000000000081e-01
2.514000000000000057e+01 1.549323000000000006e+00 1.736852000000000118e-01
2.514000000000000057e+01 2.237315999999999860e+00 1.965667000000000109e-01
2.514000000000000057e+01 2.922752000000000017e+00 2.124937000000000076e-01
2.644000000000000128e+01 2.628257999999999983e-02 3.177246999999999797e-03
2.644000000000000128e+01 4.415427999999999714e-02 8.017747000000000415e-03
2.644000000000000128e+01 6.232185999999999976e-02 1.785211999999999910e-02
2.644000000000000128e+01 9.020585000000000409e-02 2.642469000000000068e-02
2.644000000000000128e+01 1.352297000000000082e-01 4.782010999999999901e-02
2.644000000000000128e+01 2.038964000000000054e-01 7.681061000000000138e-02
2.644000000000000128e+01 3.056348999999999871e-01 1.142617999999999967e-01
2.644000000000000128e+01 4.586450999999999723e-01 1.577700999999999965e-01
2.644000000000000128e+01 6.883943999999999619e-01 2.092727000000000059e-01
2.644000000000000128e+01 1.032767999999999908e+00 2.463223999999999969e-01
2.644000000000000128e+01 1.549323000000000006e+00 2.631955000000000267e-01
2.644000000000000128e+01 2.237315999999999860e+00 2.915113999999999761e-01
2.644000000000000128e+01 2.922752000000000017e+00 3.238009000000000026e-01
2.782000000000000028e+01 2.628257999999999983e-02 4.775493999999999920e-03
2.782000000000000028e+01 4.415427999999999714e-02 1.203354000000000056e-02
2.782000000000000028e+01 6.232185999999999976e-02 2.704387999999999931e-02
2.782000000000000028e+01 9.020585000000000409e-02 3.994033000000000305e-02
2.782000000000000028e+01 1.352297000000000082e-01 7.232531999999999850e-02
2.782000000000000028e+01 2.038964000000000054e-01 1.161134999999999945e-01
2.782000000000000028e+01 3.056348999999999871e-01 1.733360999999999930e-01
2.782000000000000028e+01 4.586450999999999723e-01 2.407837999999999923e-01
2.782000000000000028e+01 6.883943999999999619e-01 3.224446999999999730e-01
2.782000000000000028e+01 1.032767999999999908e+00 3.839099000000000261e-01
2.782000000000000028e+01 1.549323000000000006e+00 4.166559000000000235e-01
2.782000000000000028e+01 2.237315999999999860e+00 4.640681999999999863e-01
2.782000000000000028e+01 2.922752000000000017e+00 5.198207999999999718e-01
2.926000000000000156e+01 2.628257999999999983e-02 6.975468000000000293e-03
2.926000000000000156e+01 4.415427999999999714e-02 1.756945999999999855e-02
2.926000000000000156e+01 6.232185999999999976e-02 3.972915999999999948e-02
2.926000000000000156e+01 9.020585000000000409e-02 5.853705000000000019e-02
2.926000000000000156e+01 1.352297000000000082e-01 1.060944999999999944e-01
2.926000000000000156e+01 2.038964000000000054e-01 1.702373000000000081e-01
2.926000000000000156e+01 3.056348999999999871e-01 2.553328999999999738e-01
2.926000000000000156e+01 4.586450999999999723e-01 3.576290999999999776e-01
2.926000000000000156e+01 6.883943999999999619e-01 4.830364999999999798e-01
2.926000000000000156e+01 1.032767999999999908e+00 5.835700000000000331e-01
2.926000000000000156e+01 1.549323000000000006e+00 6.495817999999999870e-01
2.926000000000000156e+01 2.237315999999999860e+00 7.420021999999999451e-01
2.926000000000000156e+01 2.922752000000000017e+00 8.475797999999999943e-01
3.076999999999999957e+01 2.628257999999999983e-02 2.357393000000000072e+00
3.076999999999999957e+01 4.415427999999999714e-02 5.893848000000000198e+00
3.076999999999999957e+01 6.232185999999999976e-02 1.614533000000000129e+01
3.076999999999999957e+01 9.020585000000000409e-02 2.317364999999999853e+01
3.076999999999999957e+01 1.352297000000000082e-01 4.262447000000000230e+01
3.076999999999999957e+01 2.038964000000000054e-01 6.960497999999999763e+01
3.076999999999999957e+01 3.056348999999999871e-01 1.105664000000000016e+02
3.076999999999999957e+01 4.586450999999999723e-01 1.794471000000000060e+02
3.076999999999999957e+01 6.883943999999999619e-01 2.991646000000000072e+02
3.076999999999999957e+01 1.032767999999999908e+00 4.600203000000000202e+02
3.076999999999999957e+01 1.549323000000000006e+00 6.681588000000000420e+02
3.076999999999999957e+01 2.237315999999999860e+00 9.348011999999999944e+02
3.076999999999999957e+01 2.922752000000000017e+00 1.177471999999999980e+03
3.235999999999999943e+01 2.628257999999999983e-02 2.103674999999999962e+00
3.235999999999999943e+01 4.415427999999999714e-02 5.276526999999999745e+00
3.235999999999999943e+01 6.232185999999999976e-02 1.434631000000000078e+01
3.235999999999999943e+01 9.020585000000000409e-02 2.051275000000000048e+01
3.235999999999999943e+01 1.352297000000000082e-01 3.781329000000000207e+01
3.235999999999999943e+01 2.038964000000000054e-01 6.198879999999999768e+01
3.235999999999999943e+01 3.056348999999999871e-01 9.933499000000000478e+01
3.235999999999999943e+01 4.586450999999999723e-01 1.627740000000000009e+02
3.235999999999999943e+01 6.883943999999999619e-01 2.688292000000000144e+02
3.235999999999999943e+01 1.032767999999999908e+00 4.074816000000000145e+02
3.235999999999999943e+01 1.549323000000000006e+00 5.890540999999999485e+02
3.235999999999999943e+01 2.237315999999999860e+00 8.313594000000000506e+02
3.235999999999999943e+01 2.922752000000000017e+00 1.074883000000000038e+03
3.403000000000000114e+01 2.628257999999999983e-02 1.889259000000000022e+00
3.403000000000000114e+01 4.415427999999999714e-02 4.731662000000000035e+00
3.403000000000000114e+01 6.232185999999999976e-02 1.279912999999999990e+01
3.403000000000000114e+01 9.020585000000000409e-02 1.820947999999999922e+01
3.403000000000000114e+01 1.352297000000000082e-01 3.360452999999999690e+01
3.403000000000000114e+01 2.038964000000000054e-01 5.536101000000000028e+01
3.403000000000000114e+01 3.056348999999999871e-01 8.959251000000000431e+01
3.403000000000000114e+01 4.586450999999999723e-01 1.474892000000000110e+02
3.403000000000000114e+01 6.883943999999999619e-01 2.404625000000000057e+02
3.403000000000000114e+01 1.032767999999999908e+00 3.590708999999999946e+02
3.403000000000000114e+01 1.549323000000000006e+00 5.171081000000000358e+02
3.403000000000000114e+01 2.237315999999999860e+00 7.372519999999999527e+02
3.403000000000000114e+01 2.922752000000000017e+00 9.712414999999999736e+02
6.000000000000000000e+00 2.628257999999999983e-02 1.116946999999999912e+00
6.000000000000000000e+00 4.415427999999999714e-02 2.852972999999999981e+00
6.000000000000000000e+00 6.232185999999999976e-02 5.300051999999999985e+00
6.000000000000000000e+00 9.020585000000000409e-02 8.878583000000000780e+00
6.000000000000000000e+00 1.352297000000000082e-01 1.536661999999999928e+01
6.000000000000000000e+00 2.038964000000000054e-01 1.242998000000000047e+01
6.000000000000000000e+00 3.056348999999999871e-01 1.028941000000000017e+01
6.000000000000000000e+00 4.586450999999999723e-01 9.176493999999999929e+00
6.000000000000000000e+00 6.883943999999999619e-01 9.095321000000000211e+00
6.000000000000000000e+00 1.032767999999999908e+00 9.736508999999999858e+00
6.000000000000000000e+00 1.549323000000000006e+00 1.166205000000000069e+01
6.000000000000000000e+00 2.237315999999999860e+00 1.760670000000000002e+01
6.000000000000000000e+00 2.922752000000000017e+00 2.757921999999999940e+01
6.349999999999999645e+00 2.628257999999999983e-02 1.145988999999999924e+00
6.349999999999999645e+00 4.415427999999999714e-02 3.185910999999999937e+00
6.349999999999999645e+00 6.232185999999999976e-02 6.142895000000000216e+00
6.349999999999999645e+00 9.020585000000000409e-02 9.956476999999999578e+00
6.349999999999999645e+00 1.352297000000000082e-01 1.748762999999999934e+01
6.349999999999999645e+00 2.038964000000000054e-01 1.630505000000000138e+01
6.349999999999999645e+00 3.056348999999999871e-01 1.374229000000000056e+01
6.349999999999999645e+00 4.586450999999999723e-01 1.262660999999999945e+01
6.349999999999999645e+00 6.883943999999999619e-01 1.278420000000000023e+01
6.349999999999999645e+00 1.032767999999999908e+00 1.390061000000000035e+01
6.349999999999999645e+00 1.549323000000000006e+00 1.664784999999999826e+01
6.349999999999999645e+00 2.237315999999999860e+00 2.515490000000000137e+01
6.349999999999999645e+00 2.922752000000000017e+00 3.923948000000000036e+01
6.719999999999999751e+00 2.628257999999999983e-02 1.014499000000000040e+00
6.719999999999999751e+00 4.415427999999999714e-02 3.066129000000000104e+00
6.719999999999999751e+00 6.232185999999999976e-02 6.000558999999999976e+00
6.719999999999999751e+00 9.020585000000000409e-02 9.494049000000000404e+00
6.719999999999999751e+00 1.352297000000000082e-01 1.753545000000000087e+01
6.719999999999999751e+00 2.038964000000000054e-01 1.878980999999999923e+01
6.719999999999999751e+00 3.056348999999999871e-01 1.689950999999999937e+01
6.719999999999999751e+00 4.586450999999999723e-01 1.611647999999999925e+01
6.719999999999999751e+00 6.883943999999999619e-01 1.661498999999999882e+01
6.719999999999999751e+00 1.032767999999999908e+00 1.837646000000000157e+01
6.719999999999999751e+00 1.549323000000000006e+00 2.200737000000000165e+01
6.719999999999999751e+00 2.237315999999999860e+00 3.335618999999999801e+01
6.719999999999999751e+00 2.922752000000000017e+00 5.192687000000000097e+01
7.099999999999999645e+00 2.628257999999999983e-02 7.819114999999999815e-01
7.099999999999999645e+00 4.415427999999999714e-02 2.526140999999999970e+00
7.099999999999999645e+00 6.232185999999999976e-02 4.742267000000000010e+00
7.099999999999999645e+00 9.020585000000000409e-02 7.592558000000000362e+00
7.099999999999999645e+00 1.352297000000000082e-01 1.517310999999999943e+01
7.099999999999999645e+00 2.038964000000000054e-01 1.926425000000000054e+01
7.099999999999999645e+00 3.056348999999999871e-01 1.879726000000000141e+01
7.099999999999999645e+00 4.586450999999999723e-01 1.901526000000000138e+01
7.099999999999999645e+00 6.883943999999999619e-01 2.023570000000000135e+01
7.099999999999999645e+00 1.032767999999999908e+00 2.260652999999999935e+01
7.099999999999999645e+00 1.549323000000000006e+00 2.726118999999999915e+01
7.099999999999999645e+00 2.237315999999999860e+00 4.129088999999999743e+01
7.099999999999999645e+00 2.922752000000000017e+00 6.384033999999999764e+01
7.509999999999999787e+00 2.628257999999999983e-02 5.065275999999999668e-01
7.509999999999999787e+00 4.415427999999999714e-02 1.717244999999999910e+00
7.509999999999999787e+00 6.232185999999999976e-02 3.151584000000000163e+00
7.509999999999999787e+00 9.020585000000000409e-02 5.206216000000000399e+00
7.509999999999999787e+00 1.352297000000000082e-01 1.129479000000000077e+01
7.509999999999999787e+00 2.038964000000000054e-01 1.740336999999999890e+01
7.509999999999999787e+00 3.056348999999999871e-01 1.923806000000000083e+01
7.509999999999999787e+00 4.586450999999999723e-01 2.088229000000000113e+01
7.509999999999999787e+00 6.883943999999999619e-01 2.311073000000000022e+01
7.509999999999999787e+00 1.032767999999999908e+00 2.622641000000000133e+01
7.509999999999999787e+00 1.549323000000000006e+00 3.192105000000000103e+01
7.509999999999999787e+00 2.237315999999999860e+00 4.819037999999999755e+01
7.509999999999999787e+00 2.922752000000000017e+00 7.396930999999999301e+01
7.929999999999999716e+00 2.628257999999999983e-02 2.416554999999999953e-01
7.929999999999999716e+00 4.415427999999999714e-02 9.771165000000000544e-01
7.929999999999999716e+00 6.232185999999999976e-02 1.789050999999999947e+00
7.929999999999999716e+00 9.020585000000000409e-02 3.216053000000000051e+00
7.929999999999999716e+00 1.352297000000000082e-01 7.456108999999999654e+00
7.929999999999999716e+00 2.038964000000000054e-01 1.401637000000000022e+01
7.929999999999999716e+00 3.056348999999999871e-01 1.789234000000000080e+01
7.929999999999999716e+00 4.586450999999999723e-01 2.144669000000000025e+01
7.929999999999999716e+00 6.883943999999999619e-01 2.487881000000000142e+01
7.929999999999999716e+00 1.032767999999999908e+00 2.886711999999999989e+01
7.929999999999999716e+00 1.549323000000000006e+00 3.527550999999999704e+01
7.929999999999999716e+00 2.237315999999999860e+00 5.314862999999999715e+01
7.929999999999999716e+00 2.922752000000000017e+00 8.057599999999999341e+01
8.380000000000000782e+00 2.628257999999999983e-02 8.042043999999999582e-02
8.380000000000000782e+00 4.415427999999999714e-02 4.568323000000000245e-01
8.380000000000000782e+00 6.232185999999999976e-02 9.275130000000000319e-01
8.380000000000000782e+00 9.020585000000000409e-02 1.951024000000000092e+00
8.380000000000000782e+00 1.352297000000000082e-01 4.896721999999999575e+00
8.380000000000000782e+00 2.038964000000000054e-01 1.039326999999999934e+01
8.380000000000000782e+00 3.056348999999999871e-01 1.552715000000000067e+01
8.380000000000000782e+00 4.586450999999999723e-01 2.070923000000000158e+01
8.380000000000000782e+00 6.883943999999999619e-01 2.536604000000000170e+01
8.380000000000000782e+00 1.032767999999999908e+00 3.012763999999999953e+01
8.380000000000000782e+00 1.549323000000000006e+00 3.712518000000000029e+01
8.380000000000000782e+00 2.237315999999999860e+00 5.576234000000000179e+01
8.380000000000000782e+00 2.922752000000000017e+00 8.337384000000000128e+01
8.849999999999999645e+00 2.628257999999999983e-02 4.733607000000000092e-02
8.849999999999999645e+00 4.415427999999999714e-02 2.067365999999999926e-01
8.849999999999999645e+00 6.232185999999999976e-02 5.631667000000000201e-01
8.849999999999999645e+00 9.020585000000000409e-02 1.339903999999999984e+00
8.849999999999999645e+00 1.352297000000000082e-01 3.416529999999999845e+00
8.849999999999999645e+00 2.038964000000000054e-01 7.419655999999999807e+00
8.849999999999999645e+00 3.056348999999999871e-01 1.283155999999999963e+01
8.849999999999999645e+00 4.586450999999999723e-01 1.905433999999999983e+01
8.849999999999999645e+00 6.883943999999999619e-01 2.464921999999999969e+01
8.849999999999999645e+00 1.032767999999999908e+00 2.995777000000000001e+01
8.849999999999999645e+00 1.549323000000000006e+00 3.717367999999999739e+01
8.849999999999999645e+00 2.237315999999999860e+00 5.566819000000000273e+01
8.849999999999999645e+00 2.922752000000000017e+00 8.222802000000000078e+01
9.339999999999999858e+00 2.628257999999999983e-02 1.540006999999999904e-01
9.339999999999999858e+00 4.415427999999999714e-02 2.489538000000000029e-01
9.339999999999999858e+00 6.232185999999999976e-02 6.768252000000000157e-01
9.339999999999999858e+00 9.020585000000000409e-02 1.300329999999999986e+00
9.339999999999999858e+00 1.352297000000000082e-01 2.796397999999999939e+00
9.339999999999999858e+00 2.038964000000000054e-01 5.693882999999999583e+00
9.339999999999999858e+00 3.056348999999999871e-01 1.047612999999999950e+01
9.339999999999999858e+00 4.586450999999999723e-01 1.680715999999999966e+01
9.339999999999999858e+00 6.883943999999999619e-01 2.295398000000000138e+01
9.339999999999999858e+00 1.032767999999999908e+00 2.834855999999999909e+01
9.339999999999999858e+00 1.549323000000000006e+00 3.550415999999999883e+01
9.339999999999999858e+00 2.237315999999999860e+00 5.287982999999999834e+01
9.339999999999999858e+00 2.922752000000000017e+00 7.707965000000000089e+01
9.859999999999999432e+00 2.628257999999999983e-02 4.115905999999999731e-01
9.859999999999999432e+00 4.415427999999999714e-02 6.077409999999999757e-01
9.859999999999999432e+00 6.232185999999999976e-02 1.266486999999999918e+00
9.859999999999999432e+00 9.020585000000000409e-02 1.745409999999999906e+00
9.859999999999999432e+00 1.352297000000000082e-01 2.909834000000000032e+00
9.859999999999999432e+00 2.038964000000000054e-01 4.944436999999999749e+00
9.859999999999999432e+00 3.056348999999999871e-01 8.836361999999999384e+00
9.859999999999999432e+00 4.586450999999999723e-01 1.435661999999999949e+01
9.859999999999999432e+00 6.883943999999999619e-01 2.027590999999999966e+01
9.859999999999999432e+00 1.032767999999999908e+00 2.527305000000000135e+01
9.859999999999999432e+00 1.549323000000000006e+00 3.189509999999999934e+01
9.859999999999999432e+00 2.237315999999999860e+00 4.728672999999999860e+01
9.859999999999999432e+00 2.922752000000000017e+00 6.786227999999999838e+01
