1.040000000000000036e+01 2.628257999999999983e-02 5.025589000000000084e+00
1.040000000000000036e+01 4.415427999999999714e-02 7.909386999999999723e+00
1.040000000000000036e+01 6.232185999999999976e-02 9.757917000000000840e+00
1.040000000000000036e+01 9.020585000000000409e-02 8.259002000000000621e+00
1.040000000000000036e+01 1.352297000000000082e-01 7.054713999999999707e+00
1.040000000000000036e+01 2.038964000000000054e-01 5.565693999999999697e+00
1.040000000000000036e+01 3.056348999999999871e-01 5.173068999999999917e+00
1.040000000000000036e+01 4.586450999999999723e-01 5.688023000000000273e+00
1.040000000000000036e+01 6.883943999999999619e-01 7.257836000000000176e+00
1.040000000000000036e+01 1.032767999999999908e+00 9.023692000000000490e+00
1.040000000000000036e+01 1.549323000000000006e+00 1.167531999999999925e+01
1.040000000000000036e+01 2.237315999999999860e+00 1.833595000000000041e+01
1.040000000000000036e+01 2.922752000000000017e+00 2.798524000000000100e+01
1.097000000000000064e+01 2.628257999999999983e-02 1.134819000000000067e+01
1.097000000000000064e+01 4.415427999999999714e-02 1.816242000000000090e+01
1.097000000000000064e+01 6.232185999999999976e-02 2.134628000000000014e+01
1.097000000000000064e+01 9.020585000000000409e-02 1.741432999999999964e+01
1.097000000000000064e+01 1.352297000000000082e-01 1.362688999999999950e+01
1.097000000000000064e+01 2.038964000000000054e-01 9.181126000000000786e+00
1.097000000000000064e+01 3.056348999999999871e-01 6.333133000000000123e+00
1.097000000000000064e+01 4.586450999999999723e-01 4.707161000000000151e+00
1.097000000000000064e+01 6.883943999999999619e-01 4.439498000000000388e+00
1.097000000000000064e+01 1.032767999999999908e+00 4.898089999999999833e+00
1.097000000000000064e+01 1.549323000000000006e+00 6.216872000000000398e+00
1.097000000000000064e+01 2.237315999999999860e+00 9.756375999999999493e+00
1.097000000000000064e+01 2.922752000000000017e+00 1.499829000000000079e+01
1.157000000000000028e+01 2.628257999999999983e-02 2.430499999999999972e+01
1.157000000000000028e+01 4.415427999999999714e-02 3.942714999999999748e+01
1.157000000000000028e+01 6.232185999999999976e-02 4.482782999999999873e+01
1.157000000000000028e+01 9.020585000000000409e-02 3.571437999999999846e+01
1.157000000000000028e+01 1.352297000000000082e-01 2.636704999999999899e+01
1.157000000000000028e+01 2.038964000000000054e-01 1.665968000000000160e+01
1.157000000000000028e+01 3.056348999999999871e-01 1.127586999999999939e+01
1.157000000000000028e+01 4.586450999999999723e-01 9.752992000000000772e+00
1.157000000000000028e+01 6.883943999999999619e-01 1.055738999999999983e+01
1.157000000000000028e+01 1.032767999999999908e+00 1.264789000000000030e+01
1.157000000000000028e+01 1.549323000000000006e+00 1.693724999999999881e+01
1.157000000000000028e+01 2.237315999999999860e+00 2.350931999999999888e+01
1.157000000000000028e+01 2.922752000000000017e+00 2.763990000000000080e+01
1.219999999999999929e+01 2.628257999999999983e-02 4.857820000000000249e+01
1.219999999999999929e+01 4.415427999999999714e-02 7.989785999999999433e+01
1.219999999999999929e+01 6.232185999999999976e-02 8.934466000000000463e+01
1.219999999999999929e+01 9.020585000000000409e-02 7.057940000000000680e+01
1.219999999999999929e+01 1.352297000000000082e-01 5.068863000000000341e+01
1.219999999999999929e+01 2.038964000000000054e-01 3.166454999999999842e+01
1.219999999999999929e+01 3.056348999999999871e-01 2.493449999999999989e+01
1.219999999999999929e+01 4.586450999999999723e-01 3.016084000000000032e+01
1.219999999999999929e+01 6.883943999999999619e-01 4.052011999999999858e+01
1.219999999999999929e+01 1.032767999999999908e+00 5.346047999999999689e+01
1.219999999999999929e+01 1.549323000000000006e+00 7.460742000000000473e+01
1.219999999999999929e+01 2.237315999999999860e+00 1.004638999999999953e+02
1.219999999999999929e+01 2.922752000000000017e+00 1.085713999999999970e+02
1.285999999999999943e+01 2.628257999999999983e-02 8.246680999999999528e+01
1.285999999999999943e+01 4.415427999999999714e-02 1.382898999999999887e+02
1.285999999999999943e+01 6.232185999999999976e-02 1.540572999999999979e+02
1.285999999999999943e+01 9.020585000000000409e-02 1.224455999999999989e+02
1.285999999999999943e+01 1.352297000000000082e-01 8.880104000000000042e+01
1.285999999999999943e+01 2.038964000000000054e-01 5.818643000000000143e+01
1.285999999999999943e+01 3.056348999999999871e-01 5.475775000000000148e+01
1.285999999999999943e+01 4.586450999999999723e-01 8.079850000000000421e+01
1.285999999999999943e+01 6.883943999999999619e-01 1.187283999999999935e+02
1.285999999999999943e+01 1.032767999999999908e+00 1.630427999999999997e+02
1.285999999999999943e+01 1.549323000000000006e+00 2.344649000000000001e+02
1.285999999999999943e+01 2.237315999999999860e+00 3.139442999999999984e+02
1.285999999999999943e+01 2.922752000000000017e+00 3.313072000000000230e+02
1.355000000000000071e+01 2.628257999999999983e-02 1.098298000000000059e+02
1.355000000000000071e+01 4.415427999999999714e-02 1.888668000000000120e+02
1.355000000000000071e+01 6.232185999999999976e-02 2.111141000000000076e+02
1.355000000000000071e+01 9.020585000000000409e-02 1.707572999999999865e+02
1.355000000000000071e+01 1.352297000000000082e-01 1.293779000000000110e+02
1.355000000000000071e+01 2.038964000000000054e-01 9.385962999999999568e+01
1.355000000000000071e+01 3.056348999999999871e-01 1.057031000000000063e+02
1.355000000000000071e+01 4.586450999999999723e-01 1.734174999999999898e+02
1.355000000000000071e+01 6.883943999999999619e-01 2.661055000000000064e+02
1.355000000000000071e+01 1.032767999999999908e+00 3.758698999999999728e+02
1.355000000000000071e+01 1.549323000000000006e+00 5.561802000000000135e+02
1.355000000000000071e+01 2.237315999999999860e+00 7.483929000000000542e+02
1.355000000000000071e+01 2.922752000000000017e+00 7.732807000000000244e+02
1.427999999999999936e+01 2.628257999999999983e-02 1.024492000000000047e+02
1.427999999999999936e+01 4.415427999999999714e-02 1.821038000000000068e+02
1.427999999999999936e+01 6.232185999999999976e-02 2.042967999999999904e+02
1.427999999999999936e+01 9.020585000000000409e-02 1.715064999999999884e+02
1.427999999999999936e+01 1.352297000000000082e-01 1.422149000000000001e+02
1.427999999999999936e+01 2.038964000000000054e-01 1.257494999999999976e+02
1.427999999999999936e+01 3.056348999999999871e-01 1.721242000000000019e+02
1.427999999999999936e+01 4.586450999999999723e-01 2.987103999999999928e+02
1.427999999999999936e+01 6.883943999999999619e-01 4.704608000000000061e+02
1.427999999999999936e+01 1.032767999999999908e+00 6.832255999999999858e+02
1.427999999999999936e+01 1.549323000000000006e+00 1.034913999999999987e+03
1.427999999999999936e+01 2.237315999999999860e+00 1.385179000000000087e+03
1.427999999999999936e+01 2.922752000000000017e+00 1.422584000000000060e+03
1.505000000000000071e+01 2.628257999999999983e-02 5.793063000000000073e+01
1.505000000000000071e+01 4.415427999999999714e-02 1.087780000000000058e+02
1.505000000000000071e+01 6.232185999999999976e-02 1.211137999999999977e+02
1.505000000000000071e+01 9.020585000000000409e-02 1.099778000000000020e+02
1.505000000000000071e+01 1.352297000000000082e-01 1.122416000000000054e+02
1.505000000000000071e+01 2.038964000000000054e-01 1.402276999999999987e+02
1.505000000000000071e+01 3.056348999999999871e-01 2.356103999999999985e+02
1.505000000000000071e+01 4.586450999999999723e-01 4.205480999999999767e+02
1.505000000000000071e+01 6.883943999999999619e-01 6.711897999999999911e+02
1.505000000000000071e+01 1.032767999999999908e+00 1.005225000000000023e+03
1.505000000000000071e+01 1.549323000000000006e+00 1.558463999999999942e+03
1.505000000000000071e+01 2.237315999999999860e+00 2.054976999999999862e+03
1.505000000000000071e+01 2.922752000000000017e+00 2.082186999999999898e+03
1.584999999999999964e+01 2.628257999999999983e-02 1.495078999999999958e+01
1.584999999999999964e+01 4.415427999999999714e-02 3.224855000000000160e+01
1.584999999999999964e+01 6.232185999999999976e-02 3.728661999999999921e+01
1.584999999999999964e+01 9.020585000000000409e-02 4.440104999999999791e+01
1.584999999999999964e+01 1.352297000000000082e-01 7.456194000000000699e+01
1.584999999999999964e+01 2.038964000000000054e-01 1.430808000000000106e+02
1.584999999999999964e+01 3.056348999999999871e-01 2.782642999999999915e+02
1.584999999999999964e+01 4.586450999999999723e-01 4.928457000000000221e+02
1.584999999999999964e+01 6.883943999999999619e-01 7.925744999999999436e+02
1.584999999999999964e+01 1.032767999999999908e+00 1.221634999999999991e+03
1.584999999999999964e+01 1.549323000000000006e+00 1.944989000000000033e+03
1.584999999999999964e+01 2.237315999999999860e+00 2.562210000000000036e+03
1.584999999999999964e+01 2.922752000000000017e+00 2.559061000000000149e+03
1.669000000000000128e+01 2.628257999999999983e-02 1.028172000000000086e+00
1.669000000000000128e+01 4.415427999999999714e-02 4.136052000000000284e+00
1.669000000000000128e+01 6.232185999999999976e-02 1.630921000000000021e+01
1.669000000000000128e+01 9.020585000000000409e-02 3.123009000000000057e+01
1.669000000000000128e+01 1.352297000000000082e-01 7.507721999999999696e+01
1.669000000000000128e+01 2.038964000000000054e-01 1.568469000000000051e+02
1.669000000000000128e+01 3.056348999999999871e-01 2.985312999999999874e+02
1.669000000000000128e+01 4.586450999999999723e-01 5.015699999999999932e+02
1.669000000000000128e+01 6.883943999999999619e-01 7.999480999999999540e+02
1.669000000000000128e+01 1.032767999999999908e+00 1.266647999999999911e+03
1.669000000000000128e+01 1.549323000000000006e+00 2.055503999999999905e+03
1.669000000000000128e+01 2.237315999999999860e+00 2.704871999999999844e+03
1.669000000000000128e+01 2.922752000000000017e+00 2.673929000000000087e+03
1.757000000000000028e+01 2.628257999999999983e-02 1.321753000000000000e+01
1.757000000000000028e+01 4.415427999999999714e-02 2.122260999999999953e+01
1.757000000000000028e+01 6.232185999999999976e-02 5.073807000000000045e+01
1.757000000000000028e+01 9.020585000000000409e-02 6.651136999999999944e+01
1.757000000000000028e+01 1.352297000000000082e-01 1.146865999999999985e+02
1.757000000000000028e+01 2.038964000000000054e-01 1.881761999999999944e+02
1.757000000000000028e+01 3.056348999999999871e-01 3.026974999999999909e+02
1.757000000000000028e+01 4.586450999999999723e-01 4.625029000000000110e+02
1.757000000000000028e+01 6.883943999999999619e-01 7.176059000000000196e+02
1.757000000000000028e+01 1.032767999999999908e+00 1.150309999999999945e+03
1.757000000000000028e+01 1.549323000000000006e+00 1.877729000000000042e+03
1.757000000000000028e+01 2.237315999999999860e+00 2.433378999999999905e+03
1.757000000000000028e+01 2.922752000000000017e+00 2.364025000000000091e+03
1.850000000000000000e+01 2.628257999999999983e-02 4.114029000000000025e+01
1.850000000000000000e+01 4.415427999999999714e-02 6.327617999999999654e+01
1.850000000000000000e+01 6.232185999999999976e-02 1.096230000000000047e+02
1.850000000000000000e+01 9.020585000000000409e-02 1.202262999999999948e+02
1.850000000000000000e+01 1.352297000000000082e-01 1.640682999999999936e+02
1.850000000000000000e+01 2.038964000000000054e-01 2.148435000000000059e+02
1.850000000000000000e+01 3.056348999999999871e-01 2.821027000000000271e+02
1.850000000000000000e+01 4.586450999999999723e-01 3.775590000000000259e+02
1.850000000000000000e+01 6.883943999999999619e-01 5.543120000000000118e+02
1.850000000000000000e+01 1.032767999999999908e+00 8.819764999999999873e+02
1.850000000000000000e+01 1.549323000000000006e+00 1.441690000000000055e+03
1.850000000000000000e+01 2.237315999999999860e+00 1.860982999999999947e+03
1.850000000000000000e+01 2.922752000000000017e+00 1.821252999999999929e+03
1.948000000000000043e+01 2.628257999999999983e-02 7.320059999999999434e+01
1.948000000000000043e+01 4.415427999999999714e-02 1.106744999999999948e+02
1.948000000000000043e+01 6.232185999999999976e-02 1.667030000000000030e+02
1.948000000000000043e+01 9.020585000000000409e-02 1.679130999999999858e+02
1.948000000000000043e+01 1.352297000000000082e-01 2.011200000000000045e+02
1.948000000000000043e+01 2.038964000000000054e-01 2.255336000000000070e+02
1.948000000000000043e+01 3.056348999999999871e-01 2.435355999999999881e+02
1.948000000000000043e+01 4.586450999999999723e-01 2.750600999999999772e+02
1.948000000000000043e+01 6.883943999999999619e-01 3.623935999999999922e+02
1.948000000000000043e+01 1.032767999999999908e+00 5.556050000000000182e+02
1.948000000000000043e+01 1.549323000000000006e+00 8.968478000000000065e+02
1.948000000000000043e+01 2.237315999999999860e+00 1.154974999999999909e+03
1.948000000000000043e+01 2.922752000000000017e+00 1.150778000000000020e+03
2.050000000000000000e+01 2.628257999999999983e-02 8.237435999999999581e+01
2.050000000000000000e+01 4.415427999999999714e-02 1.257012000000000000e+02
2.050000000000000000e+01 6.232185999999999976e-02 1.781422000000000025e+02
2.050000000000000000e+01 9.020585000000000409e-02 1.733288000000000011e+02
2.050000000000000000e+01 1.352297000000000082e-01 1.958179000000000087e+02
2.050000000000000000e+01 2.038964000000000054e-01 2.015321000000000140e+02
2.050000000000000000e+01 3.056348999999999871e-01 1.873499999999999943e+02
2.050000000000000000e+01 4.586450999999999723e-01 1.769166999999999916e+02
2.050000000000000000e+01 6.883943999999999619e-01 1.929962999999999909e+02
2.050000000000000000e+01 1.032767999999999908e+00 2.659372000000000185e+02
2.050000000000000000e+01 1.549323000000000006e+00 4.131798000000000002e+02
2.050000000000000000e+01 2.237315999999999860e+00 5.289565999999999804e+02
2.050000000000000000e+01 2.922752000000000017e+00 5.381296999999999571e+02
2.157999999999999829e+01 2.628257999999999983e-02 4.985826999999999742e+01
2.157999999999999829e+01 4.415427999999999714e-02 7.935487999999999431e+01
2.157999999999999829e+01 6.232185999999999976e-02 1.131526000000000067e+02
2.157999999999999829e+01 9.020585000000000409e-02 1.123032999999999930e+02
2.157999999999999829e+01 1.352297000000000082e-01 1.293569999999999993e+02
2.157999999999999829e+01 2.038964000000000054e-01 1.337698000000000036e+02
2.157999999999999829e+01 3.056348999999999871e-01 1.190747000000000071e+02
2.157999999999999829e+01 4.586450999999999723e-01 1.031306000000000012e+02
2.157999999999999829e+01 6.883943999999999619e-01 9.184489999999999554e+01
2.157999999999999829e+01 1.032767999999999908e+00 1.014665999999999997e+02
2.157999999999999829e+01 1.549323000000000006e+00 1.430458999999999889e+02
2.157999999999999829e+01 2.237315999999999860e+00 1.803172999999999888e+02
2.157999999999999829e+01 2.922752000000000017e+00 1.860510999999999910e+02
2.271000000000000085e+01 2.628257999999999983e-02 1.670823999999999998e+01
2.271000000000000085e+01 4.415427999999999714e-02 2.829061000000000092e+01
2.271000000000000085e+01 6.232185999999999976e-02 4.208203000000000316e+01
2.271000000000000085e+01 9.020585000000000409e-02 4.433050000000000068e+01
2.271000000000000085e+01 1.352297000000000082e-01 5.492851999999999890e+01
2.271000000000000085e+01 2.038964000000000054e-01 6.155337000000000103e+01
2.271000000000000085e+01 3.056348999999999871e-01 5.852018999999999949e+01
2.271000000000000085e+01 4.586450999999999723e-01 5.304185999999999979e+01
2.271000000000000085e+01 6.883943999999999619e-01 4.346363999999999805e+01
2.271000000000000085e+01 1.032767999999999908e+00 3.672310999999999837e+01
2.271000000000000085e+01 1.549323000000000006e+00 4.172673000000000343e+01
2.271000000000000085e+01 2.237315999999999860e+00 5.006098999999999677e+01
2.271000000000000085e+01 2.922752000000000017e+00 5.248586000000000240e+01
2.389000000000000057e+01 2.628257999999999983e-02 3.488755999999999968e+00
2.389000000000000057e+01 4.415427999999999714e-02 6.348728000000000371e+00
2.389000000000000057e+01 6.232185999999999976e-02 1.007052000000000014e+01
2.389000000000000057e+01 9.020585000000000409e-02 1.152857999999999983e+01
2.389000000000000057e+01 1.352297000000000082e-01 1.588127000000000066e+01
2.389000000000000057e+01 2.038964000000000054e-01 2.014076000000000022e+01
2.389000000000000057e+01 3.056348999999999871e-01 2.190371000000000024e+01
2.389000000000000057e+01 4.586450999999999723e-01 2.286435000000000173e+01
2.389000000000000057e+01 6.883943999999999619e-01 2.050940999999999903e+01
2.389000000000000057e+01 1.032767999999999908e+00 1.576023999999999958e+01
2.389000000000000057e+01 1.549323000000000006e+00 1.394880999999999993e+01
2.389000000000000057e+01 2.237315999999999860e+00 1.537583000000000055e+01
2.389000000000000057e+01 2.922752000000000017e+00 1.660842999999999847e+01
2.514000000000000057e+01 2.628257999999999983e-02 5.245178999999999814e-01
2.514000000000000057e+01 4.415427999999999714e-02 1.030451999999999924e+00
2.514000000000000057e+01 6.232185999999999976e-02 1.773222999999999994e+00
2.514000000000000057e+01 9.020585000000000409e-02 2.237985999999999809e+00
2.514000000000000057e+01 1.352297000000000082e-01 3.516115000000000101e+00
2.514000000000000057e+01 2.038964000000000054e-01 5.160080999999999918e+00
2.514000000000000057e+01 3.056348999999999871e-01 6.657847000000000293e+00
2.514000000000000057e+01 4.586450999999999723e-01 8.314211000000000240e+00
2.514000000000000057e+01 6.883943999999999619e-01 8.891037000000000745e+00
2.514000000000000057e+01 1.032767999999999908e+00 7.586406000000000205e+00
2.514000000000000057e+01 1.549323000000000006e+00 6.153815999999999953e+00
2.514000000000000057e+01 2.237315999999999860e+00 6.618920000000000137e+00
2.514000000000000057e+01 2.922752000000000017e+00 7.579301000000000066e+00
2.644000000000000128e+01 2.628257999999999983e-02 7.546276999999999846e-02
2.644000000000000128e+01 4.415427999999999714e-02 1.620846999999999982e-01
2.644000000000000128e+01 6.232185999999999976e-02 3.025229999999999864e-01
2.644000000000000128e+01 9.020585000000000409e-02 4.113978999999999830e-01
2.644000000000000128e+01 1.352297000000000082e-01 7.140988999999999809e-01
2.644000000000000128e+01 2.038964000000000054e-01 1.177516000000000007e+00
2.644000000000000128e+01 3.056348999999999871e-01 1.770680999999999949e+00
2.644000000000000128e+01 4.586450999999999723e-01 2.637621000000000215e+00
2.644000000000000128e+01 6.883943999999999619e-01 3.447331999999999841e+00
2.644000000000000128e+01 1.032767999999999908e+00 3.586895999999999862e+00
2.644000000000000128e+01 1.549323000000000006e+00 3.105218999999999951e+00
2.644000000000000128e+01 2.237315999999999860e+00 3.464582000000000050e+00
2.644000000000000128e+01 2.922752000000000017e+00 4.189267000000000074e+00
2.782000000000000028e+01 2.628257999999999983e-02 1.648130000000000081e-02
2.782000000000000028e+01 4.415427999999999714e-02 3.908094000000000151e-02
2.782000000000000028e+01 6.232185999999999976e-02 7.832092999999999694e-02
2.782000000000000028e+01 9.020585000000000409e-02 1.112360000000000015e-01
2.782000000000000028e+01 1.352297000000000082e-01 1.992993999999999877e-01
2.782000000000000028e+01 2.038964000000000054e-01 3.398764000000000229e-01
2.782000000000000028e+01 3.056348999999999871e-01 5.469323000000000379e-01
2.782000000000000028e+01 4.586450999999999723e-01 8.970015000000000072e-01
2.782000000000000028e+01 6.883943999999999619e-01 1.370943000000000023e+00
2.782000000000000028e+01 1.032767999999999908e+00 1.745411000000000046e+00
2.782000000000000028e+01 1.549323000000000006e+00 1.767484999999999973e+00
2.782000000000000028e+01 2.237315999999999860e+00 2.068554999999999922e+00
2.782000000000000028e+01 2.922752000000000017e+00 2.604363000000000206e+00
2.926000000000000156e+01 2.628257999999999983e-02 9.180806999999999163e-03
2.926000000000000156e+01 4.415427999999999714e-02 2.301314999999999958e-02
2.926000000000000156e+01 6.232185999999999976e-02 4.932494999999999935e-02
2.926000000000000156e+01 9.020585000000000409e-02 7.207966999999999846e-02
2.926000000000000156e+01 1.352297000000000082e-01 1.288788999999999907e-01
2.926000000000000156e+01 2.038964000000000054e-01 2.119270000000000043e-01
2.926000000000000156e+01 3.056348999999999871e-01 3.307231999999999950e-01
2.926000000000000156e+01 4.586450999999999723e-01 5.125941999999999998e-01
2.926000000000000156e+01 6.883943999999999619e-01 7.806336000000000386e-01
2.926000000000000156e+01 1.032767999999999908e+00 1.070297999999999972e+00
2.926000000000000156e+01 1.549323000000000006e+00 1.239969000000000099e+00
2.926000000000000156e+01 2.237315999999999860e+00 1.485036000000000023e+00
2.926000000000000156e+01 2.922752000000000017e+00 1.825954000000000077e+00
3.076999999999999957e+01 2.628257999999999983e-02 1.003171999999999918e-02
3.076999999999999957e+01 4.415427999999999714e-02 2.526557999999999929e-02
3.076999999999999957e+01 6.232185999999999976e-02 5.642624000000000251e-02
3.076999999999999957e+01 9.020585000000000409e-02 8.311999999999999944e-02
3.076999999999999957e+01 1.352297000000000082e-01 1.497356999999999994e-01
3.076999999999999957e+01 2.038964000000000054e-01 2.426240000000000063e-01
3.076999999999999957e+01 3.056348999999999871e-01 3.699033999999999933e-01
3.076999999999999957e+01 4.586450999999999723e-01 5.392276999999999765e-01
3.076999999999999957e+01 6.883943999999999619e-01 7.678462000000000343e-01
3.076999999999999957e+01 1.032767999999999908e+00 1.003166000000000002e+00
3.076999999999999957e+01 1.549323000000000006e+00 1.204488999999999921e+00
3.076999999999999957e+01 2.237315999999999860e+00 1.460736999999999952e+00
3.076999999999999957e+01 2.922752000000000017e+00 1.745441000000000020e+00
3.235999999999999943e+01 2.628257999999999983e-02 1.317917000000000047e-02
3.235999999999999943e+01 4.415427999999999714e-02 3.330260000000000165e-02
3.235999999999999943e+01 6.232185999999999976e-02 7.602047000000000665e-02
3.235999999999999943e+01 9.020585000000000409e-02 1.114403000000000060e-01
3.235999999999999943e+01 1.352297000000000082e-01 2.018664000000000014e-01
3.235999999999999943e+01 2.038964000000000054e-01 3.259944000000000175e-01
3.235999999999999943e+01 3.056348999999999871e-01 4.949840999999999824e-01
3.235999999999999943e+01 4.586450999999999723e-01 7.129792999999999825e-01
3.235999999999999943e+01 6.883943999999999619e-01 9.900293999999999484e-01
3.235999999999999943e+01 1.032767999999999908e+00 1.244863000000000053e+00
3.235999999999999943e+01 1.549323000000000006e+00 1.481260000000000021e+00
3.235999999999999943e+01 2.237315999999999860e+00 1.806691000000000047e+00
3.235999999999999943e+01 2.922752000000000017e+00 2.168950000000000156e+00
3.403000000000000114e+01 2.628257999999999983e-02 2.072401999999999855e+00
3.403000000000000114e+01 4.415427999999999714e-02 5.190367000000000175e+00
3.403000000000000114e+01 6.232185999999999976e-02 1.403880999999999979e+01
3.403000000000000114e+01 9.020585000000000409e-02 1.997343000000000046e+01
3.403000000000000114e+01 1.352297000000000082e-01 3.685938000000000159e+01
3.403000000000000114e+01 2.038964000000000054e-01 6.072209999999999752e+01
3.403000000000000114e+01 3.056348999999999871e-01 9.826454999999999984e+01
3.403000000000000114e+01 4.586450999999999723e-01 1.617529000000000110e+02
3.403000000000000114e+01 6.883943999999999619e-01 2.636960000000000264e+02
3.403000000000000114e+01 1.032767999999999908e+00 3.937341000000000122e+02
3.403000000000000114e+01 1.549323000000000006e+00 5.669921000000000504e+02
3.403000000000000114e+01 2.237315999999999860e+00 8.083437999999999874e+02
3.403000000000000114e+01 2.922752000000000017e+00 1.064883000000000038e+03
6.000000000000000000e+00 2.628257999999999983e-02 7.542510999999999521e-01
6.000000000000000000e+00 4.415427999999999714e-02 2.301972999999999825e+00
6.000000000000000000e+00 6.232185999999999976e-02 4.330492999999999704e+00
6.000000000000000000e+00 9.020585000000000409e-02 6.866455000000000197e+00
6.000000000000000000e+00 1.352297000000000082e-01 1.258943000000000012e+01
6.000000000000000000e+00 2.038964000000000054e-01 1.495025000000000048e+01
6.000000000000000000e+00 3.056348999999999871e-01 1.467900000000000027e+01
6.000000000000000000e+00 4.586450999999999723e-01 1.390943000000000040e+01
6.000000000000000000e+00 6.883943999999999619e-01 1.378759999999999941e+01
6.000000000000000000e+00 1.032767999999999908e+00 1.482637000000000072e+01
6.000000000000000000e+00 1.549323000000000006e+00 1.793824000000000041e+01
6.000000000000000000e+00 2.237315999999999860e+00 2.774128999999999934e+01
6.000000000000000000e+00 2.922752000000000017e+00 4.360157999999999845e+01
6.349999999999999645e+00 2.628257999999999983e-02 6.654841000000000228e-01
6.349999999999999645e+00 4.415427999999999714e-02 2.110568999999999917e+00
6.349999999999999645e+00 6.232185999999999976e-02 3.861415000000000042e+00
6.349999999999999645e+00 9.020585000000000409e-02 6.095189000000000412e+00
6.349999999999999645e+00 1.352297000000000082e-01 1.178152000000000044e+01
6.349999999999999645e+00 2.038964000000000054e-01 1.584980999999999973e+01
6.349999999999999645e+00 3.056348999999999871e-01 1.661066999999999894e+01
6.349999999999999645e+00 4.586450999999999723e-01 1.651115000000000066e+01
6.349999999999999645e+00 6.883943999999999619e-01 1.691618000000000066e+01
6.349999999999999645e+00 1.032767999999999908e+00 1.838017999999999930e+01
6.349999999999999645e+00 1.549323000000000006e+00 2.239214000000000127e+01
6.349999999999999645e+00 2.237315999999999860e+00 3.457160999999999973e+01
6.349999999999999645e+00 2.922752000000000017e+00 5.439958000000000027e+01
6.719999999999999751e+00 2.628257999999999983e-02 5.306937999999999933e-01
6.719999999999999751e+00 4.415427999999999714e-02 1.678522000000000070e+00
6.719999999999999751e+00 6.232185999999999976e-02 3.032350999999999797e+00
6.719999999999999751e+00 9.020585000000000409e-02 4.868471999999999689e+00
6.719999999999999751e+00 1.352297000000000082e-01 9.979587000000000430e+00
6.719999999999999751e+00 2.038964000000000054e-01 1.527421000000000006e+01
6.719999999999999751e+00 3.056348999999999871e-01 1.762338000000000093e+01
6.719999999999999751e+00 4.586450999999999723e-01 1.863858000000000104e+01
6.719999999999999751e+00 6.883943999999999619e-01 1.969324999999999903e+01
6.719999999999999751e+00 1.032767999999999908e+00 2.187935999999999837e+01
6.719999999999999751e+00 1.549323000000000006e+00 2.676446999999999932e+01
6.719999999999999751e+00 2.237315999999999860e+00 4.115832999999999942e+01
6.719999999999999751e+00 2.922752000000000017e+00 6.416293000000000291e+01
7.099999999999999645e+00 2.628257999999999983e-02 3.421399999999999997e-01
7.099999999999999645e+00 4.415427999999999714e-02 1.178136000000000072e+00
7.099999999999999645e+00 6.232185999999999976e-02 2.113137000000000043e+00
7.099999999999999645e+00 9.020585000000000409e-02 3.521580999999999850e+00
7.099999999999999645e+00 1.352297000000000082e-01 7.638836999999999655e+00
7.099999999999999645e+00 2.038964000000000054e-01 1.341416000000000075e+01
7.099999999999999645e+00 3.056348999999999871e-01 1.722472000000000136e+01
7.099999999999999645e+00 4.586450999999999723e-01 1.990534999999999854e+01
7.099999999999999645e+00 6.883943999999999619e-01 2.190144000000000091e+01
7.099999999999999645e+00 1.032767999999999908e+00 2.485172000000000025e+01
7.099999999999999645e+00 1.549323000000000006e+00 3.056869000000000014e+01
7.099999999999999645e+00 2.237315999999999860e+00 4.690809999999999746e+01
7.099999999999999645e+00 2.922752000000000017e+00 7.291225000000000023e+01
7.509999999999999787e+00 2.628257999999999983e-02 1.647657999999999900e-01
7.509999999999999787e+00 4.415427999999999714e-02 7.070115000000000149e-01
7.509999999999999787e+00 6.232185999999999976e-02 1.345056999999999947e+00
7.509999999999999787e+00 9.020585000000000409e-02 2.403144999999999865e+00
7.509999999999999787e+00 1.352297000000000082e-01 5.515770999999999979e+00
7.509999999999999787e+00 2.038964000000000054e-01 1.093651000000000018e+01
7.509999999999999787e+00 3.056348999999999871e-01 1.567914000000000030e+01
7.509999999999999787e+00 4.586450999999999723e-01 1.992586999999999975e+01
7.509999999999999787e+00 6.883943999999999619e-01 2.322624000000000066e+01
7.509999999999999787e+00 1.032767999999999908e+00 2.691886999999999830e+01
7.509999999999999787e+00 1.549323000000000006e+00 3.343238000000000198e+01
7.509999999999999787e+00 2.237315999999999860e+00 5.118672000000000111e+01
7.509999999999999787e+00 2.922752000000000017e+00 7.864448000000000150e+01
7.929999999999999716e+00 2.628257999999999983e-02 5.369548999999999850e-02
7.929999999999999716e+00 4.415427999999999714e-02 3.405652000000000124e-01
7.929999999999999716e+00 6.232185999999999976e-02 7.389837000000000211e-01
7.929999999999999716e+00 9.020585000000000409e-02 1.545214000000000087e+00
7.929999999999999716e+00 1.352297000000000082e-01 3.867097999999999924e+00
7.929999999999999716e+00 2.038964000000000054e-01 8.316938000000000386e+00
7.929999999999999716e+00 3.056348999999999871e-01 1.345635000000000048e+01
7.929999999999999716e+00 4.586450999999999723e-01 1.898219999999999885e+01
7.929999999999999716e+00 6.883943999999999619e-01 2.346537999999999968e+01
7.929999999999999716e+00 1.032767999999999908e+00 2.793578000000000117e+01
7.929999999999999716e+00 1.549323000000000006e+00 3.492378000000000071e+01
7.929999999999999716e+00 2.237315999999999860e+00 5.325473000000000212e+01
7.929999999999999716e+00 2.922752000000000017e+00 8.135039999999999338e+01
8.380000000000000782e+00 2.628257999999999983e-02 5.124867000000000311e-02
8.380000000000000782e+00 4.415427999999999714e-02 1.687255000000000005e-01
8.380000000000000782e+00 6.232185999999999976e-02 4.666530999999999874e-01
8.380000000000000782e+00 9.020585000000000409e-02 1.064035999999999982e+00
8.380000000000000782e+00 1.352297000000000082e-01 2.704305000000000181e+00
8.380000000000000782e+00 2.038964000000000054e-01 6.107369000000000270e+00
8.380000000000000782e+00 3.056348999999999871e-01 1.095777000000000001e+01
8.380000000000000782e+00 4.586450999999999723e-01 1.713597000000000037e+01
8.380000000000000782e+00 6.883943999999999619e-01 2.250757000000000119e+01
8.380000000000000782e+00 1.032767999999999908e+00 2.748736999999999853e+01
8.380000000000000782e+00 1.549323000000000006e+00 3.472397000000000133e+01
8.380000000000000782e+00 2.237315999999999860e+00 5.290406000000000120e+01
8.380000000000000782e+00 2.922752000000000017e+00 7.970223000000000013e+01
8.849999999999999645e+00 2.628257999999999983e-02 2.438771000000000133e-01
8.849999999999999645e+00 4.415427999999999714e-02 3.331504000000000132e-01
8.849999999999999645e+00 6.232185999999999976e-02 6.819707999999999881e-01
8.849999999999999645e+00 9.020585000000000409e-02 1.096033000000000035e+00
8.849999999999999645e+00 1.352297000000000082e-01 2.207240000000000091e+00
8.849999999999999645e+00 2.038964000000000054e-01 4.584734000000000087e+00
8.849999999999999645e+00 3.056348999999999871e-01 8.649229000000000056e+00
8.849999999999999645e+00 4.586450999999999723e-01 1.456609000000000087e+01
8.849999999999999645e+00 6.883943999999999619e-01 2.027797999999999945e+01
8.849999999999999645e+00 1.032767999999999908e+00 2.536289000000000016e+01
8.849999999999999645e+00 1.549323000000000006e+00 3.233585999999999672e+01
8.849999999999999645e+00 2.237315999999999860e+00 4.933937000000000239e+01
8.849999999999999645e+00 2.922752000000000017e+00 7.334445999999999799e+01
9.339999999999999858e+00 2.628257999999999983e-02 8.033692000000000055e-01
9.339999999999999858e+00 4.415427999999999714e-02 1.121930000000000094e+00
9.339999999999999858e+00 6.232185999999999976e-02 1.709595999999999894e+00
9.339999999999999858e+00 9.020585000000000409e-02 1.853736000000000050e+00
9.339999999999999858e+00 1.352297000000000082e-01 2.459258000000000166e+00
9.339999999999999858e+00 2.038964000000000054e-01 3.855582000000000065e+00
9.339999999999999858e+00 3.056348999999999871e-01 6.868959000000000259e+00
9.339999999999999858e+00 4.586450999999999723e-01 1.161242000000000019e+01
9.339999999999999858e+00 6.883943999999999619e-01 1.673561000000000121e+01
9.339999999999999858e+00 1.032767999999999908e+00 2.140409000000000006e+01
9.339999999999999858e+00 1.549323000000000006e+00 2.755373000000000161e+01
9.339999999999999858e+00 2.237315999999999860e+00 4.205581000000000103e+01
9.339999999999999858e+00 2.922752000000000017e+00 6.234134999999999849e+01
9.859999999999999432e+00 2.628257999999999983e-02 2.085538000000000114e+00
9.859999999999999432e+00 4.415427999999999714e-02 3.165671999999999819e+00
9.859999999999999432e+00 6.232185999999999976e-02 4.215512000000000370e+00
9.859999999999999432e+00 9.020585000000000409e-02 3.846111000000000057e+00
9.859999999999999432e+00 1.352297000000000082e-01 3.835885000000000211e+00
9.859999999999999432e+00 2.038964000000000054e-01 4.065812000000000204e+00
9.859999999999999432e+00 3.056348999999999871e-01 5.628269999999999662e+00
9.859999999999999432e+00 4.586450999999999723e-01 8.498075000000000045e+00
9.859999999999999432e+00 6.883943999999999619e-01 1.221466000000000030e+01
9.859999999999999432e+00 1.032767999999999908e+00 1.564105999999999952e+01
9.859999999999999432e+00 1.549323000000000006e+00 2.027082000000000050e+01
9.859999999999999432e+00 2.237315999999999860e+00 3.110792999999999964e+01
9.859999999999999432e+00 2.922752000000000017e+00 4.637389000000000294e+01
