1.040000000000000036e+01 2.628257999999999983e-02 5.217671999999999866e-01
1.040000000000000036e+01 4.415427999999999714e-02 2.011163999999999952e+00
1.040000000000000036e+01 6.232185999999999976e-02 4.019925999999999888e+00
1.040000000000000036e+01 9.020585000000000409e-02 6.813244000000000078e+00
1.040000000000000036e+01 1.352297000000000082e-01 1.534225999999999956e+01
1.040000000000000036e+01 2.038964000000000054e-01 2.270208999999999833e+01
1.040000000000000036e+01 3.056348999999999871e-01 2.375466000000000122e+01
1.040000000000000036e+01 4.586450999999999723e-01 2.395660000000000167e+01
1.040000000000000036e+01 6.883943999999999619e-01 2.449294000000000082e+01
1.040000000000000036e+01 1.032767999999999908e+00 2.617397000000000062e+01
1.040000000000000036e+01 1.549323000000000006e+00 3.206580999999999904e+01
1.040000000000000036e+01 2.237315999999999860e+00 5.017074999999999818e+01
1.040000000000000036e+01 2.922752000000000017e+00 7.755603999999999587e+01
1.097000000000000064e+01 2.628257999999999983e-02 9.943290999999999935e-02
1.097000000000000064e+01 4.415427999999999714e-02 6.352086000000000121e-01
1.097000000000000064e+01 6.232185999999999976e-02 1.411132000000000053e+00
1.097000000000000064e+01 9.020585000000000409e-02 2.908384999999999998e+00
1.097000000000000064e+01 1.352297000000000082e-01 7.384710000000000107e+00
1.097000000000000064e+01 2.038964000000000054e-01 1.445059000000000005e+01
1.097000000000000064e+01 3.056348999999999871e-01 1.849059000000000097e+01
1.097000000000000064e+01 4.586450999999999723e-01 2.124455000000000027e+01
1.097000000000000064e+01 6.883943999999999619e-01 2.326315999999999917e+01
1.097000000000000064e+01 1.032767999999999908e+00 2.597963000000000022e+01
1.097000000000000064e+01 1.549323000000000006e+00 3.255487999999999715e+01
1.097000000000000064e+01 2.237315999999999860e+00 5.110979999999999990e+01
1.097000000000000064e+01 2.922752000000000017e+00 7.822156999999999982e+01
1.157000000000000028e+01 2.628257999999999983e-02 1.177735000000000032e-01
1.157000000000000028e+01 4.415427999999999714e-02 2.096626000000000045e-01
1.157000000000000028e+01 6.232185999999999976e-02 5.136646000000000267e-01
1.157000000000000028e+01 9.020585000000000409e-02 1.298982999999999999e+00
1.157000000000000028e+01 1.352297000000000082e-01 3.404603999999999964e+00
1.157000000000000028e+01 2.038964000000000054e-01 7.572835999999999679e+00
1.157000000000000028e+01 3.056348999999999871e-01 1.216033000000000008e+01
1.157000000000000028e+01 4.586450999999999723e-01 1.641954000000000136e+01
1.157000000000000028e+01 6.883943999999999619e-01 1.965640000000000143e+01
1.157000000000000028e+01 1.032767999999999908e+00 2.304099000000000075e+01
1.157000000000000028e+01 1.549323000000000006e+00 2.944769000000000148e+01
1.157000000000000028e+01 2.237315999999999860e+00 4.588828000000000173e+01
1.157000000000000028e+01 2.922752000000000017e+00 6.904429000000000372e+01
1.219999999999999929e+01 2.628257999999999983e-02 6.346775000000000055e-01
1.219999999999999929e+01 4.415427999999999714e-02 8.587633000000000072e-01
1.219999999999999929e+01 6.232185999999999976e-02 1.263916000000000039e+00
1.219999999999999929e+01 9.020585000000000409e-02 1.531068000000000096e+00
1.219999999999999929e+01 1.352297000000000082e-01 2.297597999999999807e+00
1.219999999999999929e+01 2.038964000000000054e-01 4.056948000000000221e+00
1.219999999999999929e+01 3.056348999999999871e-01 7.160427999999999571e+00
1.219999999999999929e+01 4.586450999999999723e-01 1.123005999999999993e+01
1.219999999999999929e+01 6.883943999999999619e-01 1.464010999999999996e+01
1.219999999999999929e+01 1.032767999999999908e+00 1.780217999999999989e+01
1.219999999999999929e+01 1.549323000000000006e+00 2.334569000000000116e+01
1.219999999999999929e+01 2.237315999999999860e+00 3.622825999999999880e+01
1.219999999999999929e+01 2.922752000000000017e+00 5.378166000000000224e+01
1.285999999999999943e+01 2.628257999999999983e-02 1.737292000000000058e+00
1.285999999999999943e+01 4.415427999999999714e-02 2.677627999999999897e+00
1.285999999999999943e+01 6.232185999999999976e-02 3.691790999999999823e+00
1.285999999999999943e+01 9.020585000000000409e-02 3.494845000000000201e+00
1.285999999999999943e+01 1.352297000000000082e-01 3.433613999999999944e+00
1.285999999999999943e+01 2.038964000000000054e-01 3.381988000000000216e+00
1.285999999999999943e+01 3.056348999999999871e-01 4.548999000000000237e+00
1.285999999999999943e+01 4.586450999999999723e-01 6.736879000000000062e+00
1.285999999999999943e+01 6.883943999999999619e-01 9.118278999999999357e+00
1.285999999999999943e+01 1.032767999999999908e+00 1.141586999999999996e+01
1.285999999999999943e+01 1.549323000000000006e+00 1.528772000000000020e+01
1.285999999999999943e+01 2.237315999999999860e+00 2.393825000000000003e+01
1.285999999999999943e+01 2.922752000000000017e+00 3.553472000000000008e+01
1.355000000000000071e+01 2.628257999999999983e-02 3.354572000000000109e+00
1.355000000000000071e+01 4.415427999999999714e-02 5.674313999999999858e+00
1.355000000000000071e+01 6.232185999999999976e-02 7.608113000000000348e+00
1.355000000000000071e+01 9.020585000000000409e-02 6.936923000000000172e+00
1.355000000000000071e+01 1.352297000000000082e-01 6.243406000000000233e+00
1.355000000000000071e+01 2.038964000000000054e-01 4.605997999999999593e+00
1.355000000000000071e+01 3.056348999999999871e-01 3.787681000000000076e+00
1.355000000000000071e+01 4.586450999999999723e-01 3.800729000000000024e+00
1.355000000000000071e+01 6.883943999999999619e-01 4.605851999999999613e+00
1.355000000000000071e+01 1.032767999999999908e+00 5.652836999999999890e+00
1.355000000000000071e+01 1.549323000000000006e+00 7.607433000000000334e+00
1.355000000000000071e+01 2.237315999999999860e+00 1.226210000000000022e+01
1.355000000000000071e+01 2.922752000000000017e+00 1.886305000000000121e+01
1.427999999999999936e+01 2.628257999999999983e-02 4.429338999999999693e+00
1.427999999999999936e+01 4.415427999999999714e-02 8.089371999999999119e+00
1.427999999999999936e+01 6.232185999999999976e-02 1.088512000000000057e+01
1.427999999999999936e+01 9.020585000000000409e-02 1.003003000000000000e+01
1.427999999999999936e+01 1.352297000000000082e-01 9.072946999999999207e+00
1.427999999999999936e+01 2.038964000000000054e-01 6.364840000000000053e+00
1.427999999999999936e+01 3.056348999999999871e-01 4.051280000000000214e+00
1.427999999999999936e+01 4.586450999999999723e-01 2.808443000000000023e+00
1.427999999999999936e+01 6.883943999999999619e-01 2.456497000000000153e+00
1.427999999999999936e+01 1.032767999999999908e+00 2.624003999999999781e+00
1.427999999999999936e+01 1.549323000000000006e+00 3.390098000000000056e+00
1.427999999999999936e+01 2.237315999999999860e+00 5.525972999999999580e+00
1.427999999999999936e+01 2.922752000000000017e+00 8.800800999999999874e+00
1.505000000000000071e+01 2.628257999999999983e-02 3.677986999999999895e+00
1.505000000000000071e+01 4.415427999999999714e-02 7.457866000000000106e+00
1.505000000000000071e+01 6.232185999999999976e-02 1.038545000000000051e+01
1.505000000000000071e+01 9.020585000000000409e-02 9.950590999999999298e+00
1.505000000000000071e+01 1.352297000000000082e-01 9.434504999999999697e+00
1.505000000000000071e+01 2.038964000000000054e-01 6.974618999999999680e+00
1.505000000000000071e+01 3.056348999999999871e-01 4.581128999999999785e+00
1.505000000000000071e+01 4.586450999999999723e-01 3.615556999999999910e+00
1.505000000000000071e+01 6.883943999999999619e-01 3.434792999999999985e+00
1.505000000000000071e+01 1.032767999999999908e+00 3.817111999999999838e+00
1.505000000000000071e+01 1.549323000000000006e+00 4.966178000000000203e+00
1.505000000000000071e+01 2.237315999999999860e+00 6.967723000000000333e+00
1.505000000000000071e+01 2.922752000000000017e+00 8.979820000000000135e+00
1.584999999999999964e+01 2.628257999999999983e-02 1.205645000000000078e+00
1.584999999999999964e+01 4.415427999999999714e-02 3.157535000000000203e+00
1.584999999999999964e+01 6.232185999999999976e-02 4.891077000000000119e+00
1.584999999999999964e+01 9.020585000000000409e-02 5.288541999999999632e+00
1.584999999999999964e+01 1.352297000000000082e-01 5.780509000000000341e+00
1.584999999999999964e+01 2.038964000000000054e-01 5.117511000000000365e+00
1.584999999999999964e+01 3.056348999999999871e-01 4.288526000000000060e+00
1.584999999999999964e+01 4.586450999999999723e-01 4.635752000000000095e+00
1.584999999999999964e+01 6.883943999999999619e-01 5.480754000000000126e+00
1.584999999999999964e+01 1.032767999999999908e+00 6.814173000000000258e+00
1.584999999999999964e+01 1.549323000000000006e+00 9.308723000000000525e+00
1.584999999999999964e+01 2.237315999999999860e+00 1.234089999999999954e+01
1.584999999999999964e+01 2.922752000000000017e+00 1.414129999999999932e+01
1.669000000000000128e+01 2.628257999999999983e-02 3.907146999999999704e-02
1.669000000000000128e+01 4.415427999999999714e-02 2.052412000000000125e-01
1.669000000000000128e+01 6.232185999999999976e-02 5.446039000000000296e-01
1.669000000000000128e+01 9.020585000000000409e-02 9.913290000000000157e-01
1.669000000000000128e+01 1.352297000000000082e-01 1.666503000000000068e+00
1.669000000000000128e+01 2.038964000000000054e-01 2.327926999999999857e+00
1.669000000000000128e+01 3.056348999999999871e-01 3.065144000000000091e+00
1.669000000000000128e+01 4.586450999999999723e-01 4.242191000000000045e+00
1.669000000000000128e+01 6.883943999999999619e-01 5.629624999999999879e+00
1.669000000000000128e+01 1.032767999999999908e+00 7.351338000000000150e+00
1.669000000000000128e+01 1.549323000000000006e+00 1.032488000000000028e+01
1.669000000000000128e+01 2.237315999999999860e+00 1.356520000000000081e+01
1.669000000000000128e+01 2.922752000000000017e+00 1.508088000000000051e+01
1.757000000000000028e+01 2.628257999999999983e-02 4.942242000000000024e-01
1.757000000000000028e+01 4.415427999999999714e-02 4.739846999999999810e-01
1.757000000000000028e+01 6.232185999999999976e-02 5.943967000000000001e-01
1.757000000000000028e+01 9.020585000000000409e-02 6.134990000000000165e-01
1.757000000000000028e+01 1.352297000000000082e-01 8.457578999999999514e-01
1.757000000000000028e+01 2.038964000000000054e-01 1.272372000000000059e+00
1.757000000000000028e+01 3.056348999999999871e-01 2.011204999999999909e+00
1.757000000000000028e+01 4.586450999999999723e-01 2.846795000000000186e+00
1.757000000000000028e+01 6.883943999999999619e-01 3.841600999999999821e+00
1.757000000000000028e+01 1.032767999999999908e+00 5.026173000000000002e+00
1.757000000000000028e+01 1.549323000000000006e+00 7.054588999999999999e+00
1.757000000000000028e+01 2.237315999999999860e+00 9.227582999999999203e+00
1.757000000000000028e+01 2.922752000000000017e+00 1.027632000000000012e+01
1.850000000000000000e+01 2.628257999999999983e-02 6.427038000000000473e-01
1.850000000000000000e+01 4.415427999999999714e-02 8.825163999999999787e-01
1.850000000000000000e+01 6.232185999999999976e-02 1.201556000000000068e+00
1.850000000000000000e+01 9.020585000000000409e-02 1.138662000000000063e+00
1.850000000000000000e+01 1.352297000000000082e-01 1.268972999999999907e+00
1.850000000000000000e+01 2.038964000000000054e-01 1.326446000000000014e+00
1.850000000000000000e+01 3.056348999999999871e-01 1.473044999999999938e+00
1.850000000000000000e+01 4.586450999999999723e-01 1.706512000000000029e+00
1.850000000000000000e+01 6.883943999999999619e-01 2.107623999999999942e+00
1.850000000000000000e+01 1.032767999999999908e+00 2.647267999999999954e+00
1.850000000000000000e+01 1.549323000000000006e+00 3.586780000000000079e+00
1.850000000000000000e+01 2.237315999999999860e+00 4.664559999999999818e+00
1.850000000000000000e+01 2.922752000000000017e+00 5.297570999999999586e+00
1.948000000000000043e+01 2.628257999999999983e-02 3.551309999999999745e-01
1.948000000000000043e+01 4.415427999999999714e-02 5.693726000000000065e-01
1.948000000000000043e+01 6.232185999999999976e-02 8.381003000000000203e-01
1.948000000000000043e+01 9.020585000000000409e-02 8.614308999999999994e-01
1.948000000000000043e+01 1.352297000000000082e-01 1.034308000000000005e+00
1.948000000000000043e+01 2.038964000000000054e-01 1.090799000000000074e+00
1.948000000000000043e+01 3.056348999999999871e-01 1.050014999999999921e+00
1.948000000000000043e+01 4.586450999999999723e-01 1.084483000000000086e+00
1.948000000000000043e+01 6.883943999999999619e-01 1.280054000000000025e+00
1.948000000000000043e+01 1.032767999999999908e+00 1.609779000000000071e+00
1.948000000000000043e+01 1.549323000000000006e+00 1.957977000000000078e+00
1.948000000000000043e+01 2.237315999999999860e+00 2.403523999999999994e+00
1.948000000000000043e+01 2.922752000000000017e+00 2.809724999999999806e+00
2.050000000000000000e+01 2.628257999999999983e-02 1.267591999999999886e-01
2.050000000000000000e+01 4.415427999999999714e-02 2.251398000000000010e-01
2.050000000000000000e+01 6.232185999999999976e-02 3.551010000000000000e-01
2.050000000000000000e+01 9.020585000000000409e-02 3.990112000000000103e-01
2.050000000000000000e+01 1.352297000000000082e-01 5.300713999999999704e-01
2.050000000000000000e+01 2.038964000000000054e-01 6.175785999999999776e-01
2.050000000000000000e+01 3.056348999999999871e-01 6.072984999999999634e-01
2.050000000000000000e+01 4.586450999999999723e-01 6.008010999999999768e-01
2.050000000000000000e+01 6.883943999999999619e-01 6.437403999999999904e-01
2.050000000000000000e+01 1.032767999999999908e+00 7.823617000000000488e-01
2.050000000000000000e+01 1.549323000000000006e+00 9.402188999999999686e-01
2.050000000000000000e+01 2.237315999999999860e+00 1.150061000000000000e+00
2.050000000000000000e+01 2.922752000000000017e+00 1.441737999999999964e+00
2.157999999999999829e+01 2.628257999999999983e-02 3.651534000000000030e-02
2.157999999999999829e+01 4.415427999999999714e-02 7.053748999999999436e-02
2.157999999999999829e+01 6.232185999999999976e-02 1.198826999999999948e-01
2.157999999999999829e+01 9.020585000000000409e-02 1.466577000000000019e-01
2.157999999999999829e+01 1.352297000000000082e-01 2.169802000000000120e-01
2.157999999999999829e+01 2.038964000000000054e-01 2.876607999999999943e-01
2.157999999999999829e+01 3.056348999999999871e-01 3.190089999999999870e-01
2.157999999999999829e+01 4.586450999999999723e-01 3.414129000000000191e-01
2.157999999999999829e+01 6.883943999999999619e-01 3.595103000000000049e-01
2.157999999999999829e+01 1.032767999999999908e+00 4.175587000000000049e-01
2.157999999999999829e+01 1.549323000000000006e+00 5.169835000000000402e-01
2.157999999999999829e+01 2.237315999999999860e+00 6.375815999999999706e-01
2.157999999999999829e+01 2.922752000000000017e+00 8.182903000000000260e-01
2.271000000000000085e+01 2.628257999999999983e-02 1.035389999999999922e-02
2.271000000000000085e+01 4.415427999999999714e-02 2.172566000000000080e-02
2.271000000000000085e+01 6.232185999999999976e-02 4.006408000000000191e-02
2.271000000000000085e+01 9.020585000000000409e-02 5.251257000000000147e-02
2.271000000000000085e+01 1.352297000000000082e-01 8.541134999999999700e-02
2.271000000000000085e+01 2.038964000000000054e-01 1.274808000000000052e-01
2.271000000000000085e+01 3.056348999999999871e-01 1.622948999999999919e-01
2.271000000000000085e+01 4.586450999999999723e-01 1.973401999999999934e-01
2.271000000000000085e+01 6.883943999999999619e-01 2.208922000000000108e-01
2.271000000000000085e+01 1.032767999999999908e+00 2.474024999999999974e-01
2.271000000000000085e+01 1.549323000000000006e+00 3.134022000000000197e-01
2.271000000000000085e+01 2.237315999999999860e+00 3.985058000000000211e-01
2.271000000000000085e+01 2.922752000000000017e+00 5.231080999999999648e-01
2.389000000000000057e+01 2.628257999999999983e-02 3.968700000000000352e-03
2.389000000000000057e+01 4.415427999999999714e-02 9.117846000000000631e-03
2.389000000000000057e+01 6.232185999999999976e-02 1.814063999999999954e-02
2.389000000000000057e+01 9.020585000000000409e-02 2.503570000000000101e-02
2.389000000000000057e+01 1.352297000000000082e-01 4.317093000000000319e-02
2.389000000000000057e+01 2.038964000000000054e-01 6.875066000000000510e-02
2.389000000000000057e+01 3.056348999999999871e-01 9.613605999999999541e-02
2.389000000000000057e+01 4.586450999999999723e-01 1.292066000000000048e-01
2.389000000000000057e+01 6.883943999999999619e-01 1.594269000000000103e-01
2.389000000000000057e+01 1.032767999999999908e+00 1.806658999999999904e-01
2.389000000000000057e+01 1.549323000000000006e+00 2.224328999999999890e-01
2.389000000000000057e+01 2.237315999999999860e+00 2.933078000000000074e-01
2.389000000000000057e+01 2.922752000000000017e+00 3.716189999999999771e-01
2.514000000000000057e+01 2.628257999999999983e-02 2.762118000000000038e-03
2.514000000000000057e+01 4.415427999999999714e-02 6.778842999999999674e-03
2.514000000000000057e+01 6.232185999999999976e-02 1.432306000000000031e-02
2.514000000000000057e+01 9.020585000000000409e-02 2.060793000000000000e-02
2.514000000000000057e+01 1.352297000000000082e-01 3.657424000000000092e-02
2.514000000000000057e+01 2.038964000000000054e-01 5.891770000000000340e-02
2.514000000000000057e+01 3.056348999999999871e-01 8.584321000000000312e-02
2.514000000000000057e+01 4.586450999999999723e-01 1.190530999999999950e-01
2.514000000000000057e+01 6.883943999999999619e-01 1.557280000000000053e-01
2.514000000000000057e+01 1.032767999999999908e+00 1.813946999999999921e-01
2.514000000000000057e+01 1.549323000000000006e+00 2.094054999999999944e-01
2.514000000000000057e+01 2.237315999999999860e+00 2.721150999999999986e-01
2.514000000000000057e+01 2.922752000000000017e+00 3.317810999999999955e-01
2.644000000000000128e+01 2.628257999999999983e-02 3.133243999999999873e-03
2.644000000000000128e+01 4.415427999999999714e-02 7.870860000000000356e-03
2.644000000000000128e+01 6.232185999999999976e-02 1.721171999999999980e-02
2.644000000000000128e+01 9.020585000000000409e-02 2.530811000000000172e-02
2.644000000000000128e+01 1.352297000000000082e-01 4.546576000000000090e-02
2.644000000000000128e+01 2.038964000000000054e-01 7.308509000000000533e-02
2.644000000000000128e+01 3.056348999999999871e-01 1.081580999999999931e-01
2.644000000000000128e+01 4.586450999999999723e-01 1.500074000000000130e-01
2.644000000000000128e+01 6.883943999999999619e-01 1.993389999999999884e-01
2.644000000000000128e+01 1.032767999999999908e+00 2.354162999999999950e-01
2.644000000000000128e+01 1.549323000000000006e+00 2.591311000000000031e-01
2.644000000000000128e+01 2.237315999999999860e+00 3.109270000000000089e-01
2.644000000000000128e+01 2.922752000000000017e+00 3.624786999999999870e-01
2.782000000000000028e+01 2.628257999999999983e-02 4.407575000000000381e-03
2.782000000000000028e+01 4.415427999999999714e-02 1.111371000000000060e-02
2.782000000000000028e+01 6.232185999999999976e-02 2.479610000000000147e-02
2.782000000000000028e+01 9.020585000000000409e-02 3.657462999999999687e-02
2.782000000000000028e+01 1.352297000000000082e-01 6.612052999999999681e-02
2.782000000000000028e+01 2.038964000000000054e-01 1.061431999999999931e-01
2.782000000000000028e+01 3.056348999999999871e-01 1.583704999999999974e-01
2.782000000000000028e+01 4.586450999999999723e-01 2.202372999999999970e-01
2.782000000000000028e+01 6.883943999999999619e-01 2.954149999999999832e-01
2.782000000000000028e+01 1.032767999999999908e+00 3.527414999999999856e-01
2.782000000000000028e+01 1.549323000000000006e+00 3.883518000000000248e-01
2.782000000000000028e+01 2.237315999999999860e+00 4.479597000000000162e-01
2.782000000000000028e+01 2.922752000000000017e+00 5.083204000000000056e-01
2.926000000000000156e+01 2.628257999999999983e-02 6.426272000000000234e-03
2.926000000000000156e+01 4.415427999999999714e-02 1.620989999999999931e-02
2.926000000000000156e+01 6.232185999999999976e-02 3.652778999999999748e-02
2.926000000000000156e+01 9.020585000000000409e-02 5.378758000000000150e-02
2.926000000000000156e+01 1.352297000000000082e-01 9.753159000000000134e-02
2.926000000000000156e+01 2.038964000000000054e-01 1.563868999999999954e-01
2.926000000000000156e+01 3.056348999999999871e-01 2.345795999999999992e-01
2.926000000000000156e+01 4.586450999999999723e-01 3.284264000000000072e-01
2.926000000000000156e+01 6.883943999999999619e-01 4.435845999999999956e-01
2.926000000000000156e+01 1.032767999999999908e+00 5.355307999999999735e-01
2.926000000000000156e+01 1.549323000000000006e+00 5.979765999999999693e-01
2.926000000000000156e+01 2.237315999999999860e+00 6.911213000000000495e-01
2.926000000000000156e+01 2.922752000000000017e+00 7.939848999999999934e-01
3.076999999999999957e+01 2.628257999999999983e-02 9.289257999999999890e-03
3.076999999999999957e+01 4.415427999999999714e-02 2.334179999999999935e-02
3.076999999999999957e+01 6.232185999999999976e-02 5.293731000000000131e-02
3.076999999999999957e+01 9.020585000000000409e-02 7.779097999999999569e-02
3.076999999999999957e+01 1.352297000000000082e-01 1.411600000000000077e-01
3.076999999999999957e+01 2.038964000000000054e-01 2.268794000000000088e-01
3.076999999999999957e+01 3.056348999999999871e-01 3.414026000000000005e-01
3.076999999999999957e+01 4.586450999999999723e-01 4.823393999999999737e-01
3.076999999999999957e+01 6.883943999999999619e-01 6.575784000000000074e-01
3.076999999999999957e+01 1.032767999999999908e+00 8.024599999999999511e-01
3.076999999999999957e+01 1.549323000000000006e+00 9.145822000000000118e-01
3.076999999999999957e+01 2.237315999999999860e+00 1.077320999999999973e+00
3.076999999999999957e+01 2.922752000000000017e+00 1.253902999999999990e+00
3.235999999999999943e+01 2.628257999999999983e-02 1.295467999999999967e-02
3.235999999999999943e+01 4.415427999999999714e-02 3.269264999999999671e-02
3.235999999999999943e+01 6.232185999999999976e-02 7.496234999999999704e-02
3.235999999999999943e+01 9.020585000000000409e-02 1.096845999999999932e-01
3.235999999999999943e+01 1.352297000000000082e-01 1.992513999999999952e-01
3.235999999999999943e+01 2.038964000000000054e-01 3.206610999999999767e-01
3.235999999999999943e+01 3.056348999999999871e-01 4.846355999999999997e-01
3.235999999999999943e+01 4.586450999999999723e-01 6.919646000000000408e-01
3.235999999999999943e+01 6.883943999999999619e-01 9.496548000000000211e-01
3.235999999999999943e+01 1.032767999999999908e+00 1.166790999999999912e+00
3.235999999999999943e+01 1.549323000000000006e+00 1.353074000000000110e+00
3.235999999999999943e+01 2.237315999999999860e+00 1.624090000000000034e+00
3.235999999999999943e+01 2.922752000000000017e+00 1.941507000000000094e+00
3.403000000000000114e+01 2.628257999999999983e-02 2.074594999999999967e+00
3.403000000000000114e+01 4.415427999999999714e-02 5.195859999999999701e+00
3.403000000000000114e+01 6.232185999999999976e-02 1.405366000000000071e+01
3.403000000000000114e+01 9.020585000000000409e-02 1.999455000000000027e+01
3.403000000000000114e+01 1.352297000000000082e-01 3.689835000000000065e+01
3.403000000000000114e+01 2.038964000000000054e-01 6.078629000000000104e+01
3.403000000000000114e+01 3.056348999999999871e-01 9.836839999999999407e+01
3.403000000000000114e+01 4.586450999999999723e-01 1.619236999999999966e+02
3.403000000000000114e+01 6.883943999999999619e-01 2.639741999999999962e+02
3.403000000000000114e+01 1.032767999999999908e+00 3.941492000000000075e+02
3.403000000000000114e+01 1.549323000000000006e+00 5.675895000000000437e+02
3.403000000000000114e+01 2.237315999999999860e+00 8.091951999999999998e+02
3.403000000000000114e+01 2.922752000000000017e+00 1.066003999999999905e+03
6.000000000000000000e+00 2.628257999999999983e-02 2.187362000000000025e-11
6.000000000000000000e+00 4.415427999999999714e-02 9.867282000000000606e-11
6.000000000000000000e+00 6.232185999999999976e-02 2.787134999999999909e-10
6.000000000000000000e+00 9.020585000000000409e-02 8.484517000000000263e-10
6.000000000000000000e+00 1.352297000000000082e-01 2.877542000000000195e-09
6.000000000000000000e+00 2.038964000000000054e-01 9.839389999999999872e-09
6.000000000000000000e+00 3.056348999999999871e-01 3.313852999999999889e-08
6.000000000000000000e+00 4.586450999999999723e-01 1.120036999999999986e-07
6.000000000000000000e+00 6.883943999999999619e-01 3.786860000000000069e-07
6.000000000000000000e+00 1.032767999999999908e+00 1.278621000000000078e-06
6.000000000000000000e+00 1.549323000000000006e+00 4.316808000000000124e-06
6.000000000000000000e+00 2.237315999999999860e+00 1.300845999999999979e-05
6.000000000000000000e+00 2.922752000000000017e+00 2.824881000000000034e-05
6.349999999999999645e+00 2.628257999999999983e-02 4.262883999999999859e-06
6.349999999999999645e+00 4.415427999999999714e-02 2.325594999999999881e-05
6.349999999999999645e+00 6.232185999999999976e-02 5.752323000000000050e-05
6.349999999999999645e+00 9.020585000000000409e-02 1.595616000000000005e-04
6.349999999999999645e+00 1.352297000000000082e-01 4.118037999999999755e-04
6.349999999999999645e+00 2.038964000000000054e-01 8.245376999999999915e-04
6.349999999999999645e+00 3.056348999999999871e-01 1.272951000000000030e-03
6.349999999999999645e+00 4.586450999999999723e-01 2.153277999999999789e-03
6.349999999999999645e+00 6.883943999999999619e-01 1.624348999999999975e-03
6.349999999999999645e+00 1.032767999999999908e+00 1.043078999999999925e-03
6.349999999999999645e+00 1.549323000000000006e+00 1.396672999999999968e-03
6.349999999999999645e+00 2.237315999999999860e+00 1.944626000000000080e-03
6.349999999999999645e+00 2.922752000000000017e+00 2.731547999999999875e-03
6.719999999999999751e+00 2.628257999999999983e-02 1.012679000000000053e-03
6.719999999999999751e+00 4.415427999999999714e-02 4.383044000000000003e-03
6.719999999999999751e+00 6.232185999999999976e-02 9.014222000000000554e-03
6.719999999999999751e+00 9.020585000000000409e-02 2.029152000000000039e-02
6.719999999999999751e+00 1.352297000000000082e-01 5.157185999999999715e-02
6.719999999999999751e+00 2.038964000000000054e-01 6.809036000000000255e-02
6.719999999999999751e+00 3.056348999999999871e-01 6.808509000000000089e-02
6.719999999999999751e+00 4.586450999999999723e-01 4.737202000000000079e-02
6.719999999999999751e+00 6.883943999999999619e-01 3.975006999999999846e-02
6.719999999999999751e+00 1.032767999999999908e+00 3.334074000000000065e-02
6.719999999999999751e+00 1.549323000000000006e+00 3.821855999999999864e-02
6.719999999999999751e+00 2.237315999999999860e+00 5.602624999999999966e-02
6.719999999999999751e+00 2.922752000000000017e+00 8.718236000000000041e-02
7.099999999999999645e+00 2.628257999999999983e-02 1.546695000000000014e-02
7.099999999999999645e+00 4.415427999999999714e-02 6.738044999999999451e-02
7.099999999999999645e+00 6.232185999999999976e-02 1.486557000000000017e-01
7.099999999999999645e+00 9.020585000000000409e-02 2.493966999999999989e-01
7.099999999999999645e+00 1.352297000000000082e-01 6.085007000000000055e-01
7.099999999999999645e+00 2.038964000000000054e-01 6.368171999999999722e-01
7.099999999999999645e+00 3.056348999999999871e-01 4.593750999999999807e-01
7.099999999999999645e+00 4.586450999999999723e-01 3.429806000000000243e-01
7.099999999999999645e+00 6.883943999999999619e-01 3.031163000000000052e-01
7.099999999999999645e+00 1.032767999999999908e+00 2.718030000000000168e-01
7.099999999999999645e+00 1.549323000000000006e+00 3.055204999999999727e-01
7.099999999999999645e+00 2.237315999999999860e+00 4.646977999999999942e-01
7.099999999999999645e+00 2.922752000000000017e+00 7.353927000000000103e-01
7.509999999999999787e+00 2.628257999999999983e-02 1.315085000000000004e-01
7.509999999999999787e+00 4.415427999999999714e-02 4.448001999999999789e-01
7.509999999999999787e+00 6.232185999999999976e-02 8.355430000000000357e-01
7.509999999999999787e+00 9.020585000000000409e-02 1.372708999999999957e+00
7.509999999999999787e+00 1.352297000000000082e-01 2.577472999999999903e+00
7.509999999999999787e+00 2.038964000000000054e-01 2.402620999999999896e+00
7.509999999999999787e+00 3.056348999999999871e-01 1.796295999999999893e+00
7.509999999999999787e+00 4.586450999999999723e-01 1.416994000000000087e+00
7.509999999999999787e+00 6.883943999999999619e-01 1.184412999999999938e+00
7.509999999999999787e+00 1.032767999999999908e+00 1.117396999999999974e+00
7.509999999999999787e+00 1.549323000000000006e+00 1.240388999999999964e+00
7.509999999999999787e+00 2.237315999999999860e+00 1.900843999999999978e+00
7.509999999999999787e+00 2.922752000000000017e+00 3.063260999999999790e+00
7.929999999999999716e+00 2.628257999999999983e-02 5.315723999999999450e-01
7.929999999999999716e+00 4.415427999999999714e-02 1.416417999999999955e+00
7.929999999999999716e+00 6.232185999999999976e-02 2.584613000000000049e+00
7.929999999999999716e+00 9.020585000000000409e-02 4.656483999999999845e+00
7.929999999999999716e+00 1.352297000000000082e-01 7.961270999999999987e+00
7.929999999999999716e+00 2.038964000000000054e-01 6.004561999999999955e+00
7.929999999999999716e+00 3.056348999999999871e-01 4.825190000000000090e+00
7.929999999999999716e+00 4.586450999999999723e-01 3.847586000000000173e+00
7.929999999999999716e+00 6.883943999999999619e-01 3.321588999999999903e+00
7.929999999999999716e+00 1.032767999999999908e+00 3.132375999999999827e+00
7.929999999999999716e+00 1.549323000000000006e+00 3.500833999999999779e+00
7.929999999999999716e+00 2.237315999999999860e+00 5.402025000000000077e+00
7.929999999999999716e+00 2.922752000000000017e+00 8.637731999999999744e+00
8.380000000000000782e+00 2.628257999999999983e-02 1.222164999999999946e+00
8.380000000000000782e+00 4.415427999999999714e-02 3.155091000000000090e+00
8.380000000000000782e+00 6.232185999999999976e-02 5.857419000000000153e+00
8.380000000000000782e+00 9.020585000000000409e-02 1.035293000000000063e+01
8.380000000000000782e+00 1.352297000000000082e-01 1.709225999999999956e+01
8.380000000000000782e+00 2.038964000000000054e-01 1.172173000000000087e+01
8.380000000000000782e+00 3.056348999999999871e-01 9.884472000000000591e+00
8.380000000000000782e+00 4.586450999999999723e-01 8.140110999999999208e+00
8.380000000000000782e+00 6.883943999999999619e-01 7.151330999999999882e+00
8.380000000000000782e+00 1.032767999999999908e+00 6.891027000000000236e+00
8.380000000000000782e+00 1.549323000000000006e+00 7.811570999999999820e+00
8.380000000000000782e+00 2.237315999999999860e+00 1.206408000000000058e+01
8.380000000000000782e+00 2.922752000000000017e+00 1.921361999999999881e+01
8.849999999999999645e+00 2.628257999999999983e-02 1.830165999999999960e+00
8.849999999999999645e+00 4.415427999999999714e-02 4.712936000000000014e+00
8.849999999999999645e+00 6.232185999999999976e-02 9.071236000000000743e+00
8.849999999999999645e+00 9.020585000000000409e-02 1.535713999999999935e+01
8.849999999999999645e+00 1.352297000000000082e-01 2.660647000000000162e+01
8.849999999999999645e+00 2.038964000000000054e-01 2.031849000000000061e+01
8.849999999999999645e+00 3.056348999999999871e-01 1.673999999999999844e+01
8.849999999999999645e+00 4.586450999999999723e-01 1.412222000000000044e+01
8.849999999999999645e+00 6.883943999999999619e-01 1.275794999999999924e+01
8.849999999999999645e+00 1.032767999999999908e+00 1.252480000000000082e+01
8.849999999999999645e+00 1.549323000000000006e+00 1.442736000000000018e+01
8.849999999999999645e+00 2.237315999999999860e+00 2.235671999999999926e+01
8.849999999999999645e+00 2.922752000000000017e+00 3.533386999999999745e+01
9.339999999999999858e+00 2.628257999999999983e-02 1.737957999999999892e+00
9.339999999999999858e+00 4.415427999999999714e-02 5.081674999999999720e+00
9.339999999999999858e+00 6.232185999999999976e-02 1.022700999999999993e+01
9.339999999999999858e+00 9.020585000000000409e-02 1.661945000000000050e+01
9.339999999999999858e+00 1.352297000000000082e-01 2.966885999999999868e+01
9.339999999999999858e+00 2.038964000000000054e-01 2.745776000000000039e+01
9.339999999999999858e+00 3.056348999999999871e-01 2.289434999999999931e+01
9.339999999999999858e+00 4.586450999999999723e-01 1.998076000000000008e+01
9.339999999999999858e+00 6.883943999999999619e-01 1.875778999999999996e+01
9.339999999999999858e+00 1.032767999999999908e+00 1.885072999999999865e+01
9.339999999999999858e+00 1.549323000000000006e+00 2.207507000000000019e+01
9.339999999999999858e+00 2.237315999999999860e+00 3.440355000000000274e+01
9.339999999999999858e+00 2.922752000000000017e+00 5.407686999999999955e+01
9.859999999999999432e+00 2.628257999999999983e-02 1.202862000000000098e+00
9.859999999999999432e+00 4.415427999999999714e-02 3.945775999999999950e+00
9.859999999999999432e+00 6.232185999999999976e-02 8.028311000000000419e+00
9.859999999999999432e+00 9.020585000000000409e-02 1.287207000000000079e+01
9.859999999999999432e+00 1.352297000000000082e-01 2.517548999999999992e+01
9.859999999999999432e+00 2.038964000000000054e-01 2.855470000000000041e+01
9.859999999999999432e+00 3.056348999999999871e-01 2.591205000000000069e+01
9.859999999999999432e+00 4.586450999999999723e-01 2.401973999999999876e+01
9.859999999999999432e+00 6.883943999999999619e-01 2.319361999999999924e+01
9.859999999999999432e+00 1.032767999999999908e+00 2.407789999999999964e+01
9.859999999999999432e+00 1.549323000000000006e+00 2.873968999999999951e+01
9.859999999999999432e+00 2.237315999999999860e+00 4.507070000000000221e+01
9.859999999999999432e+00 2.922752000000000017e+00 7.057249000000000194e+01
