1.948000000000000043e+01 2.628257999999999983e-02 7.723288999999999849e-01
1.948000000000000043e+01 4.415427999999999714e-02 1.139073000000000002e+00
1.948000000000000043e+01 6.232185999999999976e-02 1.767635999999999985e+00
1.948000000000000043e+01 9.020585000000000409e-02 1.783578000000000108e+00
1.948000000000000043e+01 1.352297000000000082e-01 2.166148999999999880e+00
1.948000000000000043e+01 2.038964000000000054e-01 2.377301000000000109e+00
1.948000000000000043e+01 3.056348999999999871e-01 2.508458000000000077e+00
1.948000000000000043e+01 4.586450999999999723e-01 2.754770000000000163e+00
1.948000000000000043e+01 6.883943999999999619e-01 3.681827999999999879e+00
1.948000000000000043e+01 1.032767999999999908e+00 5.972024000000000221e+00
1.948000000000000043e+01 1.549323000000000006e+00 1.037289999999999957e+01
1.948000000000000043e+01 2.237315999999999860e+00 1.611516999999999911e+01
1.948000000000000043e+01 2.922752000000000017e+00 2.187018000000000129e+01
