1.040000000000000036e+01 2.628257999999999983e-02 1.843414999999999893e+01
1.040000000000000036e+01 4.415427999999999714e-02 2.672664999999999935e+01
1.040000000000000036e+01 6.232185999999999976e-02 2.664846000000000004e+01
1.040000000000000036e+01 9.020585000000000409e-02 1.870346999999999937e+01
1.040000000000000036e+01 1.352297000000000082e-01 1.155784000000000056e+01
1.040000000000000036e+01 2.038964000000000054e-01 6.892464000000000368e+00
1.040000000000000036e+01 3.056348999999999871e-01 5.269448999999999828e+00
1.040000000000000036e+01 4.586450999999999723e-01 5.769542999999999644e+00
1.040000000000000036e+01 6.883943999999999619e-01 7.313560999999999979e+00
1.040000000000000036e+01 1.032767999999999908e+00 9.225400999999999740e+00
1.040000000000000036e+01 1.549323000000000006e+00 1.253381000000000078e+01
1.040000000000000036e+01 2.237315999999999860e+00 1.832882999999999996e+01
1.040000000000000036e+01 2.922752000000000017e+00 2.363136000000000081e+01
1.040000000000000036e+01 2.628257999999999983e-02 1.843414999999999893e+01
1.040000000000000036e+01 4.415427999999999714e-02 2.672664999999999935e+01
1.040000000000000036e+01 6.232185999999999976e-02 2.664846000000000004e+01
1.040000000000000036e+01 9.020585000000000409e-02 1.870346999999999937e+01
1.040000000000000036e+01 1.352297000000000082e-01 1.155784000000000056e+01
1.040000000000000036e+01 2.038964000000000054e-01 6.892464000000000368e+00
1.040000000000000036e+01 3.056348999999999871e-01 5.269448999999999828e+00
1.040000000000000036e+01 4.586450999999999723e-01 5.769542999999999644e+00
1.040000000000000036e+01 6.883943999999999619e-01 7.313560999999999979e+00
1.040000000000000036e+01 1.032767999999999908e+00 9.225400999999999740e+00
1.040000000000000036e+01 1.549323000000000006e+00 1.253381000000000078e+01
1.040000000000000036e+01 2.237315999999999860e+00 1.832882999999999996e+01
1.040000000000000036e+01 2.922752000000000017e+00 2.363136000000000081e+01
1.097000000000000064e+01 2.628257999999999983e-02 4.179681999999999675e+01
1.097000000000000064e+01 4.415427999999999714e-02 6.419907000000000608e+01
1.097000000000000064e+01 6.232185999999999976e-02 6.642471999999999355e+01
1.097000000000000064e+01 9.020585000000000409e-02 4.847532000000000352e+01
1.097000000000000064e+01 1.352297000000000082e-01 3.269066999999999723e+01
1.097000000000000064e+01 2.038964000000000054e-01 2.328896999999999906e+01
1.097000000000000064e+01 3.056348999999999871e-01 2.237093000000000131e+01
1.097000000000000064e+01 4.586450999999999723e-01 2.953293000000000035e+01
1.097000000000000064e+01 6.883943999999999619e-01 4.003388000000000346e+01
1.097000000000000064e+01 1.032767999999999908e+00 5.196468000000000131e+01
1.097000000000000064e+01 1.549323000000000006e+00 7.141798000000000002e+01
1.097000000000000064e+01 2.237315999999999860e+00 1.045665000000000049e+02
1.097000000000000064e+01 2.922752000000000017e+00 1.324325000000000045e+02
1.097000000000000064e+01 2.628257999999999983e-02 4.179681999999999675e+01
1.097000000000000064e+01 4.415427999999999714e-02 6.419907000000000608e+01
1.097000000000000064e+01 6.232185999999999976e-02 6.642471999999999355e+01
1.097000000000000064e+01 9.020585000000000409e-02 4.847532000000000352e+01
1.097000000000000064e+01 1.352297000000000082e-01 3.269066999999999723e+01
1.097000000000000064e+01 2.038964000000000054e-01 2.328896999999999906e+01
1.097000000000000064e+01 3.056348999999999871e-01 2.237093000000000131e+01
1.097000000000000064e+01 4.586450999999999723e-01 2.953293000000000035e+01
1.097000000000000064e+01 6.883943999999999619e-01 4.003388000000000346e+01
1.097000000000000064e+01 1.032767999999999908e+00 5.196468000000000131e+01
1.097000000000000064e+01 1.549323000000000006e+00 7.141798000000000002e+01
1.097000000000000064e+01 2.237315999999999860e+00 1.045665000000000049e+02
1.097000000000000064e+01 2.922752000000000017e+00 1.324325000000000045e+02
1.157000000000000028e+01 2.628257999999999983e-02 7.023075000000000045e+01
1.157000000000000028e+01 4.415427999999999714e-02 1.130575999999999937e+02
1.157000000000000028e+01 6.232185999999999976e-02 1.196600999999999999e+02
1.157000000000000028e+01 9.020585000000000409e-02 8.969087000000000387e+01
1.157000000000000028e+01 1.352297000000000082e-01 6.361019000000000290e+01
1.157000000000000028e+01 2.038964000000000054e-01 5.003336000000000183e+01
1.157000000000000028e+01 3.056348999999999871e-01 5.683809000000000111e+01
1.157000000000000028e+01 4.586450999999999723e-01 8.456210000000000093e+01
1.157000000000000028e+01 6.883943999999999619e-01 1.196295999999999964e+02
1.157000000000000028e+01 1.032767999999999908e+00 1.590827999999999918e+02
1.157000000000000028e+01 1.549323000000000006e+00 2.254225999999999885e+02
1.157000000000000028e+01 2.237315999999999860e+00 3.305135999999999967e+02
1.157000000000000028e+01 2.922752000000000017e+00 4.071748999999999796e+02
1.157000000000000028e+01 2.628257999999999983e-02 7.023075000000000045e+01
1.157000000000000028e+01 4.415427999999999714e-02 1.130575999999999937e+02
1.157000000000000028e+01 6.232185999999999976e-02 1.196600999999999999e+02
1.157000000000000028e+01 9.020585000000000409e-02 8.969087000000000387e+01
1.157000000000000028e+01 1.352297000000000082e-01 6.361019000000000290e+01
1.157000000000000028e+01 2.038964000000000054e-01 5.003336000000000183e+01
1.157000000000000028e+01 3.056348999999999871e-01 5.683809000000000111e+01
1.157000000000000028e+01 4.586450999999999723e-01 8.456210000000000093e+01
1.157000000000000028e+01 6.883943999999999619e-01 1.196295999999999964e+02
1.157000000000000028e+01 1.032767999999999908e+00 1.590827999999999918e+02
1.157000000000000028e+01 1.549323000000000006e+00 2.254225999999999885e+02
1.157000000000000028e+01 2.237315999999999860e+00 3.305135999999999967e+02
1.157000000000000028e+01 2.922752000000000017e+00 4.071748999999999796e+02
1.219999999999999929e+01 2.628257999999999983e-02 8.019747999999999877e+01
1.219999999999999929e+01 4.415427999999999714e-02 1.365641999999999996e+02
1.219999999999999929e+01 6.232185999999999976e-02 1.482209000000000003e+02
1.219999999999999929e+01 9.020585000000000409e-02 1.156781000000000006e+02
1.219999999999999929e+01 1.352297000000000082e-01 8.890188000000000557e+01
1.219999999999999929e+01 2.038964000000000054e-01 7.942896000000000356e+01
1.219999999999999929e+01 3.056348999999999871e-01 1.051794000000000011e+02
1.219999999999999929e+01 4.586450999999999723e-01 1.698209999999999980e+02
1.219999999999999929e+01 6.883943999999999619e-01 2.479582000000000050e+02
1.219999999999999929e+01 1.032767999999999908e+00 3.393367000000000075e+02
1.219999999999999929e+01 1.549323000000000006e+00 4.976437999999999988e+02
1.219999999999999929e+01 2.237315999999999860e+00 7.237930999999999813e+02
1.219999999999999929e+01 2.922752000000000017e+00 8.648496000000000095e+02
1.219999999999999929e+01 2.628257999999999983e-02 8.019747999999999877e+01
1.219999999999999929e+01 4.415427999999999714e-02 1.365641999999999996e+02
1.219999999999999929e+01 6.232185999999999976e-02 1.482209000000000003e+02
1.219999999999999929e+01 9.020585000000000409e-02 1.156781000000000006e+02
1.219999999999999929e+01 1.352297000000000082e-01 8.890188000000000557e+01
1.219999999999999929e+01 2.038964000000000054e-01 7.942896000000000356e+01
1.219999999999999929e+01 3.056348999999999871e-01 1.051794000000000011e+02
1.219999999999999929e+01 4.586450999999999723e-01 1.698209999999999980e+02
1.219999999999999929e+01 6.883943999999999619e-01 2.479582000000000050e+02
1.219999999999999929e+01 1.032767999999999908e+00 3.393367000000000075e+02
1.219999999999999929e+01 1.549323000000000006e+00 4.976437999999999988e+02
1.219999999999999929e+01 2.237315999999999860e+00 7.237930999999999813e+02
1.219999999999999929e+01 2.922752000000000017e+00 8.648496000000000095e+02
1.285999999999999943e+01 2.628257999999999983e-02 4.861858999999999753e+01
1.285999999999999943e+01 4.415427999999999714e-02 9.269786999999999466e+01
1.285999999999999943e+01 6.232185999999999976e-02 1.043941999999999979e+02
1.285999999999999943e+01 9.020585000000000409e-02 8.937806000000000495e+01
1.285999999999999943e+01 1.352297000000000082e-01 8.230349999999999966e+01
1.285999999999999943e+01 2.038964000000000054e-01 9.565355999999999881e+01
1.285999999999999943e+01 3.056348999999999871e-01 1.502284999999999968e+02
1.285999999999999943e+01 4.586450999999999723e-01 2.542298000000000116e+02
1.285999999999999943e+01 6.883943999999999619e-01 3.795477000000000203e+02
1.285999999999999943e+01 1.032767999999999908e+00 5.329582000000000335e+02
1.285999999999999943e+01 1.549323000000000006e+00 8.083647999999999456e+02
1.285999999999999943e+01 2.237315999999999860e+00 1.166981999999999971e+03
1.285999999999999943e+01 2.922752000000000017e+00 1.350420000000000073e+03
1.285999999999999943e+01 2.628257999999999983e-02 4.861858999999999753e+01
1.285999999999999943e+01 4.415427999999999714e-02 9.269786999999999466e+01
1.285999999999999943e+01 6.232185999999999976e-02 1.043941999999999979e+02
1.285999999999999943e+01 9.020585000000000409e-02 8.937806000000000495e+01
1.285999999999999943e+01 1.352297000000000082e-01 8.230349999999999966e+01
1.285999999999999943e+01 2.038964000000000054e-01 9.565355999999999881e+01
1.285999999999999943e+01 3.056348999999999871e-01 1.502284999999999968e+02
1.285999999999999943e+01 4.586450999999999723e-01 2.542298000000000116e+02
1.285999999999999943e+01 6.883943999999999619e-01 3.795477000000000203e+02
1.285999999999999943e+01 1.032767999999999908e+00 5.329582000000000335e+02
1.285999999999999943e+01 1.549323000000000006e+00 8.083647999999999456e+02
1.285999999999999943e+01 2.237315999999999860e+00 1.166981999999999971e+03
1.285999999999999943e+01 2.922752000000000017e+00 1.350420000000000073e+03
1.355000000000000071e+01 2.628257999999999983e-02 6.759916999999999732e+00
1.355000000000000071e+01 4.415427999999999714e-02 2.051663999999999888e+01
1.355000000000000071e+01 6.232185999999999976e-02 2.780394000000000077e+01
1.355000000000000071e+01 9.020585000000000409e-02 3.494800000000000040e+01
1.355000000000000071e+01 1.352297000000000082e-01 5.406333999999999662e+01
1.355000000000000071e+01 2.038964000000000054e-01 9.500088999999999828e+01
1.355000000000000071e+01 3.056348999999999871e-01 1.715552000000000135e+02
1.355000000000000071e+01 4.586450999999999723e-01 2.887470999999999890e+02
1.355000000000000071e+01 6.883943999999999619e-01 4.348774000000000228e+02
1.355000000000000071e+01 1.032767999999999908e+00 6.240344999999999800e+02
1.355000000000000071e+01 1.549323000000000006e+00 9.755089000000000397e+02
1.355000000000000071e+01 2.237315999999999860e+00 1.405682000000000016e+03
1.355000000000000071e+01 2.922752000000000017e+00 1.579394000000000005e+03
1.355000000000000071e+01 2.628257999999999983e-02 6.759916999999999732e+00
1.355000000000000071e+01 4.415427999999999714e-02 2.051663999999999888e+01
1.355000000000000071e+01 6.232185999999999976e-02 2.780394000000000077e+01
1.355000000000000071e+01 9.020585000000000409e-02 3.494800000000000040e+01
1.355000000000000071e+01 1.352297000000000082e-01 5.406333999999999662e+01
1.355000000000000071e+01 2.038964000000000054e-01 9.500088999999999828e+01
1.355000000000000071e+01 3.056348999999999871e-01 1.715552000000000135e+02
1.355000000000000071e+01 4.586450999999999723e-01 2.887470999999999890e+02
1.355000000000000071e+01 6.883943999999999619e-01 4.348774000000000228e+02
1.355000000000000071e+01 1.032767999999999908e+00 6.240344999999999800e+02
1.355000000000000071e+01 1.549323000000000006e+00 9.755089000000000397e+02
1.355000000000000071e+01 2.237315999999999860e+00 1.405682000000000016e+03
1.355000000000000071e+01 2.922752000000000017e+00 1.579394000000000005e+03
1.427999999999999936e+01 2.628257999999999983e-02 9.757676000000000016e+00
1.427999999999999936e+01 4.415427999999999714e-02 9.875413999999999248e+00
1.427999999999999936e+01 6.232185999999999976e-02 2.136460999999999899e+01
1.427999999999999936e+01 9.020585000000000409e-02 3.053016999999999825e+01
1.427999999999999936e+01 1.352297000000000082e-01 5.523371999999999815e+01
1.427999999999999936e+01 2.038964000000000054e-01 9.662870999999999810e+01
1.427999999999999936e+01 3.056348999999999871e-01 1.618405999999999949e+02
1.427999999999999936e+01 4.586450999999999723e-01 2.476811999999999898e+02
1.427999999999999936e+01 6.883943999999999619e-01 3.647133999999999787e+02
1.427999999999999936e+01 1.032767999999999908e+00 5.291059999999999945e+02
1.427999999999999936e+01 1.549323000000000006e+00 8.413650000000000091e+02
1.427999999999999936e+01 2.237315999999999860e+00 1.198648999999999887e+03
1.427999999999999936e+01 2.922752000000000017e+00 1.333776000000000067e+03
1.427999999999999936e+01 2.628257999999999983e-02 9.757676000000000016e+00
1.427999999999999936e+01 4.415427999999999714e-02 9.875413999999999248e+00
1.427999999999999936e+01 6.232185999999999976e-02 2.136460999999999899e+01
1.427999999999999936e+01 9.020585000000000409e-02 3.053016999999999825e+01
1.427999999999999936e+01 1.352297000000000082e-01 5.523371999999999815e+01
1.427999999999999936e+01 2.038964000000000054e-01 9.662870999999999810e+01
1.427999999999999936e+01 3.056348999999999871e-01 1.618405999999999949e+02
1.427999999999999936e+01 4.586450999999999723e-01 2.476811999999999898e+02
1.427999999999999936e+01 6.883943999999999619e-01 3.647133999999999787e+02
1.427999999999999936e+01 1.032767999999999908e+00 5.291059999999999945e+02
1.427999999999999936e+01 1.549323000000000006e+00 8.413650000000000091e+02
1.427999999999999936e+01 2.237315999999999860e+00 1.198648999999999887e+03
1.427999999999999936e+01 2.922752000000000017e+00 1.333776000000000067e+03
1.505000000000000071e+01 2.628257999999999983e-02 3.911055999999999955e+01
1.505000000000000071e+01 4.415427999999999714e-02 4.917864999999999753e+01
1.505000000000000071e+01 6.232185999999999976e-02 7.277716999999999814e+01
1.505000000000000071e+01 9.020585000000000409e-02 7.186833000000000027e+01
1.505000000000000071e+01 1.352297000000000082e-01 8.952877999999999759e+01
1.505000000000000071e+01 2.038964000000000054e-01 1.105742999999999938e+02
1.505000000000000071e+01 3.056348999999999871e-01 1.408857000000000141e+02
1.505000000000000071e+01 4.586450999999999723e-01 1.798859999999999957e+02
1.505000000000000071e+01 6.883943999999999619e-01 2.457125000000000057e+02
1.505000000000000071e+01 1.032767999999999908e+00 3.552345000000000255e+02
1.505000000000000071e+01 1.549323000000000006e+00 5.704346000000000458e+02
1.505000000000000071e+01 2.237315999999999860e+00 7.951207000000000562e+02
1.505000000000000071e+01 2.922752000000000017e+00 8.676222000000000207e+02
1.505000000000000071e+01 2.628257999999999983e-02 3.911055999999999955e+01
1.505000000000000071e+01 4.415427999999999714e-02 4.917864999999999753e+01
1.505000000000000071e+01 6.232185999999999976e-02 7.277716999999999814e+01
1.505000000000000071e+01 9.020585000000000409e-02 7.186833000000000027e+01
1.505000000000000071e+01 1.352297000000000082e-01 8.952877999999999759e+01
1.505000000000000071e+01 2.038964000000000054e-01 1.105742999999999938e+02
1.505000000000000071e+01 3.056348999999999871e-01 1.408857000000000141e+02
1.505000000000000071e+01 4.586450999999999723e-01 1.798859999999999957e+02
1.505000000000000071e+01 6.883943999999999619e-01 2.457125000000000057e+02
1.505000000000000071e+01 1.032767999999999908e+00 3.552345000000000255e+02
1.505000000000000071e+01 1.549323000000000006e+00 5.704346000000000458e+02
1.505000000000000071e+01 2.237315999999999860e+00 7.951207000000000562e+02
1.505000000000000071e+01 2.922752000000000017e+00 8.676222000000000207e+02
1.584999999999999964e+01 2.628257999999999983e-02 4.858256999999999692e+01
1.584999999999999964e+01 4.415427999999999714e-02 6.743681999999999732e+01
1.584999999999999964e+01 6.232185999999999976e-02 9.596147999999999456e+01
1.584999999999999964e+01 9.020585000000000409e-02 9.176485999999999876e+01
1.584999999999999964e+01 1.352297000000000082e-01 1.049244000000000057e+02
1.584999999999999964e+01 2.038964000000000054e-01 1.111846000000000032e+02
1.584999999999999964e+01 3.056348999999999871e-01 1.120564999999999998e+02
1.584999999999999964e+01 4.586450999999999723e-01 1.158653999999999940e+02
1.584999999999999964e+01 6.883943999999999619e-01 1.360002000000000066e+02
1.584999999999999964e+01 1.032767999999999908e+00 1.878108000000000004e+02
1.584999999999999964e+01 1.549323000000000006e+00 3.023249999999999886e+02
1.584999999999999964e+01 2.237315999999999860e+00 4.195192000000000121e+02
1.584999999999999964e+01 2.922752000000000017e+00 4.511259999999999764e+02
1.584999999999999964e+01 2.628257999999999983e-02 4.858256999999999692e+01
1.584999999999999964e+01 4.415427999999999714e-02 6.743681999999999732e+01
1.584999999999999964e+01 6.232185999999999976e-02 9.596147999999999456e+01
1.584999999999999964e+01 9.020585000000000409e-02 9.176485999999999876e+01
1.584999999999999964e+01 1.352297000000000082e-01 1.049244000000000057e+02
1.584999999999999964e+01 2.038964000000000054e-01 1.111846000000000032e+02
1.584999999999999964e+01 3.056348999999999871e-01 1.120564999999999998e+02
1.584999999999999964e+01 4.586450999999999723e-01 1.158653999999999940e+02
1.584999999999999964e+01 6.883943999999999619e-01 1.360002000000000066e+02
1.584999999999999964e+01 1.032767999999999908e+00 1.878108000000000004e+02
1.584999999999999964e+01 1.549323000000000006e+00 3.023249999999999886e+02
1.584999999999999964e+01 2.237315999999999860e+00 4.195192000000000121e+02
1.584999999999999964e+01 2.922752000000000017e+00 4.511259999999999764e+02
1.669000000000000128e+01 2.628257999999999983e-02 3.358605000000000018e+01
1.669000000000000128e+01 4.415427999999999714e-02 4.955973999999999791e+01
1.669000000000000128e+01 6.232185999999999976e-02 7.116008999999999673e+01
1.669000000000000128e+01 9.020585000000000409e-02 6.993394999999999584e+01
1.669000000000000128e+01 1.352297000000000082e-01 8.120107000000000141e+01
1.669000000000000128e+01 2.038964000000000054e-01 8.521272000000000446e+01
1.669000000000000128e+01 3.056348999999999871e-01 7.849532000000000664e+01
1.669000000000000128e+01 4.586450999999999723e-01 7.084601000000000681e+01
1.669000000000000128e+01 6.883943999999999619e-01 6.817105999999999710e+01
1.669000000000000128e+01 1.032767999999999908e+00 8.301021000000000072e+01
1.669000000000000128e+01 1.549323000000000006e+00 1.284285999999999888e+02
1.669000000000000128e+01 2.237315999999999860e+00 1.781863999999999919e+02
1.669000000000000128e+01 2.922752000000000017e+00 1.933702999999999861e+02
1.669000000000000128e+01 2.628257999999999983e-02 3.358605000000000018e+01
1.669000000000000128e+01 4.415427999999999714e-02 4.955973999999999791e+01
1.669000000000000128e+01 6.232185999999999976e-02 7.116008999999999673e+01
1.669000000000000128e+01 9.020585000000000409e-02 6.993394999999999584e+01
1.669000000000000128e+01 1.352297000000000082e-01 8.120107000000000141e+01
1.669000000000000128e+01 2.038964000000000054e-01 8.521272000000000446e+01
1.669000000000000128e+01 3.056348999999999871e-01 7.849532000000000664e+01
1.669000000000000128e+01 4.586450999999999723e-01 7.084601000000000681e+01
1.669000000000000128e+01 6.883943999999999619e-01 6.817105999999999710e+01
1.669000000000000128e+01 1.032767999999999908e+00 8.301021000000000072e+01
1.669000000000000128e+01 1.549323000000000006e+00 1.284285999999999888e+02
1.669000000000000128e+01 2.237315999999999860e+00 1.781863999999999919e+02
1.669000000000000128e+01 2.922752000000000017e+00 1.933702999999999861e+02
1.757000000000000028e+01 2.628257999999999983e-02 1.504861999999999966e+01
1.757000000000000028e+01 4.415427999999999714e-02 2.354046999999999912e+01
1.757000000000000028e+01 6.232185999999999976e-02 3.493128999999999706e+01
1.757000000000000028e+01 9.020585000000000409e-02 3.673626000000000147e+01
1.757000000000000028e+01 1.352297000000000082e-01 4.583906000000000347e+01
1.757000000000000028e+01 2.038964000000000054e-01 5.155686000000000035e+01
1.757000000000000028e+01 3.056348999999999871e-01 4.921667000000000058e+01
1.757000000000000028e+01 4.586450999999999723e-01 4.536901999999999902e+01
1.757000000000000028e+01 6.883943999999999619e-01 3.983959000000000117e+01
1.757000000000000028e+01 1.032767999999999908e+00 3.924728000000000350e+01
1.757000000000000028e+01 1.549323000000000006e+00 5.114676000000000045e+01
1.757000000000000028e+01 2.237315999999999860e+00 6.451143999999999323e+01
1.757000000000000028e+01 2.922752000000000017e+00 6.613849999999999341e+01
1.757000000000000028e+01 2.628257999999999983e-02 1.504861999999999966e+01
1.757000000000000028e+01 4.415427999999999714e-02 2.354046999999999912e+01
1.757000000000000028e+01 6.232185999999999976e-02 3.493128999999999706e+01
1.757000000000000028e+01 9.020585000000000409e-02 3.673626000000000147e+01
1.757000000000000028e+01 1.352297000000000082e-01 4.583906000000000347e+01
1.757000000000000028e+01 2.038964000000000054e-01 5.155686000000000035e+01
1.757000000000000028e+01 3.056348999999999871e-01 4.921667000000000058e+01
1.757000000000000028e+01 4.586450999999999723e-01 4.536901999999999902e+01
1.757000000000000028e+01 6.883943999999999619e-01 3.983959000000000117e+01
1.757000000000000028e+01 1.032767999999999908e+00 3.924728000000000350e+01
1.757000000000000028e+01 1.549323000000000006e+00 5.114676000000000045e+01
1.757000000000000028e+01 2.237315999999999860e+00 6.451143999999999323e+01
1.757000000000000028e+01 2.922752000000000017e+00 6.613849999999999341e+01
1.850000000000000000e+01 2.628257999999999983e-02 4.910311000000000092e+00
1.850000000000000000e+01 4.415427999999999714e-02 8.131869000000000014e+00
1.850000000000000000e+01 6.232185999999999976e-02 1.258930999999999933e+01
1.850000000000000000e+01 9.020585000000000409e-02 1.410131999999999941e+01
1.850000000000000000e+01 1.352297000000000082e-01 1.898038000000000025e+01
1.850000000000000000e+01 2.038964000000000054e-01 2.329836999999999847e+01
1.850000000000000000e+01 3.056348999999999871e-01 2.418333000000000155e+01
1.850000000000000000e+01 4.586450999999999723e-01 2.403200000000000003e+01
1.850000000000000000e+01 6.883943999999999619e-01 2.120702999999999960e+01
1.850000000000000000e+01 1.032767999999999908e+00 1.825998999999999839e+01
1.850000000000000000e+01 1.549323000000000006e+00 2.031393999999999878e+01
1.850000000000000000e+01 2.237315999999999860e+00 2.490651000000000082e+01
1.850000000000000000e+01 2.922752000000000017e+00 2.745454000000000150e+01
1.850000000000000000e+01 2.628257999999999983e-02 4.910311000000000092e+00
1.850000000000000000e+01 4.415427999999999714e-02 8.131869000000000014e+00
1.850000000000000000e+01 6.232185999999999976e-02 1.258930999999999933e+01
1.850000000000000000e+01 9.020585000000000409e-02 1.410131999999999941e+01
1.850000000000000000e+01 1.352297000000000082e-01 1.898038000000000025e+01
1.850000000000000000e+01 2.038964000000000054e-01 2.329836999999999847e+01
1.850000000000000000e+01 3.056348999999999871e-01 2.418333000000000155e+01
1.850000000000000000e+01 4.586450999999999723e-01 2.403200000000000003e+01
1.850000000000000000e+01 6.883943999999999619e-01 2.120702999999999960e+01
1.850000000000000000e+01 1.032767999999999908e+00 1.825998999999999839e+01
1.850000000000000000e+01 1.549323000000000006e+00 2.031393999999999878e+01
1.850000000000000000e+01 2.237315999999999860e+00 2.490651000000000082e+01
1.850000000000000000e+01 2.922752000000000017e+00 2.745454000000000150e+01
1.948000000000000043e+01 2.628257999999999983e-02 1.234734999999999916e+00
1.948000000000000043e+01 4.415427999999999714e-02 2.167521999999999949e+00
1.948000000000000043e+01 6.232185999999999976e-02 3.536623000000000072e+00
1.948000000000000043e+01 9.020585000000000409e-02 4.252257000000000176e+00
1.948000000000000043e+01 1.352297000000000082e-01 6.277007000000000225e+00
1.948000000000000043e+01 2.038964000000000054e-01 8.611865999999999133e+00
1.948000000000000043e+01 3.056348999999999871e-01 1.016432999999999964e+01
1.948000000000000043e+01 4.586450999999999723e-01 1.147255000000000003e+01
1.948000000000000043e+01 6.883943999999999619e-01 1.108575000000000088e+01
1.948000000000000043e+01 1.032767999999999908e+00 9.302854999999999208e+00
1.948000000000000043e+01 1.549323000000000006e+00 9.118104000000000653e+00
1.948000000000000043e+01 2.237315999999999860e+00 1.100508999999999915e+01
1.948000000000000043e+01 2.922752000000000017e+00 1.311713999999999913e+01
1.948000000000000043e+01 2.628257999999999983e-02 1.234734999999999916e+00
1.948000000000000043e+01 4.415427999999999714e-02 2.167521999999999949e+00
1.948000000000000043e+01 6.232185999999999976e-02 3.536623000000000072e+00
1.948000000000000043e+01 9.020585000000000409e-02 4.252257000000000176e+00
1.948000000000000043e+01 1.352297000000000082e-01 6.277007000000000225e+00
1.948000000000000043e+01 2.038964000000000054e-01 8.611865999999999133e+00
1.948000000000000043e+01 3.056348999999999871e-01 1.016432999999999964e+01
1.948000000000000043e+01 4.586450999999999723e-01 1.147255000000000003e+01
1.948000000000000043e+01 6.883943999999999619e-01 1.108575000000000088e+01
1.948000000000000043e+01 1.032767999999999908e+00 9.302854999999999208e+00
1.948000000000000043e+01 1.549323000000000006e+00 9.118104000000000653e+00
1.948000000000000043e+01 2.237315999999999860e+00 1.100508999999999915e+01
1.948000000000000043e+01 2.922752000000000017e+00 1.311713999999999913e+01
2.050000000000000000e+01 2.628257999999999983e-02 2.516579999999999928e-01
2.050000000000000000e+01 4.415427999999999714e-02 4.704310999999999909e-01
2.050000000000000000e+01 6.232185999999999976e-02 8.126991999999999550e-01
2.050000000000000000e+01 9.020585000000000409e-02 1.050467000000000040e+00
2.050000000000000000e+01 1.352297000000000082e-01 1.713673999999999920e+00
2.050000000000000000e+01 2.038964000000000054e-01 2.642182000000000031e+00
2.050000000000000000e+01 3.056348999999999871e-01 3.604350999999999861e+00
2.050000000000000000e+01 4.586450999999999723e-01 4.725554999999999950e+00
2.050000000000000000e+01 6.883943999999999619e-01 5.251087000000000060e+00
2.050000000000000000e+01 1.032767999999999908e+00 4.752199000000000062e+00
2.050000000000000000e+01 1.549323000000000006e+00 4.382498000000000005e+00
2.050000000000000000e+01 2.237315999999999860e+00 5.271516000000000091e+00
2.050000000000000000e+01 2.922752000000000017e+00 6.597057999999999645e+00
2.050000000000000000e+01 2.628257999999999983e-02 2.516579999999999928e-01
2.050000000000000000e+01 4.415427999999999714e-02 4.704310999999999909e-01
2.050000000000000000e+01 6.232185999999999976e-02 8.126991999999999550e-01
2.050000000000000000e+01 9.020585000000000409e-02 1.050467000000000040e+00
2.050000000000000000e+01 1.352297000000000082e-01 1.713673999999999920e+00
2.050000000000000000e+01 2.038964000000000054e-01 2.642182000000000031e+00
2.050000000000000000e+01 3.056348999999999871e-01 3.604350999999999861e+00
2.050000000000000000e+01 4.586450999999999723e-01 4.725554999999999950e+00
2.050000000000000000e+01 6.883943999999999619e-01 5.251087000000000060e+00
2.050000000000000000e+01 1.032767999999999908e+00 4.752199000000000062e+00
2.050000000000000000e+01 1.549323000000000006e+00 4.382498000000000005e+00
2.050000000000000000e+01 2.237315999999999860e+00 5.271516000000000091e+00
2.050000000000000000e+01 2.922752000000000017e+00 6.597057999999999645e+00
2.157999999999999829e+01 2.628257999999999983e-02 4.551058999999999660e-02
2.157999999999999829e+01 4.415427999999999714e-02 9.157724000000000419e-02
2.157999999999999829e+01 6.232185999999999976e-02 1.678714000000000039e-01
2.157999999999999829e+01 9.020585000000000409e-02 2.321201999999999988e-01
2.157999999999999829e+01 1.352297000000000082e-01 4.166636000000000228e-01
2.157999999999999829e+01 2.038964000000000054e-01 7.149733000000000338e-01
2.157999999999999829e+01 3.056348999999999871e-01 1.125461000000000045e+00
2.157999999999999829e+01 4.586450999999999723e-01 1.729613000000000067e+00
2.157999999999999829e+01 6.883943999999999619e-01 2.277251000000000136e+00
2.157999999999999829e+01 1.032767999999999908e+00 2.350709000000000160e+00
2.157999999999999829e+01 1.549323000000000006e+00 2.119920000000000027e+00
2.157999999999999829e+01 2.237315999999999860e+00 2.531057000000000112e+00
2.157999999999999829e+01 2.922752000000000017e+00 3.103149000000000157e+00
2.157999999999999829e+01 2.628257999999999983e-02 4.551058999999999660e-02
2.157999999999999829e+01 4.415427999999999714e-02 9.157724000000000419e-02
2.157999999999999829e+01 6.232185999999999976e-02 1.678714000000000039e-01
2.157999999999999829e+01 9.020585000000000409e-02 2.321201999999999988e-01
2.157999999999999829e+01 1.352297000000000082e-01 4.166636000000000228e-01
2.157999999999999829e+01 2.038964000000000054e-01 7.149733000000000338e-01
2.157999999999999829e+01 3.056348999999999871e-01 1.125461000000000045e+00
2.157999999999999829e+01 4.586450999999999723e-01 1.729613000000000067e+00
2.157999999999999829e+01 6.883943999999999619e-01 2.277251000000000136e+00
2.157999999999999829e+01 1.032767999999999908e+00 2.350709000000000160e+00
2.157999999999999829e+01 1.549323000000000006e+00 2.119920000000000027e+00
2.157999999999999829e+01 2.237315999999999860e+00 2.531057000000000112e+00
2.157999999999999829e+01 2.922752000000000017e+00 3.103149000000000157e+00
2.271000000000000085e+01 2.628257999999999983e-02 8.903184999999999225e-03
2.271000000000000085e+01 4.415427999999999714e-02 1.966706999999999830e-02
2.271000000000000085e+01 6.232185999999999976e-02 3.776373000000000230e-02
2.271000000000000085e+01 9.020585000000000409e-02 5.484457000000000221e-02
2.271000000000000085e+01 1.352297000000000082e-01 1.039831999999999979e-01
2.271000000000000085e+01 2.038964000000000054e-01 1.911112000000000088e-01
2.271000000000000085e+01 3.056348999999999871e-01 3.348025000000000029e-01
2.271000000000000085e+01 4.586450999999999723e-01 5.896152999999999533e-01
2.271000000000000085e+01 6.883943999999999619e-01 9.203523000000000120e-01
2.271000000000000085e+01 1.032767999999999908e+00 1.127453000000000038e+00
2.271000000000000085e+01 1.549323000000000006e+00 1.067236999999999991e+00
2.271000000000000085e+01 2.237315999999999860e+00 1.273468000000000044e+00
2.271000000000000085e+01 2.922752000000000017e+00 1.499438000000000049e+00
2.271000000000000085e+01 2.628257999999999983e-02 8.903184999999999225e-03
2.271000000000000085e+01 4.415427999999999714e-02 1.966706999999999830e-02
2.271000000000000085e+01 6.232185999999999976e-02 3.776373000000000230e-02
2.271000000000000085e+01 9.020585000000000409e-02 5.484457000000000221e-02
2.271000000000000085e+01 1.352297000000000082e-01 1.039831999999999979e-01
2.271000000000000085e+01 2.038964000000000054e-01 1.911112000000000088e-01
2.271000000000000085e+01 3.056348999999999871e-01 3.348025000000000029e-01
2.271000000000000085e+01 4.586450999999999723e-01 5.896152999999999533e-01
2.271000000000000085e+01 6.883943999999999619e-01 9.203523000000000120e-01
2.271000000000000085e+01 1.032767999999999908e+00 1.127453000000000038e+00
2.271000000000000085e+01 1.549323000000000006e+00 1.067236999999999991e+00
2.271000000000000085e+01 2.237315999999999860e+00 1.273468000000000044e+00
2.271000000000000085e+01 2.922752000000000017e+00 1.499438000000000049e+00
2.389000000000000057e+01 2.628257999999999983e-02 2.962330999999999905e-03
2.389000000000000057e+01 4.415427999999999714e-02 7.199071999999999937e-03
2.389000000000000057e+01 6.232185999999999976e-02 1.438179000000000020e-02
2.389000000000000057e+01 9.020585000000000409e-02 2.121492000000000169e-02
2.389000000000000057e+01 1.352297000000000082e-01 3.925759000000000193e-02
2.389000000000000057e+01 2.038964000000000054e-01 7.030761000000000649e-02
2.389000000000000057e+01 3.056348999999999871e-01 1.222632000000000024e-01
2.389000000000000057e+01 4.586450999999999723e-01 2.212217999999999962e-01
2.389000000000000057e+01 6.883943999999999619e-01 3.801858000000000182e-01
2.389000000000000057e+01 1.032767999999999908e+00 5.415676000000000379e-01
2.389000000000000057e+01 1.549323000000000006e+00 5.782511999999999652e-01
2.389000000000000057e+01 2.237315999999999860e+00 6.728266999999999998e-01
2.389000000000000057e+01 2.922752000000000017e+00 7.933265000000000455e-01
2.389000000000000057e+01 2.628257999999999983e-02 2.962330999999999905e-03
2.389000000000000057e+01 4.415427999999999714e-02 7.199071999999999937e-03
2.389000000000000057e+01 6.232185999999999976e-02 1.438179000000000020e-02
2.389000000000000057e+01 9.020585000000000409e-02 2.121492000000000169e-02
2.389000000000000057e+01 1.352297000000000082e-01 3.925759000000000193e-02
2.389000000000000057e+01 2.038964000000000054e-01 7.030761000000000649e-02
2.389000000000000057e+01 3.056348999999999871e-01 1.222632000000000024e-01
2.389000000000000057e+01 4.586450999999999723e-01 2.212217999999999962e-01
2.389000000000000057e+01 6.883943999999999619e-01 3.801858000000000182e-01
2.389000000000000057e+01 1.032767999999999908e+00 5.415676000000000379e-01
2.389000000000000057e+01 1.549323000000000006e+00 5.782511999999999652e-01
2.389000000000000057e+01 2.237315999999999860e+00 6.728266999999999998e-01
2.389000000000000057e+01 2.922752000000000017e+00 7.933265000000000455e-01
2.514000000000000057e+01 2.628257999999999983e-02 2.297608000000000029e-03
2.514000000000000057e+01 4.415427999999999714e-02 5.825905999999999620e-03
2.514000000000000057e+01 6.232185999999999976e-02 1.228505000000000048e-02
2.514000000000000057e+01 9.020585000000000409e-02 1.827567000000000080e-02
2.514000000000000057e+01 1.352297000000000082e-01 3.291000000000000175e-02
2.514000000000000057e+01 2.038964000000000054e-01 5.498635999999999802e-02
2.514000000000000057e+01 3.056348999999999871e-01 8.700787000000000104e-02
2.514000000000000057e+01 4.586450999999999723e-01 1.379340000000000011e-01
2.514000000000000057e+01 6.883943999999999619e-01 2.185030000000000028e-01
2.514000000000000057e+01 1.032767999999999908e+00 3.131238000000000077e-01
2.514000000000000057e+01 1.549323000000000006e+00 3.639239000000000224e-01
2.514000000000000057e+01 2.237315999999999860e+00 4.170126000000000110e-01
2.514000000000000057e+01 2.922752000000000017e+00 5.095600000000000129e-01
2.514000000000000057e+01 2.628257999999999983e-02 2.297608000000000029e-03
2.514000000000000057e+01 4.415427999999999714e-02 5.825905999999999620e-03
2.514000000000000057e+01 6.232185999999999976e-02 1.228505000000000048e-02
2.514000000000000057e+01 9.020585000000000409e-02 1.827567000000000080e-02
2.514000000000000057e+01 1.352297000000000082e-01 3.291000000000000175e-02
2.514000000000000057e+01 2.038964000000000054e-01 5.498635999999999802e-02
2.514000000000000057e+01 3.056348999999999871e-01 8.700787000000000104e-02
2.514000000000000057e+01 4.586450999999999723e-01 1.379340000000000011e-01
2.514000000000000057e+01 6.883943999999999619e-01 2.185030000000000028e-01
2.514000000000000057e+01 1.032767999999999908e+00 3.131238000000000077e-01
2.514000000000000057e+01 1.549323000000000006e+00 3.639239000000000224e-01
2.514000000000000057e+01 2.237315999999999860e+00 4.170126000000000110e-01
2.514000000000000057e+01 2.922752000000000017e+00 5.095600000000000129e-01
2.644000000000000128e+01 2.628257999999999983e-02 2.930166000000000107e-03
2.644000000000000128e+01 4.415427999999999714e-02 7.422823000000000268e-03
2.644000000000000128e+01 6.232185999999999976e-02 1.625725999999999907e-02
2.644000000000000128e+01 9.020585000000000409e-02 2.419357000000000105e-02
2.644000000000000128e+01 1.352297000000000082e-01 4.350744000000000139e-02
2.644000000000000128e+01 2.038964000000000054e-01 7.072449999999999570e-02
2.644000000000000128e+01 3.056348999999999871e-01 1.070366999999999985e-01
2.644000000000000128e+01 4.586450999999999723e-01 1.540881000000000056e-01
2.644000000000000128e+01 6.883943999999999619e-01 2.168956999999999968e-01
2.644000000000000128e+01 1.032767999999999908e+00 2.813550000000000217e-01
2.644000000000000128e+01 1.549323000000000006e+00 3.233117999999999825e-01
2.644000000000000128e+01 2.237315999999999860e+00 3.631097999999999826e-01
2.644000000000000128e+01 2.922752000000000017e+00 4.192622999999999767e-01
2.644000000000000128e+01 2.628257999999999983e-02 2.930166000000000107e-03
2.644000000000000128e+01 4.415427999999999714e-02 7.422823000000000268e-03
2.644000000000000128e+01 6.232185999999999976e-02 1.625725999999999907e-02
2.644000000000000128e+01 9.020585000000000409e-02 2.419357000000000105e-02
2.644000000000000128e+01 1.352297000000000082e-01 4.350744000000000139e-02
2.644000000000000128e+01 2.038964000000000054e-01 7.072449999999999570e-02
2.644000000000000128e+01 3.056348999999999871e-01 1.070366999999999985e-01
2.644000000000000128e+01 4.586450999999999723e-01 1.540881000000000056e-01
2.644000000000000128e+01 6.883943999999999619e-01 2.168956999999999968e-01
2.644000000000000128e+01 1.032767999999999908e+00 2.813550000000000217e-01
2.644000000000000128e+01 1.549323000000000006e+00 3.233117999999999825e-01
2.644000000000000128e+01 2.237315999999999860e+00 3.631097999999999826e-01
2.644000000000000128e+01 2.922752000000000017e+00 4.192622999999999767e-01
2.782000000000000028e+01 2.628257999999999983e-02 4.328819000000000243e-03
2.782000000000000028e+01 4.415427999999999714e-02 1.091823999999999920e-02
2.782000000000000028e+01 6.232185999999999976e-02 2.438069000000000000e-02
2.782000000000000028e+01 9.020585000000000409e-02 3.613108000000000292e-02
2.782000000000000028e+01 1.352297000000000082e-01 6.520289999999999420e-02
2.782000000000000028e+01 2.038964000000000054e-01 1.052223999999999937e-01
2.782000000000000028e+01 3.056348999999999871e-01 1.578846000000000138e-01
2.782000000000000028e+01 4.586450999999999723e-01 2.219573999999999991e-01
2.782000000000000028e+01 6.883943999999999619e-01 3.017047999999999952e-01
2.782000000000000028e+01 1.032767999999999908e+00 3.717327000000000270e-01
2.782000000000000028e+01 1.549323000000000006e+00 4.195974000000000093e-01
2.782000000000000028e+01 2.237315999999999860e+00 4.712207999999999952e-01
2.782000000000000028e+01 2.922752000000000017e+00 5.091611000000000331e-01
2.782000000000000028e+01 2.628257999999999983e-02 4.328819000000000243e-03
2.782000000000000028e+01 4.415427999999999714e-02 1.091823999999999920e-02
2.782000000000000028e+01 6.232185999999999976e-02 2.438069000000000000e-02
2.782000000000000028e+01 9.020585000000000409e-02 3.613108000000000292e-02
2.782000000000000028e+01 1.352297000000000082e-01 6.520289999999999420e-02
2.782000000000000028e+01 2.038964000000000054e-01 1.052223999999999937e-01
2.782000000000000028e+01 3.056348999999999871e-01 1.578846000000000138e-01
2.782000000000000028e+01 4.586450999999999723e-01 2.219573999999999991e-01
2.782000000000000028e+01 6.883943999999999619e-01 3.017047999999999952e-01
2.782000000000000028e+01 1.032767999999999908e+00 3.717327000000000270e-01
2.782000000000000028e+01 1.549323000000000006e+00 4.195974000000000093e-01
2.782000000000000028e+01 2.237315999999999860e+00 4.712207999999999952e-01
2.782000000000000028e+01 2.922752000000000017e+00 5.091611000000000331e-01
2.926000000000000156e+01 2.628257999999999983e-02 6.404688000000000395e-03
2.926000000000000156e+01 4.415427999999999714e-02 1.612935999999999884e-02
2.926000000000000156e+01 6.232185999999999976e-02 3.636431999999999859e-02
2.926000000000000156e+01 9.020585000000000409e-02 5.368422999999999945e-02
2.926000000000000156e+01 1.352297000000000082e-01 9.712054999999999993e-02
2.926000000000000156e+01 2.038964000000000054e-01 1.562199999999999978e-01
2.926000000000000156e+01 3.056348999999999871e-01 2.346981999999999957e-01
2.926000000000000156e+01 4.586450999999999723e-01 3.299066999999999972e-01
2.926000000000000156e+01 6.883943999999999619e-01 4.470783999999999869e-01
2.926000000000000156e+01 1.032767999999999908e+00 5.461359999999999548e-01
2.926000000000000156e+01 1.549323000000000006e+00 6.185912999999999551e-01
2.926000000000000156e+01 2.237315999999999860e+00 7.159045000000000547e-01
2.926000000000000156e+01 2.922752000000000017e+00 8.079228999999999994e-01
2.926000000000000156e+01 2.628257999999999983e-02 6.404688000000000395e-03
2.926000000000000156e+01 4.415427999999999714e-02 1.612935999999999884e-02
2.926000000000000156e+01 6.232185999999999976e-02 3.636431999999999859e-02
2.926000000000000156e+01 9.020585000000000409e-02 5.368422999999999945e-02
2.926000000000000156e+01 1.352297000000000082e-01 9.712054999999999993e-02
2.926000000000000156e+01 2.038964000000000054e-01 1.562199999999999978e-01
2.926000000000000156e+01 3.056348999999999871e-01 2.346981999999999957e-01
2.926000000000000156e+01 4.586450999999999723e-01 3.299066999999999972e-01
2.926000000000000156e+01 6.883943999999999619e-01 4.470783999999999869e-01
2.926000000000000156e+01 1.032767999999999908e+00 5.461359999999999548e-01
2.926000000000000156e+01 1.549323000000000006e+00 6.185912999999999551e-01
2.926000000000000156e+01 2.237315999999999860e+00 7.159045000000000547e-01
2.926000000000000156e+01 2.922752000000000017e+00 8.079228999999999994e-01
3.076999999999999957e+01 2.628257999999999983e-02 9.272804000000000810e-03
3.076999999999999957e+01 4.415427999999999714e-02 2.328173000000000048e-02
3.076999999999999957e+01 6.232185999999999976e-02 5.284403000000000017e-02
3.076999999999999957e+01 9.020585000000000409e-02 7.765078999999999732e-02
3.076999999999999957e+01 1.352297000000000082e-01 1.409055999999999920e-01
3.076999999999999957e+01 2.038964000000000054e-01 2.264684999999999893e-01
3.076999999999999957e+01 3.056348999999999871e-01 3.406664999999999832e-01
3.076999999999999957e+01 4.586450999999999723e-01 4.810907999999999851e-01
3.076999999999999957e+01 6.883943999999999619e-01 6.556579000000000157e-01
3.076999999999999957e+01 1.032767999999999908e+00 7.995634999999999826e-01
3.076999999999999957e+01 1.549323000000000006e+00 9.098095999999999961e-01
3.076999999999999957e+01 2.237315999999999860e+00 1.067968999999999946e+00
3.076999999999999957e+01 2.922752000000000017e+00 1.240515999999999952e+00
3.076999999999999957e+01 2.628257999999999983e-02 2.607193999999999789e+00
3.076999999999999957e+01 4.415427999999999714e-02 6.516410999999999731e+00
3.076999999999999957e+01 6.232185999999999976e-02 1.785054999999999836e+01
3.076999999999999957e+01 9.020585000000000409e-02 2.561999000000000137e+01
3.076999999999999957e+01 1.352297000000000082e-01 4.712212000000000245e+01
3.076999999999999957e+01 2.038964000000000054e-01 7.694848000000000354e+01
3.076999999999999957e+01 3.056348999999999871e-01 1.222181000000000068e+02
3.076999999999999957e+01 4.586450999999999723e-01 1.983119000000000085e+02
3.076999999999999957e+01 6.883943999999999619e-01 3.305301000000000045e+02
3.076999999999999957e+01 1.032767999999999908e+00 5.081297999999999888e+02
3.076999999999999957e+01 1.549323000000000006e+00 7.378972999999999729e+02
3.076999999999999957e+01 2.237315999999999860e+00 1.032288000000000011e+03
3.076999999999999957e+01 2.922752000000000017e+00 1.300267000000000053e+03
3.235999999999999943e+01 2.628257999999999983e-02 1.294607000000000049e-02
3.235999999999999943e+01 4.415427999999999714e-02 3.266729000000000160e-02
3.235999999999999943e+01 6.232185999999999976e-02 7.492706000000000366e-02
3.235999999999999943e+01 9.020585000000000409e-02 1.096011000000000069e-01
3.235999999999999943e+01 1.352297000000000082e-01 1.991597999999999979e-01
3.235999999999999943e+01 2.038964000000000054e-01 3.204137000000000235e-01
3.235999999999999943e+01 3.056348999999999871e-01 4.841441000000000217e-01
3.235999999999999943e+01 4.586450999999999723e-01 6.909942000000000029e-01
3.235999999999999943e+01 6.883943999999999619e-01 9.483072999999999642e-01
3.235999999999999943e+01 1.032767999999999908e+00 1.164639999999999898e+00
3.235999999999999943e+01 1.549323000000000006e+00 1.350182999999999911e+00
3.235999999999999943e+01 2.237315999999999860e+00 1.620179999999999954e+00
3.235999999999999943e+01 2.922752000000000017e+00 1.937415000000000109e+00
3.235999999999999943e+01 2.628257999999999983e-02 2.318535999999999930e+00
3.235999999999999943e+01 4.415427999999999714e-02 5.813790000000000013e+00
3.235999999999999943e+01 6.232185999999999976e-02 1.580762999999999963e+01
3.235999999999999943e+01 9.020585000000000409e-02 2.260106000000000037e+01
3.235999999999999943e+01 1.352297000000000082e-01 4.166127999999999787e+01
3.235999999999999943e+01 2.038964000000000054e-01 6.829628999999999905e+01
3.235999999999999943e+01 3.056348999999999871e-01 1.094317999999999955e+02
3.235999999999999943e+01 4.586450999999999723e-01 1.792846999999999866e+02
3.235999999999999943e+01 6.883943999999999619e-01 2.960389000000000124e+02
3.235999999999999943e+01 1.032767999999999908e+00 4.486431999999999789e+02
3.235999999999999943e+01 1.549323000000000006e+00 6.484610999999999876e+02
3.235999999999999943e+01 2.237315999999999860e+00 9.151484000000000378e+02
3.235999999999999943e+01 2.922752000000000017e+00 1.183200000000000045e+03
3.403000000000000114e+01 2.628257999999999983e-02 1.761197000000000110e-02
3.403000000000000114e+01 4.415427999999999714e-02 4.454575999999999675e-02
3.403000000000000114e+01 6.232185999999999976e-02 1.032693999999999973e-01
3.403000000000000114e+01 9.020585000000000409e-02 1.503276000000000057e-01
3.403000000000000114e+01 1.352297000000000082e-01 2.733356000000000119e-01
3.403000000000000114e+01 2.038964000000000054e-01 4.407555000000000223e-01
3.403000000000000114e+01 3.056348999999999871e-01 6.700251000000000401e-01
3.403000000000000114e+01 4.586450999999999723e-01 9.653370999999999480e-01
3.403000000000000114e+01 6.883943999999999619e-01 1.331220999999999988e+00
3.403000000000000114e+01 1.032767999999999908e+00 1.641591000000000022e+00
3.403000000000000114e+01 1.549323000000000006e+00 1.934426999999999897e+00
3.403000000000000114e+01 2.237315999999999860e+00 2.375633000000000106e+00
3.403000000000000114e+01 2.922752000000000017e+00 2.913218000000000085e+00
3.403000000000000114e+01 2.628257999999999983e-02 2.074594999999999967e+00
3.403000000000000114e+01 4.415427999999999714e-02 5.195859999999999701e+00
3.403000000000000114e+01 6.232185999999999976e-02 1.405366000000000071e+01
3.403000000000000114e+01 9.020585000000000409e-02 1.999455000000000027e+01
3.403000000000000114e+01 1.352297000000000082e-01 3.689835000000000065e+01
3.403000000000000114e+01 2.038964000000000054e-01 6.078629000000000104e+01
3.403000000000000114e+01 3.056348999999999871e-01 9.836839999999999407e+01
3.403000000000000114e+01 4.586450999999999723e-01 1.619236999999999966e+02
3.403000000000000114e+01 6.883943999999999619e-01 2.639741999999999962e+02
3.403000000000000114e+01 1.032767999999999908e+00 3.941492000000000075e+02
3.403000000000000114e+01 1.549323000000000006e+00 5.675895000000000437e+02
3.403000000000000114e+01 2.237315999999999860e+00 8.091951999999999998e+02
3.403000000000000114e+01 2.922752000000000017e+00 1.066003999999999905e+03
6.000000000000000000e+00 2.628257999999999983e-02 2.860311000000000103e-02
6.000000000000000000e+00 4.415427999999999714e-02 1.194212999999999941e-01
6.000000000000000000e+00 6.232185999999999976e-02 2.627344999999999819e-01
6.000000000000000000e+00 9.020585000000000409e-02 4.282136000000000275e-01
6.000000000000000000e+00 1.352297000000000082e-01 9.828947000000000100e-01
6.000000000000000000e+00 2.038964000000000054e-01 9.513321999999999612e-01
6.000000000000000000e+00 3.056348999999999871e-01 6.696012999999999549e-01
6.000000000000000000e+00 4.586450999999999723e-01 5.404267000000000376e-01
6.000000000000000000e+00 6.883943999999999619e-01 4.964465000000000128e-01
6.000000000000000000e+00 1.032767999999999908e+00 4.772403000000000062e-01
6.000000000000000000e+00 1.549323000000000006e+00 5.535400000000000320e-01
6.000000000000000000e+00 2.237315999999999860e+00 8.097828999999999722e-01
6.000000000000000000e+00 2.922752000000000017e+00 1.276742999999999961e+00
6.000000000000000000e+00 2.628257999999999983e-02 2.860311000000000103e-02
6.000000000000000000e+00 4.415427999999999714e-02 1.194212999999999941e-01
6.000000000000000000e+00 6.232185999999999976e-02 2.627344999999999819e-01
6.000000000000000000e+00 9.020585000000000409e-02 4.282136000000000275e-01
6.000000000000000000e+00 1.352297000000000082e-01 9.828947000000000100e-01
6.000000000000000000e+00 2.038964000000000054e-01 9.513321999999999612e-01
6.000000000000000000e+00 3.056348999999999871e-01 6.696012999999999549e-01
6.000000000000000000e+00 4.586450999999999723e-01 5.404267000000000376e-01
6.000000000000000000e+00 6.883943999999999619e-01 4.964465000000000128e-01
6.000000000000000000e+00 1.032767999999999908e+00 4.772403000000000062e-01
6.000000000000000000e+00 1.549323000000000006e+00 5.535400000000000320e-01
6.000000000000000000e+00 2.237315999999999860e+00 8.097828999999999722e-01
6.000000000000000000e+00 2.922752000000000017e+00 1.276742999999999961e+00
6.349999999999999645e+00 2.628257999999999983e-02 1.645042999999999922e-01
6.349999999999999645e+00 4.415427999999999714e-02 5.587134000000000267e-01
6.349999999999999645e+00 6.232185999999999976e-02 1.046912000000000065e+00
6.349999999999999645e+00 9.020585000000000409e-02 1.731992999999999894e+00
6.349999999999999645e+00 1.352297000000000082e-01 3.204950000000000188e+00
6.349999999999999645e+00 2.038964000000000054e-01 2.863316000000000194e+00
6.349999999999999645e+00 3.056348999999999871e-01 2.094174999999999898e+00
6.349999999999999645e+00 4.586450999999999723e-01 1.694177999999999962e+00
6.349999999999999645e+00 6.883943999999999619e-01 1.503249000000000057e+00
6.349999999999999645e+00 1.032767999999999908e+00 1.493065000000000087e+00
6.349999999999999645e+00 1.549323000000000006e+00 1.702830999999999984e+00
6.349999999999999645e+00 2.237315999999999860e+00 2.528923999999999950e+00
6.349999999999999645e+00 2.922752000000000017e+00 3.940417000000000058e+00
6.349999999999999645e+00 2.628257999999999983e-02 1.645042999999999922e-01
6.349999999999999645e+00 4.415427999999999714e-02 5.587134000000000267e-01
6.349999999999999645e+00 6.232185999999999976e-02 1.046912000000000065e+00
6.349999999999999645e+00 9.020585000000000409e-02 1.731992999999999894e+00
6.349999999999999645e+00 1.352297000000000082e-01 3.204950000000000188e+00
6.349999999999999645e+00 2.038964000000000054e-01 2.863316000000000194e+00
6.349999999999999645e+00 3.056348999999999871e-01 2.094174999999999898e+00
6.349999999999999645e+00 4.586450999999999723e-01 1.694177999999999962e+00
6.349999999999999645e+00 6.883943999999999619e-01 1.503249000000000057e+00
6.349999999999999645e+00 1.032767999999999908e+00 1.493065000000000087e+00
6.349999999999999645e+00 1.549323000000000006e+00 1.702830999999999984e+00
6.349999999999999645e+00 2.237315999999999860e+00 2.528923999999999950e+00
6.349999999999999645e+00 2.922752000000000017e+00 3.940417000000000058e+00
6.719999999999999751e+00 2.628257999999999983e-02 5.399823999999999735e-01
6.719999999999999751e+00 4.415427999999999714e-02 1.473381999999999969e+00
6.719999999999999751e+00 6.232185999999999976e-02 2.668938999999999950e+00
6.719999999999999751e+00 9.020585000000000409e-02 4.800514999999999866e+00
6.719999999999999751e+00 1.352297000000000082e-01 8.265879999999999228e+00
6.719999999999999751e+00 2.038964000000000054e-01 6.108594000000000079e+00
6.719999999999999751e+00 3.056348999999999871e-01 4.763563000000000436e+00
6.719999999999999751e+00 4.586450999999999723e-01 3.861892000000000102e+00
6.719999999999999751e+00 6.883943999999999619e-01 3.540732999999999908e+00
6.719999999999999751e+00 1.032767999999999908e+00 3.524617999999999807e+00
6.719999999999999751e+00 1.549323000000000006e+00 4.006539000000000073e+00
6.719999999999999751e+00 2.237315999999999860e+00 5.999397000000000091e+00
6.719999999999999751e+00 2.922752000000000017e+00 9.414165000000000560e+00
6.719999999999999751e+00 2.628257999999999983e-02 5.399823999999999735e-01
6.719999999999999751e+00 4.415427999999999714e-02 1.473381999999999969e+00
6.719999999999999751e+00 6.232185999999999976e-02 2.668938999999999950e+00
6.719999999999999751e+00 9.020585000000000409e-02 4.800514999999999866e+00
6.719999999999999751e+00 1.352297000000000082e-01 8.265879999999999228e+00
6.719999999999999751e+00 2.038964000000000054e-01 6.108594000000000079e+00
6.719999999999999751e+00 3.056348999999999871e-01 4.763563000000000436e+00
6.719999999999999751e+00 4.586450999999999723e-01 3.861892000000000102e+00
6.719999999999999751e+00 6.883943999999999619e-01 3.540732999999999908e+00
6.719999999999999751e+00 1.032767999999999908e+00 3.524617999999999807e+00
6.719999999999999751e+00 1.549323000000000006e+00 4.006539000000000073e+00
6.719999999999999751e+00 2.237315999999999860e+00 5.999397000000000091e+00
6.719999999999999751e+00 2.922752000000000017e+00 9.414165000000000560e+00
7.099999999999999645e+00 2.628257999999999983e-02 1.134808000000000039e+00
7.099999999999999645e+00 4.415427999999999714e-02 2.930766999999999900e+00
7.099999999999999645e+00 6.232185999999999976e-02 5.394857000000000014e+00
7.099999999999999645e+00 9.020585000000000409e-02 9.719338999999999729e+00
7.099999999999999645e+00 1.352297000000000082e-01 1.604953000000000074e+01
7.099999999999999645e+00 2.038964000000000054e-01 1.063259000000000043e+01
7.099999999999999645e+00 3.056348999999999871e-01 8.757586999999999122e+00
7.099999999999999645e+00 4.586450999999999723e-01 7.276093000000000366e+00
7.099999999999999645e+00 6.883943999999999619e-01 6.763505999999999574e+00
7.099999999999999645e+00 1.032767999999999908e+00 6.815160999999999802e+00
7.099999999999999645e+00 1.549323000000000006e+00 7.805547999999999931e+00
7.099999999999999645e+00 2.237315999999999860e+00 1.173958999999999975e+01
7.099999999999999645e+00 2.922752000000000017e+00 1.837240999999999858e+01
7.099999999999999645e+00 2.628257999999999983e-02 1.134808000000000039e+00
7.099999999999999645e+00 4.415427999999999714e-02 2.930766999999999900e+00
7.099999999999999645e+00 6.232185999999999976e-02 5.394857000000000014e+00
7.099999999999999645e+00 9.020585000000000409e-02 9.719338999999999729e+00
7.099999999999999645e+00 1.352297000000000082e-01 1.604953000000000074e+01
7.099999999999999645e+00 2.038964000000000054e-01 1.063259000000000043e+01
7.099999999999999645e+00 3.056348999999999871e-01 8.757586999999999122e+00
7.099999999999999645e+00 4.586450999999999723e-01 7.276093000000000366e+00
7.099999999999999645e+00 6.883943999999999619e-01 6.763505999999999574e+00
7.099999999999999645e+00 1.032767999999999908e+00 6.815160999999999802e+00
7.099999999999999645e+00 1.549323000000000006e+00 7.805547999999999931e+00
7.099999999999999645e+00 2.237315999999999860e+00 1.173958999999999975e+01
7.099999999999999645e+00 2.922752000000000017e+00 1.837240999999999858e+01
7.509999999999999787e+00 2.628257999999999983e-02 1.612660999999999900e+00
7.509999999999999787e+00 4.415427999999999714e-02 4.186797999999999575e+00
7.509999999999999787e+00 6.232185999999999976e-02 8.112959999999999283e+00
7.509999999999999787e+00 9.020585000000000409e-02 1.426077000000000083e+01
7.509999999999999787e+00 1.352297000000000082e-01 2.421274999999999977e+01
7.509999999999999787e+00 2.038964000000000054e-01 1.655745999999999896e+01
7.509999999999999787e+00 3.056348999999999871e-01 1.353640000000000043e+01
7.509999999999999787e+00 4.586450999999999723e-01 1.171902000000000044e+01
7.509999999999999787e+00 6.883943999999999619e-01 1.099104999999999954e+01
7.509999999999999787e+00 1.032767999999999908e+00 1.119777999999999984e+01
7.509999999999999787e+00 1.549323000000000006e+00 1.290451000000000015e+01
7.509999999999999787e+00 2.237315999999999860e+00 1.947485999999999962e+01
7.509999999999999787e+00 2.922752000000000017e+00 3.061548000000000158e+01
7.509999999999999787e+00 2.628257999999999983e-02 1.612660999999999900e+00
7.509999999999999787e+00 4.415427999999999714e-02 4.186797999999999575e+00
7.509999999999999787e+00 6.232185999999999976e-02 8.112959999999999283e+00
7.509999999999999787e+00 9.020585000000000409e-02 1.426077000000000083e+01
7.509999999999999787e+00 1.352297000000000082e-01 2.421274999999999977e+01
7.509999999999999787e+00 2.038964000000000054e-01 1.655745999999999896e+01
7.509999999999999787e+00 3.056348999999999871e-01 1.353640000000000043e+01
7.509999999999999787e+00 4.586450999999999723e-01 1.171902000000000044e+01
7.509999999999999787e+00 6.883943999999999619e-01 1.099104999999999954e+01
7.509999999999999787e+00 1.032767999999999908e+00 1.119777999999999984e+01
7.509999999999999787e+00 1.549323000000000006e+00 1.290451000000000015e+01
7.509999999999999787e+00 2.237315999999999860e+00 1.947485999999999962e+01
7.509999999999999787e+00 2.922752000000000017e+00 3.061548000000000158e+01
7.929999999999999716e+00 2.628257999999999983e-02 1.506067999999999962e+00
7.929999999999999716e+00 4.415427999999999714e-02 4.418866999999999656e+00
7.929999999999999716e+00 6.232185999999999976e-02 8.879841000000000761e+00
7.929999999999999716e+00 9.020585000000000409e-02 1.522456999999999994e+01
7.929999999999999716e+00 1.352297000000000082e-01 2.729874999999999829e+01
7.929999999999999716e+00 2.038964000000000054e-01 2.158451000000000164e+01
7.929999999999999716e+00 3.056348999999999871e-01 1.718094999999999928e+01
7.929999999999999716e+00 4.586450999999999723e-01 1.511167000000000016e+01
7.929999999999999716e+00 6.883943999999999619e-01 1.472738999999999976e+01
7.929999999999999716e+00 1.032767999999999908e+00 1.532315000000000005e+01
7.929999999999999716e+00 1.549323000000000006e+00 1.776199000000000083e+01
7.929999999999999716e+00 2.237315999999999860e+00 2.694811999999999941e+01
7.929999999999999716e+00 2.922752000000000017e+00 4.198772000000000304e+01
7.929999999999999716e+00 2.628257999999999983e-02 1.506067999999999962e+00
7.929999999999999716e+00 4.415427999999999714e-02 4.418866999999999656e+00
7.929999999999999716e+00 6.232185999999999976e-02 8.879841000000000761e+00
7.929999999999999716e+00 9.020585000000000409e-02 1.522456999999999994e+01
7.929999999999999716e+00 1.352297000000000082e-01 2.729874999999999829e+01
7.929999999999999716e+00 2.038964000000000054e-01 2.158451000000000164e+01
7.929999999999999716e+00 3.056348999999999871e-01 1.718094999999999928e+01
7.929999999999999716e+00 4.586450999999999723e-01 1.511167000000000016e+01
7.929999999999999716e+00 6.883943999999999619e-01 1.472738999999999976e+01
7.929999999999999716e+00 1.032767999999999908e+00 1.532315000000000005e+01
7.929999999999999716e+00 1.549323000000000006e+00 1.776199000000000083e+01
7.929999999999999716e+00 2.237315999999999860e+00 2.694811999999999941e+01
7.929999999999999716e+00 2.922752000000000017e+00 4.198772000000000304e+01
8.380000000000000782e+00 2.628257999999999983e-02 7.156637999999999611e-01
8.380000000000000782e+00 4.415427999999999714e-02 2.784407999999999994e+00
8.380000000000000782e+00 6.232185999999999976e-02 6.481148000000000131e+00
8.380000000000000782e+00 9.020585000000000409e-02 1.123931999999999931e+01
8.380000000000000782e+00 1.352297000000000082e-01 2.171610000000000085e+01
8.380000000000000782e+00 2.038964000000000054e-01 2.079318999999999917e+01
8.380000000000000782e+00 3.056348999999999871e-01 1.728726999999999947e+01
8.380000000000000782e+00 4.586450999999999723e-01 1.584482000000000035e+01
8.380000000000000782e+00 6.883943999999999619e-01 1.580437000000000047e+01
8.380000000000000782e+00 1.032767999999999908e+00 1.671060999999999908e+01
8.380000000000000782e+00 1.549323000000000006e+00 1.948170999999999964e+01
8.380000000000000782e+00 2.237315999999999860e+00 2.962978999999999985e+01
8.380000000000000782e+00 2.922752000000000017e+00 4.606378999999999735e+01
8.380000000000000782e+00 2.628257999999999983e-02 7.156637999999999611e-01
8.380000000000000782e+00 4.415427999999999714e-02 2.784407999999999994e+00
8.380000000000000782e+00 6.232185999999999976e-02 6.481148000000000131e+00
8.380000000000000782e+00 9.020585000000000409e-02 1.123931999999999931e+01
8.380000000000000782e+00 1.352297000000000082e-01 2.171610000000000085e+01
8.380000000000000782e+00 2.038964000000000054e-01 2.079318999999999917e+01
8.380000000000000782e+00 3.056348999999999871e-01 1.728726999999999947e+01
8.380000000000000782e+00 4.586450999999999723e-01 1.584482000000000035e+01
8.380000000000000782e+00 6.883943999999999619e-01 1.580437000000000047e+01
8.380000000000000782e+00 1.032767999999999908e+00 1.671060999999999908e+01
8.380000000000000782e+00 1.549323000000000006e+00 1.948170999999999964e+01
8.380000000000000782e+00 2.237315999999999860e+00 2.962978999999999985e+01
8.380000000000000782e+00 2.922752000000000017e+00 4.606378999999999735e+01
8.849999999999999645e+00 2.628257999999999983e-02 7.077152999999999916e-02
8.849999999999999645e+00 4.415427999999999714e-02 7.353870000000000129e-01
8.849999999999999645e+00 6.232185999999999976e-02 2.254215999999999998e+00
8.849999999999999645e+00 9.020585000000000409e-02 4.877027000000000001e+00
8.849999999999999645e+00 1.352297000000000082e-01 1.177692000000000050e+01
8.849999999999999645e+00 2.038964000000000054e-01 1.436991000000000085e+01
8.849999999999999645e+00 3.056348999999999871e-01 1.299813999999999936e+01
8.849999999999999645e+00 4.586450999999999723e-01 1.274019999999999975e+01
8.849999999999999645e+00 6.883943999999999619e-01 1.303447000000000067e+01
8.849999999999999645e+00 1.032767999999999908e+00 1.396651999999999916e+01
8.849999999999999645e+00 1.549323000000000006e+00 1.647291999999999845e+01
8.849999999999999645e+00 2.237315999999999860e+00 2.514136999999999844e+01
8.849999999999999645e+00 2.922752000000000017e+00 3.866673999999999722e+01
8.849999999999999645e+00 2.628257999999999983e-02 7.077152999999999916e-02
8.849999999999999645e+00 4.415427999999999714e-02 7.353870000000000129e-01
8.849999999999999645e+00 6.232185999999999976e-02 2.254215999999999998e+00
8.849999999999999645e+00 9.020585000000000409e-02 4.877027000000000001e+00
8.849999999999999645e+00 1.352297000000000082e-01 1.177692000000000050e+01
8.849999999999999645e+00 2.038964000000000054e-01 1.436991000000000085e+01
8.849999999999999645e+00 3.056348999999999871e-01 1.299813999999999936e+01
8.849999999999999645e+00 4.586450999999999723e-01 1.274019999999999975e+01
8.849999999999999645e+00 6.883943999999999619e-01 1.303447000000000067e+01
8.849999999999999645e+00 1.032767999999999908e+00 1.396651999999999916e+01
8.849999999999999645e+00 1.549323000000000006e+00 1.647291999999999845e+01
8.849999999999999645e+00 2.237315999999999860e+00 2.514136999999999844e+01
8.849999999999999645e+00 2.922752000000000017e+00 3.866673999999999722e+01
9.339999999999999858e+00 2.628257999999999983e-02 1.030478000000000005e+00
9.339999999999999858e+00 4.415427999999999714e-02 9.784458999999999795e-01
9.339999999999999858e+00 6.232185999999999976e-02 7.222832999999999615e-01
9.339999999999999858e+00 9.020585000000000409e-02 1.162560000000000038e+00
9.339999999999999858e+00 1.352297000000000082e-01 3.300921000000000216e+00
9.339999999999999858e+00 2.038964000000000054e-01 5.990037000000000056e+00
9.339999999999999858e+00 3.056348999999999871e-01 6.349642000000000230e+00
9.339999999999999858e+00 4.586450999999999723e-01 6.633466999999999558e+00
9.339999999999999858e+00 6.883943999999999619e-01 7.002150000000000318e+00
9.339999999999999858e+00 1.032767999999999908e+00 7.569827000000000083e+00
9.339999999999999858e+00 1.549323000000000006e+00 8.966238000000000596e+00
9.339999999999999858e+00 2.237315999999999860e+00 1.370204999999999984e+01
9.339999999999999858e+00 2.922752000000000017e+00 2.132273999999999958e+01
9.339999999999999858e+00 2.628257999999999983e-02 1.030478000000000005e+00
9.339999999999999858e+00 4.415427999999999714e-02 9.784458999999999795e-01
9.339999999999999858e+00 6.232185999999999976e-02 7.222832999999999615e-01
9.339999999999999858e+00 9.020585000000000409e-02 1.162560000000000038e+00
9.339999999999999858e+00 1.352297000000000082e-01 3.300921000000000216e+00
9.339999999999999858e+00 2.038964000000000054e-01 5.990037000000000056e+00
9.339999999999999858e+00 3.056348999999999871e-01 6.349642000000000230e+00
9.339999999999999858e+00 4.586450999999999723e-01 6.633466999999999558e+00
9.339999999999999858e+00 6.883943999999999619e-01 7.002150000000000318e+00
9.339999999999999858e+00 1.032767999999999908e+00 7.569827000000000083e+00
9.339999999999999858e+00 1.549323000000000006e+00 8.966238000000000596e+00
9.339999999999999858e+00 2.237315999999999860e+00 1.370204999999999984e+01
9.339999999999999858e+00 2.922752000000000017e+00 2.132273999999999958e+01
9.859999999999999432e+00 2.628257999999999983e-02 6.026297999999999710e+00
9.859999999999999432e+00 4.415427999999999714e-02 7.773298999999999737e+00
9.859999999999999432e+00 6.232185999999999976e-02 7.007897999999999961e+00
9.859999999999999432e+00 9.020585000000000409e-02 4.571958999999999662e+00
9.859999999999999432e+00 1.352297000000000082e-01 2.466685000000000016e+00
9.859999999999999432e+00 2.038964000000000054e-01 1.804604000000000097e+00
9.859999999999999432e+00 3.056348999999999871e-01 1.788192000000000004e+00
9.859999999999999432e+00 4.586450999999999723e-01 1.775425999999999949e+00
9.859999999999999432e+00 6.883943999999999619e-01 1.819534999999999902e+00
9.859999999999999432e+00 1.032767999999999908e+00 1.989446999999999965e+00
9.859999999999999432e+00 1.549323000000000006e+00 2.429952000000000112e+00
9.859999999999999432e+00 2.237315999999999860e+00 3.784464999999999968e+00
9.859999999999999432e+00 2.922752000000000017e+00 5.852060999999999957e+00
9.859999999999999432e+00 2.628257999999999983e-02 6.026297999999999710e+00
9.859999999999999432e+00 4.415427999999999714e-02 7.773298999999999737e+00
9.859999999999999432e+00 6.232185999999999976e-02 7.007897999999999961e+00
9.859999999999999432e+00 9.020585000000000409e-02 4.571958999999999662e+00
9.859999999999999432e+00 1.352297000000000082e-01 2.466685000000000016e+00
9.859999999999999432e+00 2.038964000000000054e-01 1.804604000000000097e+00
9.859999999999999432e+00 3.056348999999999871e-01 1.788192000000000004e+00
9.859999999999999432e+00 4.586450999999999723e-01 1.775425999999999949e+00
9.859999999999999432e+00 6.883943999999999619e-01 1.819534999999999902e+00
9.859999999999999432e+00 1.032767999999999908e+00 1.989446999999999965e+00
9.859999999999999432e+00 1.549323000000000006e+00 2.429952000000000112e+00
9.859999999999999432e+00 2.237315999999999860e+00 3.784464999999999968e+00
9.859999999999999432e+00 2.922752000000000017e+00 5.852060999999999957e+00
