1.040000000000000036e+01 2.628257999999999983e-02 9.518286000000000247e-01
1.040000000000000036e+01 4.415427999999999714e-02 3.278429000000000038e+00
1.040000000000000036e+01 6.232185999999999976e-02 7.229168999999999734e+00
1.040000000000000036e+01 9.020585000000000409e-02 1.230031999999999925e+01
1.040000000000000036e+01 1.352297000000000082e-01 2.296714000000000055e+01
1.040000000000000036e+01 2.038964000000000054e-01 2.267954999999999899e+01
1.040000000000000036e+01 3.056348999999999871e-01 1.964379999999999882e+01
1.040000000000000036e+01 4.586450999999999723e-01 1.707000999999999991e+01
1.040000000000000036e+01 6.883943999999999619e-01 1.551520000000000010e+01
1.040000000000000036e+01 1.032767999999999908e+00 1.504837000000000025e+01
1.040000000000000036e+01 1.549323000000000006e+00 1.736777000000000015e+01
1.040000000000000036e+01 2.237315999999999860e+00 2.735209000000000046e+01
1.040000000000000036e+01 2.922752000000000017e+00 4.343368999999999858e+01
1.097000000000000064e+01 2.628257999999999983e-02 1.522112999999999938e-01
1.097000000000000064e+01 4.415427999999999714e-02 1.094913999999999943e+00
1.097000000000000064e+01 6.232185999999999976e-02 2.968884000000000079e+00
1.097000000000000064e+01 9.020585000000000409e-02 5.804977000000000054e+00
1.097000000000000064e+01 1.352297000000000082e-01 1.333623000000000047e+01
1.097000000000000064e+01 2.038964000000000054e-01 1.690455000000000041e+01
1.097000000000000064e+01 3.056348999999999871e-01 1.617183999999999955e+01
1.097000000000000064e+01 4.586450999999999723e-01 1.504828000000000010e+01
1.097000000000000064e+01 6.883943999999999619e-01 1.412020000000000053e+01
1.097000000000000064e+01 1.032767999999999908e+00 1.413405999999999985e+01
1.097000000000000064e+01 1.549323000000000006e+00 1.671828999999999965e+01
1.097000000000000064e+01 2.237315999999999860e+00 2.646480999999999995e+01
1.097000000000000064e+01 2.922752000000000017e+00 4.185244000000000142e+01
1.157000000000000028e+01 2.628257999999999983e-02 4.774822000000000233e-01
1.157000000000000028e+01 4.415427999999999714e-02 5.112575999999999787e-01
1.157000000000000028e+01 6.232185999999999976e-02 5.043847999999999665e-01
1.157000000000000028e+01 9.020585000000000409e-02 1.128284000000000065e+00
1.157000000000000028e+01 1.352297000000000082e-01 3.621271000000000129e+00
1.157000000000000028e+01 2.038964000000000054e-01 7.081661000000000428e+00
1.157000000000000028e+01 3.056348999999999871e-01 8.304904000000000508e+00
1.157000000000000028e+01 4.586450999999999723e-01 8.587189999999999657e+00
1.157000000000000028e+01 6.883943999999999619e-01 8.518281999999999243e+00
1.157000000000000028e+01 1.032767999999999908e+00 8.779712999999999212e+00
1.157000000000000028e+01 1.549323000000000006e+00 1.059135000000000026e+01
1.157000000000000028e+01 2.237315999999999860e+00 1.691490999999999900e+01
1.157000000000000028e+01 2.922752000000000017e+00 2.698414000000000001e+01
1.219999999999999929e+01 2.628257999999999983e-02 4.242322999999999844e+00
1.219999999999999929e+01 4.415427999999999714e-02 6.157378999999999714e+00
1.219999999999999929e+01 6.232185999999999976e-02 6.290301999999999616e+00
1.219999999999999929e+01 9.020585000000000409e-02 4.723834000000000088e+00
1.219999999999999929e+01 1.352297000000000082e-01 2.877270000000000216e+00
1.219999999999999929e+01 2.038964000000000054e-01 2.194408000000000136e+00
1.219999999999999929e+01 3.056348999999999871e-01 2.415280000000000094e+00
1.219999999999999929e+01 4.586450999999999723e-01 2.558072999999999819e+00
1.219999999999999929e+01 6.883943999999999619e-01 2.588332999999999995e+00
1.219999999999999929e+01 1.032767999999999908e+00 2.697394000000000069e+00
1.219999999999999929e+01 1.549323000000000006e+00 3.263964000000000087e+00
1.219999999999999929e+01 2.237315999999999860e+00 5.272376000000000396e+00
1.219999999999999929e+01 2.922752000000000017e+00 8.531627000000000294e+00
1.285999999999999943e+01 2.628257999999999983e-02 1.445209999999999972e+01
1.285999999999999943e+01 4.415427999999999714e-02 2.354383999999999943e+01
1.285999999999999943e+01 6.232185999999999976e-02 2.678284999999999982e+01
1.285999999999999943e+01 9.020585000000000409e-02 2.204793000000000092e+01
1.285999999999999943e+01 1.352297000000000082e-01 1.570423000000000080e+01
1.285999999999999943e+01 2.038964000000000054e-01 8.925684999999999647e+00
1.285999999999999943e+01 3.056348999999999871e-01 5.565322000000000102e+00
1.285999999999999943e+01 4.586450999999999723e-01 4.479090000000000238e+00
1.285999999999999943e+01 6.883943999999999619e-01 4.790869999999999962e+00
1.285999999999999943e+01 1.032767999999999908e+00 5.872109000000000023e+00
1.285999999999999943e+01 1.549323000000000006e+00 8.502966999999999942e+00
1.285999999999999943e+01 2.237315999999999860e+00 1.297279999999999944e+01
1.285999999999999943e+01 2.922752000000000017e+00 1.713569000000000031e+01
1.355000000000000071e+01 2.628257999999999983e-02 3.417656999999999812e+01
1.355000000000000071e+01 4.415427999999999714e-02 5.845499999999999829e+01
1.355000000000000071e+01 6.232185999999999976e-02 6.898940000000000339e+01
1.355000000000000071e+01 9.020585000000000409e-02 5.919073999999999813e+01
1.355000000000000071e+01 1.352297000000000082e-01 4.641897999999999769e+01
1.355000000000000071e+01 2.038964000000000054e-01 3.007306000000000168e+01
1.355000000000000071e+01 3.056348999999999871e-01 2.177283999999999864e+01
1.355000000000000071e+01 4.586450999999999723e-01 2.206559999999999988e+01
1.355000000000000071e+01 6.883943999999999619e-01 2.735773999999999972e+01
1.355000000000000071e+01 1.032767999999999908e+00 3.622617999999999938e+01
1.355000000000000071e+01 1.549323000000000006e+00 5.383480000000000132e+01
1.355000000000000071e+01 2.237315999999999860e+00 8.210172000000000025e+01
1.355000000000000071e+01 2.922752000000000017e+00 1.075662999999999982e+02
1.427999999999999936e+01 2.628257999999999983e-02 5.712686000000000064e+01
1.427999999999999936e+01 4.415427999999999714e-02 1.016552999999999969e+02
1.427999999999999936e+01 6.232185999999999976e-02 1.226508999999999929e+02
1.427999999999999936e+01 9.020585000000000409e-02 1.081175000000000068e+02
1.427999999999999936e+01 1.352297000000000082e-01 9.002497999999999934e+01
1.427999999999999936e+01 2.038964000000000054e-01 6.289529999999999887e+01
1.427999999999999936e+01 3.056348999999999871e-01 5.075860999999999734e+01
1.427999999999999936e+01 4.586450999999999723e-01 6.083550999999999931e+01
1.427999999999999936e+01 6.883943999999999619e-01 8.321063999999999794e+01
1.427999999999999936e+01 1.032767999999999908e+00 1.162430999999999983e+02
1.427999999999999936e+01 1.549323000000000006e+00 1.766847999999999956e+02
1.427999999999999936e+01 2.237315999999999860e+00 2.653351000000000113e+02
1.427999999999999936e+01 2.922752000000000017e+00 3.398876999999999953e+02
1.505000000000000071e+01 2.628257999999999983e-02 6.571311000000000035e+01
1.505000000000000071e+01 4.415427999999999714e-02 1.223151000000000010e+02
1.505000000000000071e+01 6.232185999999999976e-02 1.497935999999999979e+02
1.505000000000000071e+01 9.020585000000000409e-02 1.362546000000000106e+02
1.505000000000000071e+01 1.352297000000000082e-01 1.207800000000000011e+02
1.505000000000000071e+01 2.038964000000000054e-01 9.309014999999999418e+01
1.505000000000000071e+01 3.056348999999999871e-01 8.598131999999999664e+01
1.505000000000000071e+01 4.586450999999999723e-01 1.192522000000000020e+02
1.505000000000000071e+01 6.883943999999999619e-01 1.759071000000000140e+02
1.505000000000000071e+01 1.032767999999999908e+00 2.585172999999999774e+02
1.505000000000000071e+01 1.549323000000000006e+00 4.023881000000000085e+02
1.505000000000000071e+01 2.237315999999999860e+00 5.907064000000000306e+02
1.505000000000000071e+01 2.922752000000000017e+00 7.348682999999999765e+02
1.584999999999999964e+01 2.628257999999999983e-02 4.354793000000000092e+01
1.584999999999999964e+01 4.415427999999999714e-02 8.837812999999999874e+01
1.584999999999999964e+01 6.232185999999999976e-02 1.097352999999999952e+02
1.584999999999999964e+01 9.020585000000000409e-02 1.058682000000000016e+02
1.584999999999999964e+01 1.352297000000000082e-01 1.045918999999999954e+02
1.584999999999999964e+01 2.038964000000000054e-01 9.770219000000000165e+01
1.584999999999999964e+01 3.056348999999999871e-01 1.135417000000000058e+02
1.584999999999999964e+01 4.586450999999999723e-01 1.797321000000000026e+02
1.584999999999999964e+01 6.883943999999999619e-01 2.816988999999999805e+02
1.584999999999999964e+01 1.032767999999999908e+00 4.311093000000000188e+02
1.584999999999999964e+01 1.549323000000000006e+00 6.908348999999999478e+02
1.584999999999999964e+01 2.237315999999999860e+00 9.984442999999999984e+02
1.584999999999999964e+01 2.922752000000000017e+00 1.213582000000000107e+03
1.669000000000000128e+01 2.628257999999999983e-02 1.008990000000000009e+01
1.669000000000000128e+01 4.415427999999999714e-02 2.673723000000000027e+01
1.669000000000000128e+01 6.232185999999999976e-02 3.550278999999999741e+01
1.669000000000000128e+01 9.020585000000000409e-02 4.131942000000000093e+01
1.669000000000000128e+01 1.352297000000000082e-01 5.491707000000000249e+01
1.669000000000000128e+01 2.038964000000000054e-01 7.688823999999999614e+01
1.669000000000000128e+01 3.056348999999999871e-01 1.235373000000000019e+02
1.669000000000000128e+01 4.586450999999999723e-01 2.140218999999999880e+02
1.669000000000000128e+01 6.883943999999999619e-01 3.477756999999999721e+02
1.669000000000000128e+01 1.032767999999999908e+00 5.526028999999999769e+02
1.669000000000000128e+01 1.549323000000000006e+00 9.040976000000000568e+02
1.669000000000000128e+01 2.237315999999999860e+00 1.294191000000000031e+03
1.669000000000000128e+01 2.922752000000000017e+00 1.538732999999999947e+03
1.757000000000000028e+01 2.628257999999999983e-02 1.730776000000000092e+00
1.757000000000000028e+01 4.415427999999999714e-02 2.511483000000000132e+00
1.757000000000000028e+01 6.232185999999999976e-02 8.397351000000000454e+00
1.757000000000000028e+01 9.020585000000000409e-02 1.531802000000000064e+01
1.757000000000000028e+01 1.352297000000000082e-01 3.255001000000000033e+01
1.757000000000000028e+01 2.038964000000000054e-01 6.435705000000000098e+01
1.757000000000000028e+01 3.056348999999999871e-01 1.210824000000000069e+02
1.757000000000000028e+01 4.586450999999999723e-01 2.066237000000000137e+02
1.757000000000000028e+01 6.883943999999999619e-01 3.362130000000000223e+02
1.757000000000000028e+01 1.032767999999999908e+00 5.455424000000000433e+02
1.757000000000000028e+01 1.549323000000000006e+00 9.022766000000000304e+02
1.757000000000000028e+01 2.237315999999999860e+00 1.268508000000000038e+03
1.757000000000000028e+01 2.922752000000000017e+00 1.478171000000000049e+03
1.850000000000000000e+01 2.628257999999999983e-02 2.007476000000000127e+01
1.850000000000000000e+01 4.415427999999999714e-02 2.551668000000000092e+01
1.850000000000000000e+01 6.232185999999999976e-02 4.150224999999999653e+01
1.850000000000000000e+01 9.020585000000000409e-02 4.365068000000000126e+01
1.850000000000000000e+01 1.352297000000000082e-01 5.887078000000000344e+01
1.850000000000000000e+01 2.038964000000000054e-01 8.041607000000000482e+01
1.850000000000000000e+01 3.056348999999999871e-01 1.175795999999999992e+02
1.850000000000000000e+01 4.586450999999999723e-01 1.705425999999999931e+02
1.850000000000000000e+01 6.883943999999999619e-01 2.616324000000000183e+02
1.850000000000000000e+01 1.032767999999999908e+00 4.219488000000000056e+02
1.850000000000000000e+01 1.549323000000000006e+00 7.002503000000000384e+02
1.850000000000000000e+01 2.237315999999999860e+00 9.694437000000000353e+02
1.850000000000000000e+01 2.922752000000000017e+00 1.105140000000000100e+03
1.948000000000000043e+01 2.628257999999999983e-02 3.737604000000000326e+01
1.948000000000000043e+01 4.415427999999999714e-02 5.284622000000000241e+01
1.948000000000000043e+01 6.232185999999999976e-02 7.757262000000000057e+01
1.948000000000000043e+01 9.020585000000000409e-02 7.643895000000000550e+01
1.948000000000000043e+01 1.352297000000000082e-01 8.967167999999999495e+01
1.948000000000000043e+01 2.038964000000000054e-01 9.896617000000000530e+01
1.948000000000000043e+01 3.056348999999999871e-01 1.088983000000000061e+02
1.948000000000000043e+01 4.586450999999999723e-01 1.252233999999999980e+02
1.948000000000000043e+01 6.883943999999999619e-01 1.670426999999999964e+02
1.948000000000000043e+01 1.032767999999999908e+00 2.561447999999999752e+02
1.948000000000000043e+01 1.549323000000000006e+00 4.178946000000000254e+02
1.948000000000000043e+01 2.237315999999999860e+00 5.710356000000000449e+02
1.948000000000000043e+01 2.922752000000000017e+00 6.446734000000000151e+02
2.050000000000000000e+01 2.628257999999999983e-02 3.546598000000000184e+01
2.050000000000000000e+01 4.415427999999999714e-02 5.295736999999999739e+01
2.050000000000000000e+01 6.232185999999999976e-02 7.610228999999999644e+01
2.050000000000000000e+01 9.020585000000000409e-02 7.499324000000000012e+01
2.050000000000000000e+01 1.352297000000000082e-01 8.658227999999999724e+01
2.050000000000000000e+01 2.038964000000000054e-01 9.067171999999999343e+01
2.050000000000000000e+01 3.056348999999999871e-01 8.624081999999999937e+01
2.050000000000000000e+01 4.586450999999999723e-01 8.269974000000000558e+01
2.050000000000000000e+01 6.883943999999999619e-01 8.959599000000000046e+01
2.050000000000000000e+01 1.032767999999999908e+00 1.204929000000000059e+02
2.050000000000000000e+01 1.549323000000000006e+00 1.866169999999999902e+02
2.050000000000000000e+01 2.237315999999999860e+00 2.515833000000000084e+02
2.050000000000000000e+01 2.922752000000000017e+00 2.847559999999999718e+02
2.157999999999999829e+01 2.628257999999999983e-02 1.975184000000000140e+01
2.157999999999999829e+01 4.415427999999999714e-02 3.115463000000000093e+01
2.157999999999999829e+01 6.232185999999999976e-02 4.537617000000000189e+01
2.157999999999999829e+01 9.020585000000000409e-02 4.635148999999999830e+01
2.157999999999999829e+01 1.352297000000000082e-01 5.571768000000000143e+01
2.157999999999999829e+01 2.038964000000000054e-01 6.072569000000000017e+01
2.157999999999999829e+01 3.056348999999999871e-01 5.784628000000000014e+01
2.157999999999999829e+01 4.586450999999999723e-01 5.398774000000000228e+01
2.157999999999999829e+01 6.883943999999999619e-01 5.100972999999999757e+01
2.157999999999999829e+01 1.032767999999999908e+00 5.551850999999999914e+01
2.157999999999999829e+01 1.549323000000000006e+00 7.486314000000000135e+01
2.157999999999999829e+01 2.237315999999999860e+00 9.391353999999999758e+01
2.157999999999999829e+01 2.922752000000000017e+00 9.895333999999999719e+01
2.271000000000000085e+01 2.628257999999999983e-02 7.146290999999999727e+00
2.271000000000000085e+01 4.415427999999999714e-02 1.188541000000000025e+01
2.271000000000000085e+01 6.232185999999999976e-02 1.782608000000000104e+01
2.271000000000000085e+01 9.020585000000000409e-02 1.905307000000000173e+01
2.271000000000000085e+01 1.352297000000000082e-01 2.429347999999999885e+01
2.271000000000000085e+01 2.038964000000000054e-01 2.841575999999999880e+01
2.271000000000000085e+01 3.056348999999999871e-01 2.881972999999999985e+01
2.271000000000000085e+01 4.586450999999999723e-01 2.835225000000000151e+01
2.271000000000000085e+01 6.883943999999999619e-01 2.571134999999999948e+01
2.271000000000000085e+01 1.032767999999999908e+00 2.333873000000000175e+01
2.271000000000000085e+01 1.549323000000000006e+00 2.646912999999999982e+01
2.271000000000000085e+01 2.237315999999999860e+00 3.191867999999999839e+01
2.271000000000000085e+01 2.922752000000000017e+00 3.490185000000000315e+01
2.389000000000000057e+01 2.628257999999999983e-02 1.872597999999999985e+00
2.389000000000000057e+01 4.415427999999999714e-02 3.302408999999999928e+00
2.389000000000000057e+01 6.232185999999999976e-02 5.176389999999999603e+00
2.389000000000000057e+01 9.020585000000000409e-02 5.859789000000000136e+00
2.389000000000000057e+01 1.352297000000000082e-01 8.077709999999999724e+00
2.389000000000000057e+01 2.038964000000000054e-01 1.039873000000000047e+01
2.389000000000000057e+01 3.056348999999999871e-01 1.173808999999999969e+01
2.389000000000000057e+01 4.586450999999999723e-01 1.302058000000000071e+01
2.389000000000000057e+01 6.883943999999999619e-01 1.276784999999999926e+01
2.389000000000000057e+01 1.032767999999999908e+00 1.095988000000000007e+01
2.389000000000000057e+01 1.549323000000000006e+00 1.059244999999999948e+01
2.389000000000000057e+01 2.237315999999999860e+00 1.217722000000000016e+01
2.389000000000000057e+01 2.922752000000000017e+00 1.402926000000000073e+01
2.514000000000000057e+01 2.628257999999999983e-02 3.852618999999999905e-01
2.514000000000000057e+01 4.415427999999999714e-02 7.251881999999999495e-01
2.514000000000000057e+01 6.232185999999999976e-02 1.209494000000000069e+00
2.514000000000000057e+01 9.020585000000000409e-02 1.471198999999999923e+00
2.514000000000000057e+01 1.352297000000000082e-01 2.241652999999999896e+00
2.514000000000000057e+01 2.038964000000000054e-01 3.223600999999999939e+00
2.514000000000000057e+01 3.056348999999999871e-01 4.146347999999999701e+00
2.514000000000000057e+01 4.586450999999999723e-01 5.304462000000000010e+00
2.514000000000000057e+01 6.883943999999999619e-01 5.968834000000000195e+00
2.514000000000000057e+01 1.032767999999999908e+00 5.528094000000000285e+00
2.514000000000000057e+01 1.549323000000000006e+00 5.076005999999999574e+00
2.514000000000000057e+01 2.237315999999999860e+00 5.861731999999999942e+00
2.514000000000000057e+01 2.922752000000000017e+00 7.090812999999999811e+00
2.644000000000000128e+01 2.628257999999999983e-02 7.685704000000000147e-02
2.644000000000000128e+01 4.415427999999999714e-02 1.570765000000000078e-01
2.644000000000000128e+01 6.232185999999999976e-02 2.818094999999999906e-01
2.644000000000000128e+01 9.020585000000000409e-02 3.650067000000000172e-01
2.644000000000000128e+01 1.352297000000000082e-01 6.020250999999999797e-01
2.644000000000000128e+01 2.038964000000000054e-01 9.458742999999999457e-01
2.644000000000000128e+01 3.056348999999999871e-01 1.365372000000000030e+00
2.644000000000000128e+01 4.586450999999999723e-01 1.992104000000000097e+00
2.644000000000000128e+01 6.883943999999999619e-01 2.608537999999999801e+00
2.644000000000000128e+01 1.032767999999999908e+00 2.797874999999999890e+00
2.644000000000000128e+01 1.549323000000000006e+00 2.681792999999999871e+00
2.644000000000000128e+01 2.237315999999999860e+00 3.251183000000000156e+00
2.644000000000000128e+01 2.922752000000000017e+00 4.083614999999999995e+00
2.782000000000000028e+01 2.628257999999999983e-02 2.038403999999999910e-02
2.782000000000000028e+01 4.415427999999999714e-02 4.605812000000000100e-02
2.782000000000000028e+01 6.232185999999999976e-02 8.977646000000000237e-02
2.782000000000000028e+01 9.020585000000000409e-02 1.228375000000000022e-01
2.782000000000000028e+01 1.352297000000000082e-01 2.120082000000000078e-01
2.782000000000000028e+01 2.038964000000000054e-01 3.457072999999999952e-01
2.782000000000000028e+01 3.056348999999999871e-01 5.287123000000000239e-01
2.782000000000000028e+01 4.586450999999999723e-01 8.233601999999999865e-01
2.782000000000000028e+01 6.883943999999999619e-01 1.206415999999999933e+00
2.782000000000000028e+01 1.032767999999999908e+00 1.502394000000000007e+00
2.782000000000000028e+01 1.549323000000000006e+00 1.597291000000000016e+00
2.782000000000000028e+01 2.237315999999999860e+00 2.018610999999999933e+00
2.782000000000000028e+01 2.922752000000000017e+00 2.639092000000000215e+00
2.926000000000000156e+01 2.628257999999999983e-02 1.075420000000000022e-02
2.926000000000000156e+01 4.415427999999999714e-02 2.627053999999999848e-02
2.926000000000000156e+01 6.232185999999999976e-02 5.547175000000000022e-02
2.926000000000000156e+01 9.020585000000000409e-02 7.945998999999999424e-02
2.926000000000000156e+01 1.352297000000000082e-01 1.403039000000000092e-01
2.926000000000000156e+01 2.038964000000000054e-01 2.270522000000000096e-01
2.926000000000000156e+01 3.056348999999999871e-01 3.463399999999999812e-01
2.926000000000000156e+01 4.586450999999999723e-01 5.215467999999999771e-01
2.926000000000000156e+01 6.883943999999999619e-01 7.665701000000000320e-01
2.926000000000000156e+01 1.032767999999999908e+00 1.011811999999999934e+00
2.926000000000000156e+01 1.549323000000000006e+00 1.175904999999999978e+00
2.926000000000000156e+01 2.237315999999999860e+00 1.489587999999999912e+00
2.926000000000000156e+01 2.922752000000000017e+00 1.884155000000000024e+00
3.076999999999999957e+01 2.628257999999999983e-02 1.061522999999999980e-02
3.076999999999999957e+01 4.415427999999999714e-02 2.655884999999999843e-02
3.076999999999999957e+01 6.232185999999999976e-02 5.893886999999999737e-02
3.076999999999999957e+01 9.020585000000000409e-02 8.623094000000000592e-02
3.076999999999999957e+01 1.352297000000000082e-01 1.547996000000000094e-01
3.076999999999999957e+01 2.038964000000000054e-01 2.496728000000000003e-01
3.076999999999999957e+01 3.056348999999999871e-01 3.783595000000000153e-01
3.076999999999999957e+01 4.586450999999999723e-01 5.480783000000000182e-01
3.076999999999999957e+01 6.883943999999999619e-01 7.730782000000000487e-01
3.076999999999999957e+01 1.032767999999999908e+00 9.934969999999999635e-01
3.076999999999999957e+01 1.549323000000000006e+00 1.184638999999999998e+00
3.076999999999999957e+01 2.237315999999999860e+00 1.473076000000000052e+00
3.076999999999999957e+01 2.922752000000000017e+00 1.790397000000000016e+00
3.235999999999999943e+01 2.628257999999999983e-02 1.337290000000000006e-02
3.235999999999999943e+01 4.415427999999999714e-02 3.375933999999999879e-02
3.235999999999999943e+01 6.232185999999999976e-02 7.690033999999999759e-02
3.235999999999999943e+01 9.020585000000000409e-02 1.125571999999999961e-01
3.235999999999999943e+01 1.352297000000000082e-01 2.037554000000000032e-01
3.235999999999999943e+01 2.038964000000000054e-01 3.286218000000000194e-01
3.235999999999999943e+01 3.056348999999999871e-01 4.984340999999999910e-01
3.235999999999999943e+01 4.586450999999999723e-01 7.173323999999999812e-01
3.235999999999999943e+01 6.883943999999999619e-01 9.950664000000000176e-01
3.235999999999999943e+01 1.032767999999999908e+00 1.247562999999999978e+00
3.235999999999999943e+01 1.549323000000000006e+00 1.480108999999999897e+00
3.235999999999999943e+01 2.237315999999999860e+00 1.815301999999999971e+00
3.235999999999999943e+01 2.922752000000000017e+00 2.193116999999999983e+00
3.403000000000000114e+01 2.628257999999999983e-02 1.775022999999999879e-02
3.403000000000000114e+01 4.415427999999999714e-02 4.492386000000000296e-02
3.403000000000000114e+01 6.232185999999999976e-02 1.039043999999999940e-01
3.403000000000000114e+01 9.020585000000000409e-02 1.514216999999999924e-01
3.403000000000000114e+01 1.352297000000000082e-01 2.748468000000000022e-01
3.403000000000000114e+01 2.038964000000000054e-01 4.439778999999999809e-01
3.403000000000000114e+01 3.056348999999999871e-01 6.761658000000000390e-01
3.403000000000000114e+01 4.586450999999999723e-01 9.772617999999999583e-01
3.403000000000000114e+01 6.883943999999999619e-01 1.351814000000000071e+00
3.403000000000000114e+01 1.032767999999999908e+00 1.679737000000000036e+00
3.403000000000000114e+01 1.549323000000000006e+00 1.996825999999999990e+00
3.403000000000000114e+01 2.237315999999999860e+00 2.467483999999999789e+00
3.403000000000000114e+01 2.922752000000000017e+00 3.025492999999999988e+00
7.099999999999999645e+00 2.628257999999999983e-02 8.542978999999999725e-08
7.099999999999999645e+00 4.415427999999999714e-02 3.820250000000000079e-07
7.099999999999999645e+00 6.232185999999999976e-02 1.064434000000000014e-06
7.099999999999999645e+00 9.020585000000000409e-02 3.144001000000000123e-06
7.099999999999999645e+00 1.352297000000000082e-01 9.963313999999999930e-06
7.099999999999999645e+00 2.038964000000000054e-01 2.976798999999999957e-05
7.099999999999999645e+00 3.056348999999999871e-01 7.924387000000000672e-05
7.099999999999999645e+00 4.586450999999999723e-01 1.761165999999999936e-04
7.099999999999999645e+00 6.883943999999999619e-01 2.372572999999999891e-04
7.099999999999999645e+00 1.032767999999999908e+00 2.292624999999999958e-04
7.099999999999999645e+00 1.549323000000000006e+00 2.198211999999999952e-04
7.099999999999999645e+00 2.237315999999999860e+00 3.388339999999999885e-04
7.099999999999999645e+00 2.922752000000000017e+00 4.840795000000000059e-04
7.509999999999999787e+00 2.628257999999999983e-02 3.245786999999999761e-04
7.509999999999999787e+00 4.415427999999999714e-02 1.644122999999999939e-03
7.509999999999999787e+00 6.232185999999999976e-02 3.164597999999999803e-03
7.509999999999999787e+00 9.020585000000000409e-02 7.447996999999999604e-03
7.509999999999999787e+00 1.352297000000000082e-01 1.873154000000000138e-02
7.509999999999999787e+00 2.038964000000000054e-01 2.569690999999999989e-02
7.509999999999999787e+00 3.056348999999999871e-01 2.671515000000000001e-02
7.509999999999999787e+00 4.586450999999999723e-01 2.013242999999999977e-02
7.509999999999999787e+00 6.883943999999999619e-01 1.639525999999999831e-02
7.509999999999999787e+00 1.032767999999999908e+00 1.435117999999999984e-02
7.509999999999999787e+00 1.549323000000000006e+00 1.589257999999999990e-02
7.509999999999999787e+00 2.237315999999999860e+00 2.482877000000000001e-02
7.509999999999999787e+00 2.922752000000000017e+00 4.055219999999999658e-02
7.929999999999999716e+00 2.628257999999999983e-02 8.413258999999999321e-03
7.929999999999999716e+00 4.415427999999999714e-02 4.180264000000000202e-02
7.929999999999999716e+00 6.232185999999999976e-02 8.820329999999999837e-02
7.929999999999999716e+00 9.020585000000000409e-02 1.683631999999999906e-01
7.929999999999999716e+00 1.352297000000000082e-01 4.201343000000000161e-01
7.929999999999999716e+00 2.038964000000000054e-01 4.962253999999999832e-01
7.929999999999999716e+00 3.056348999999999871e-01 3.884668000000000010e-01
7.929999999999999716e+00 4.586450999999999723e-01 2.628817999999999988e-01
7.929999999999999716e+00 6.883943999999999619e-01 2.235746999999999873e-01
7.929999999999999716e+00 1.032767999999999908e+00 1.972932000000000019e-01
7.929999999999999716e+00 1.549323000000000006e+00 2.150219999999999909e-01
7.929999999999999716e+00 2.237315999999999860e+00 3.350850000000000217e-01
7.929999999999999716e+00 2.922752000000000017e+00 5.586214999999999931e-01
8.380000000000000782e+00 2.628257999999999983e-02 9.631939000000000473e-02
8.380000000000000782e+00 4.415427999999999714e-02 3.508263999999999827e-01
8.380000000000000782e+00 6.232185999999999976e-02 6.837640000000000384e-01
8.380000000000000782e+00 9.020585000000000409e-02 1.108068999999999971e+00
8.380000000000000782e+00 1.352297000000000082e-01 2.189456999999999987e+00
8.380000000000000782e+00 2.038964000000000054e-01 2.173792000000000169e+00
8.380000000000000782e+00 3.056348999999999871e-01 1.683041000000000009e+00
8.380000000000000782e+00 4.586450999999999723e-01 1.339042999999999983e+00
8.380000000000000782e+00 6.883943999999999619e-01 1.080154000000000059e+00
8.380000000000000782e+00 1.032767999999999908e+00 9.686898000000000453e-01
8.380000000000000782e+00 1.549323000000000006e+00 1.050324000000000035e+00
8.380000000000000782e+00 2.237315999999999860e+00 1.636349000000000053e+00
8.380000000000000782e+00 2.922752000000000017e+00 2.678294000000000175e+00
8.849999999999999645e+00 2.628257999999999983e-02 4.664962000000000275e-01
8.849999999999999645e+00 4.415427999999999714e-02 1.293738000000000055e+00
8.849999999999999645e+00 6.232185999999999976e-02 2.384675000000000100e+00
8.849999999999999645e+00 9.020585000000000409e-02 4.301182999999999979e+00
8.849999999999999645e+00 1.352297000000000082e-01 7.453081000000000067e+00
8.849999999999999645e+00 2.038964000000000054e-01 6.039774000000000420e+00
8.849999999999999645e+00 3.056348999999999871e-01 4.971587000000000423e+00
8.849999999999999645e+00 4.586450999999999723e-01 3.988916000000000128e+00
8.849999999999999645e+00 6.883943999999999619e-01 3.315106000000000108e+00
8.849999999999999645e+00 1.032767999999999908e+00 2.979279000000000011e+00
8.849999999999999645e+00 1.549323000000000006e+00 3.302977999999999970e+00
8.849999999999999645e+00 2.237315999999999860e+00 5.187897999999999676e+00
8.849999999999999645e+00 2.922752000000000017e+00 8.475175000000000125e+00
9.339999999999999858e+00 2.628257999999999983e-02 1.108684999999999921e+00
9.339999999999999858e+00 4.415427999999999714e-02 2.980443000000000175e+00
9.339999999999999858e+00 6.232185999999999976e-02 5.611788999999999916e+00
9.339999999999999858e+00 9.020585000000000409e-02 1.001291999999999938e+01
9.339999999999999858e+00 1.352297000000000082e-01 1.665191000000000088e+01
9.339999999999999858e+00 2.038964000000000054e-01 1.203877999999999915e+01
9.339999999999999858e+00 3.056348999999999871e-01 1.049624000000000024e+01
9.339999999999999858e+00 4.586450999999999723e-01 8.578754999999999242e+00
9.339999999999999858e+00 6.883943999999999619e-01 7.319027000000000172e+00
9.339999999999999858e+00 1.032767999999999908e+00 6.751787000000000205e+00
9.339999999999999858e+00 1.549323000000000006e+00 7.579959999999999809e+00
9.339999999999999858e+00 2.237315999999999860e+00 1.199634000000000000e+01
9.339999999999999858e+00 2.922752000000000017e+00 1.949505999999999872e+01
9.859999999999999432e+00 2.628257999999999983e-02 1.515128000000000030e+00
9.859999999999999432e+00 4.415427999999999714e-02 4.124741000000000213e+00
9.859999999999999432e+00 6.232185999999999976e-02 8.164049999999999585e+00
9.859999999999999432e+00 9.020585000000000409e-02 1.403151000000000082e+01
9.859999999999999432e+00 1.352297000000000082e-01 2.470615000000000094e+01
9.859999999999999432e+00 2.038964000000000054e-01 1.973298000000000130e+01
9.859999999999999432e+00 3.056348999999999871e-01 1.688381000000000043e+01
9.859999999999999432e+00 4.586450999999999723e-01 1.419979999999999976e+01
9.859999999999999432e+00 6.883943999999999619e-01 1.245945000000000036e+01
9.859999999999999432e+00 1.032767999999999908e+00 1.174737999999999971e+01
9.859999999999999432e+00 1.549323000000000006e+00 1.332806000000000068e+01
9.859999999999999432e+00 2.237315999999999860e+00 2.093177999999999983e+01
9.859999999999999432e+00 2.922752000000000017e+00 3.358270999999999873e+01
