1.040000000000000036e+01 2.628257999999999983e-02 3.587008999999999759e+01
1.040000000000000036e+01 4.415427999999999714e-02 6.643296999999999741e+01
1.040000000000000036e+01 6.232185999999999976e-02 7.891920000000000357e+01
1.040000000000000036e+01 9.020585000000000409e-02 7.847948999999999842e+01
1.040000000000000036e+01 1.352297000000000082e-01 1.000276999999999958e+02
1.040000000000000036e+01 2.038964000000000054e-01 1.389482000000000141e+02
1.040000000000000036e+01 3.056348999999999871e-01 1.783916999999999859e+02
1.040000000000000036e+01 4.586450999999999723e-01 2.217539999999999907e+02
1.040000000000000036e+01 6.883943999999999619e-01 2.615124999999999886e+02
1.040000000000000036e+01 1.032767999999999908e+00 3.107160000000000082e+02
1.040000000000000036e+01 1.549323000000000006e+00 4.123557999999999879e+02
1.040000000000000036e+01 2.237315999999999860e+00 6.447910000000000537e+02
1.040000000000000036e+01 2.922752000000000017e+00 9.384996999999999616e+02
1.097000000000000064e+01 2.628257999999999983e-02 2.884486000000000061e+01
1.097000000000000064e+01 4.415427999999999714e-02 5.714184999999999803e+01
1.097000000000000064e+01 6.232185999999999976e-02 6.943765000000000498e+01
1.097000000000000064e+01 9.020585000000000409e-02 7.168580000000000041e+01
1.097000000000000064e+01 1.352297000000000082e-01 9.237075000000000102e+01
1.097000000000000064e+01 2.038964000000000054e-01 1.350281999999999982e+02
1.097000000000000064e+01 3.056348999999999871e-01 1.935441999999999894e+02
1.097000000000000064e+01 4.586450999999999723e-01 2.761560000000000059e+02
1.097000000000000064e+01 6.883943999999999619e-01 3.553747000000000185e+02
1.097000000000000064e+01 1.032767999999999908e+00 4.465375999999999976e+02
1.097000000000000064e+01 1.549323000000000006e+00 6.196507000000000289e+02
1.097000000000000064e+01 2.237315999999999860e+00 9.743047000000000253e+02
1.097000000000000064e+01 2.922752000000000017e+00 1.374307000000000016e+03
1.157000000000000028e+01 2.628257999999999983e-02 1.277499000000000073e+01
1.157000000000000028e+01 4.415427999999999714e-02 3.034063000000000088e+01
1.157000000000000028e+01 6.232185999999999976e-02 3.876371000000000322e+01
1.157000000000000028e+01 9.020585000000000409e-02 4.521155999999999864e+01
1.157000000000000028e+01 1.352297000000000082e-01 6.663345999999999947e+01
1.157000000000000028e+01 2.038964000000000054e-01 1.092468999999999966e+02
1.157000000000000028e+01 3.056348999999999871e-01 1.773762000000000114e+02
1.157000000000000028e+01 4.586450999999999723e-01 2.861931000000000154e+02
1.157000000000000028e+01 6.883943999999999619e-01 4.023874000000000137e+02
1.157000000000000028e+01 1.032767999999999908e+00 5.356527999999999565e+02
1.157000000000000028e+01 1.549323000000000006e+00 7.832901000000000522e+02
1.157000000000000028e+01 2.237315999999999860e+00 1.236779999999999973e+03
1.157000000000000028e+01 2.922752000000000017e+00 1.692532999999999902e+03
1.219999999999999929e+01 2.628257999999999983e-02 1.472990999999999939e+00
1.219999999999999929e+01 4.415427999999999714e-02 6.656985999999999848e+00
1.219999999999999929e+01 6.232185999999999976e-02 1.173957000000000050e+01
1.219999999999999929e+01 9.020585000000000409e-02 2.004183000000000092e+01
1.219999999999999929e+01 1.352297000000000082e-01 4.033527999999999736e+01
1.219999999999999929e+01 2.038964000000000054e-01 7.839875999999999578e+01
1.219999999999999929e+01 3.056348999999999871e-01 1.448446999999999889e+02
1.219999999999999929e+01 4.586450999999999723e-01 2.537617999999999938e+02
1.219999999999999929e+01 6.883943999999999619e-01 3.826992999999999938e+02
1.219999999999999929e+01 1.032767999999999908e+00 5.407563000000000102e+02
1.219999999999999929e+01 1.549323000000000006e+00 8.267842000000000553e+02
1.219999999999999929e+01 2.237315999999999860e+00 1.300738000000000056e+03
1.219999999999999929e+01 2.922752000000000017e+00 1.735385999999999967e+03
1.285999999999999943e+01 2.628257999999999983e-02 3.107658999999999949e+00
1.285999999999999943e+01 4.415427999999999714e-02 3.404821999999999793e+00
1.285999999999999943e+01 6.232185999999999976e-02 1.047265999999999941e+01
1.285999999999999943e+01 9.020585000000000409e-02 1.626335999999999871e+01
1.285999999999999943e+01 1.352297000000000082e-01 3.275471000000000288e+01
1.285999999999999943e+01 2.038964000000000054e-01 6.151718999999999937e+01
1.285999999999999943e+01 3.056348999999999871e-01 1.130027999999999935e+02
1.285999999999999943e+01 4.586450999999999723e-01 1.972084000000000117e+02
1.285999999999999943e+01 6.883943999999999619e-01 3.099123999999999910e+02
1.285999999999999943e+01 1.032767999999999908e+00 4.586236000000000104e+02
1.285999999999999943e+01 1.549323000000000006e+00 7.273410000000000082e+02
1.285999999999999943e+01 2.237315999999999860e+00 1.139337999999999965e+03
1.285999999999999943e+01 2.922752000000000017e+00 1.491125000000000000e+03
1.355000000000000071e+01 2.628257999999999983e-02 1.274668999999999919e+01
1.355000000000000071e+01 4.415427999999999714e-02 1.544990999999999914e+01
1.355000000000000071e+01 6.232185999999999976e-02 2.789770000000000039e+01
1.355000000000000071e+01 9.020585000000000409e-02 3.045373999999999981e+01
1.355000000000000071e+01 1.352297000000000082e-01 4.388275000000000148e+01
1.355000000000000071e+01 2.038964000000000054e-01 6.150254000000000332e+01
1.355000000000000071e+01 3.056348999999999871e-01 9.253735000000000355e+01
1.355000000000000071e+01 4.586450999999999723e-01 1.425713000000000079e+02
1.355000000000000071e+01 6.883943999999999619e-01 2.206461999999999932e+02
1.355000000000000071e+01 1.032767999999999908e+00 3.357022999999999797e+02
1.355000000000000071e+01 1.549323000000000006e+00 5.487102999999999611e+02
1.355000000000000071e+01 2.237315999999999860e+00 8.592131000000000540e+02
1.355000000000000071e+01 2.922752000000000017e+00 1.102940000000000055e+03
1.427999999999999936e+01 2.628257999999999983e-02 2.147335999999999956e+01
1.427999999999999936e+01 4.415427999999999714e-02 2.879043000000000063e+01
1.427999999999999936e+01 6.232185999999999976e-02 4.509823000000000093e+01
1.427999999999999936e+01 9.020585000000000409e-02 4.505467000000000155e+01
1.427999999999999936e+01 1.352297000000000082e-01 5.575500000000000256e+01
1.427999999999999936e+01 2.038964000000000054e-01 6.443394000000000688e+01
1.427999999999999936e+01 3.056348999999999871e-01 7.591070000000000562e+01
1.427999999999999936e+01 4.586450999999999723e-01 9.452862000000000364e+01
1.427999999999999936e+01 6.883943999999999619e-01 1.324727000000000032e+02
1.427999999999999936e+01 1.032767999999999908e+00 1.984774999999999920e+02
1.427999999999999936e+01 1.549323000000000006e+00 3.293761000000000081e+02
1.427999999999999936e+01 2.237315999999999860e+00 5.105495000000000232e+02
1.427999999999999936e+01 2.922752000000000017e+00 6.520034000000000560e+02
1.505000000000000071e+01 2.628257999999999983e-02 2.079203000000000046e+01
1.505000000000000071e+01 4.415427999999999714e-02 2.947710999999999970e+01
1.505000000000000071e+01 6.232185999999999976e-02 4.484297999999999718e+01
1.505000000000000071e+01 9.020585000000000409e-02 4.466615999999999786e+01
1.505000000000000071e+01 1.352297000000000082e-01 5.415650999999999726e+01
1.505000000000000071e+01 2.038964000000000054e-01 5.942392000000000252e+01
1.505000000000000071e+01 3.056348999999999871e-01 6.142931999999999704e+01
1.505000000000000071e+01 4.586450999999999723e-01 6.496899999999999409e+01
1.505000000000000071e+01 6.883943999999999619e-01 7.870422999999999547e+01
1.505000000000000071e+01 1.032767999999999908e+00 1.124210999999999956e+02
1.505000000000000071e+01 1.549323000000000006e+00 1.863011999999999944e+02
1.505000000000000071e+01 2.237315999999999860e+00 2.832475999999999772e+02
1.505000000000000071e+01 2.922752000000000017e+00 3.601739000000000033e+02
1.584999999999999964e+01 2.628257999999999983e-02 1.495010000000000083e+01
1.584999999999999964e+01 4.415427999999999714e-02 2.214998999999999896e+01
1.584999999999999964e+01 6.232185999999999976e-02 3.346488999999999692e+01
1.584999999999999964e+01 9.020585000000000409e-02 3.403567000000000320e+01
1.584999999999999964e+01 1.352297000000000082e-01 4.164522999999999797e+01
1.584999999999999964e+01 2.038964000000000054e-01 4.599989000000000061e+01
1.584999999999999964e+01 3.056348999999999871e-01 4.514081999999999795e+01
1.584999999999999964e+01 4.586450999999999723e-01 4.360813000000000272e+01
1.584999999999999964e+01 6.883943999999999619e-01 4.531287999999999982e+01
1.584999999999999964e+01 1.032767999999999908e+00 5.847417999999999694e+01
1.584999999999999964e+01 1.549323000000000006e+00 9.476542000000000598e+01
1.584999999999999964e+01 2.237315999999999860e+00 1.430321000000000140e+02
1.584999999999999964e+01 2.922752000000000017e+00 1.819391999999999996e+02
1.669000000000000128e+01 2.628257999999999983e-02 8.429596000000000089e+00
1.669000000000000128e+01 4.415427999999999714e-02 1.292191000000000045e+01
1.669000000000000128e+01 6.232185999999999976e-02 1.962085000000000079e+01
1.669000000000000128e+01 9.020585000000000409e-02 2.054072999999999993e+01
1.669000000000000128e+01 1.352297000000000082e-01 2.589178000000000068e+01
1.669000000000000128e+01 2.038964000000000054e-01 2.985848999999999975e+01
1.669000000000000128e+01 3.056348999999999871e-01 2.979608999999999952e+01
1.669000000000000128e+01 4.586450999999999723e-01 2.862108999999999881e+01
1.669000000000000128e+01 6.883943999999999619e-01 2.690558000000000050e+01
1.669000000000000128e+01 1.032767999999999908e+00 2.978828000000000031e+01
1.669000000000000128e+01 1.549323000000000006e+00 4.425307000000000102e+01
1.669000000000000128e+01 2.237315999999999860e+00 6.641902000000000328e+01
1.669000000000000128e+01 2.922752000000000017e+00 8.511820000000000164e+01
1.757000000000000028e+01 2.628257999999999983e-02 3.726459000000000188e+00
1.757000000000000028e+01 4.415427999999999714e-02 5.904467000000000354e+00
1.757000000000000028e+01 6.232185999999999976e-02 9.144868999999999915e+00
1.757000000000000028e+01 9.020585000000000409e-02 1.001027000000000022e+01
1.757000000000000028e+01 1.352297000000000082e-01 1.327452000000000076e+01
1.757000000000000028e+01 2.038964000000000054e-01 1.628656000000000148e+01
1.757000000000000028e+01 3.056348999999999871e-01 1.715139999999999887e+01
1.757000000000000028e+01 4.586450999999999723e-01 1.757047999999999988e+01
1.757000000000000028e+01 6.883943999999999619e-01 1.637312999999999974e+01
1.757000000000000028e+01 1.032767999999999908e+00 1.570935000000000059e+01
1.757000000000000028e+01 1.549323000000000006e+00 2.008889999999999887e+01
1.757000000000000028e+01 2.237315999999999860e+00 2.963504000000000005e+01
1.757000000000000028e+01 2.922752000000000017e+00 3.953708000000000311e+01
1.850000000000000000e+01 2.628257999999999983e-02 1.446873000000000076e+00
1.850000000000000000e+01 4.415427999999999714e-02 2.405555000000000110e+00
1.850000000000000000e+01 6.232185999999999976e-02 3.808564000000000060e+00
1.850000000000000000e+01 9.020585000000000409e-02 4.402434999999999654e+00
1.850000000000000000e+01 1.352297000000000082e-01 6.314960000000000129e+00
1.850000000000000000e+01 2.038964000000000054e-01 8.559532000000000806e+00
1.850000000000000000e+01 3.056348999999999871e-01 1.034303000000000061e+01
1.850000000000000000e+01 4.586450999999999723e-01 1.250595000000000034e+01
1.850000000000000000e+01 6.883943999999999619e-01 1.358722000000000030e+01
1.850000000000000000e+01 1.032767999999999908e+00 1.294487999999999950e+01
1.850000000000000000e+01 1.549323000000000006e+00 1.322366000000000064e+01
1.850000000000000000e+01 2.237315999999999860e+00 1.556117000000000061e+01
1.850000000000000000e+01 2.922752000000000017e+00 1.752495000000000047e+01
1.948000000000000043e+01 2.628257999999999983e-02 4.534983000000000208e-01
1.948000000000000043e+01 4.415427999999999714e-02 7.855054000000000203e-01
1.948000000000000043e+01 6.232185999999999976e-02 1.280850999999999962e+00
1.948000000000000043e+01 9.020585000000000409e-02 1.544440999999999953e+00
1.948000000000000043e+01 1.352297000000000082e-01 2.355005999999999933e+00
1.948000000000000043e+01 2.038964000000000054e-01 3.435245000000000104e+00
1.948000000000000043e+01 3.056348999999999871e-01 4.556093999999999866e+00
1.948000000000000043e+01 4.586450999999999723e-01 6.094838000000000200e+00
1.948000000000000043e+01 6.883943999999999619e-01 7.248448999999999920e+00
1.948000000000000043e+01 1.032767999999999908e+00 7.178301000000000265e+00
1.948000000000000043e+01 1.549323000000000006e+00 6.912899999999999601e+00
1.948000000000000043e+01 2.237315999999999860e+00 8.038899999999999935e+00
1.948000000000000043e+01 2.922752000000000017e+00 9.476995999999999754e+00
2.050000000000000000e+01 2.628257999999999983e-02 1.224564000000000069e-01
2.050000000000000000e+01 4.415427999999999714e-02 2.226442999999999894e-01
2.050000000000000000e+01 6.232185999999999976e-02 3.758642999999999845e-01
2.050000000000000000e+01 9.020585000000000409e-02 4.744418000000000246e-01
2.050000000000000000e+01 1.352297000000000082e-01 7.732099000000000055e-01
2.050000000000000000e+01 2.038964000000000054e-01 1.217300000000000049e+00
2.050000000000000000e+01 3.056348999999999871e-01 1.786027000000000031e+00
2.050000000000000000e+01 4.586450999999999723e-01 2.667780000000000040e+00
2.050000000000000000e+01 6.883943999999999619e-01 3.550756999999999941e+00
2.050000000000000000e+01 1.032767999999999908e+00 3.835780000000000189e+00
2.050000000000000000e+01 1.549323000000000006e+00 3.623540000000000205e+00
2.050000000000000000e+01 2.237315999999999860e+00 4.176547000000000232e+00
2.050000000000000000e+01 2.922752000000000017e+00 5.059260000000000090e+00
2.157999999999999829e+01 2.628257999999999983e-02 3.068931000000000089e-02
2.157999999999999829e+01 4.415427999999999714e-02 5.944779000000000035e-02
2.157999999999999829e+01 6.232185999999999976e-02 1.049044999999999978e-01
2.157999999999999829e+01 9.020585000000000409e-02 1.388135000000000063e-01
2.157999999999999829e+01 1.352297000000000082e-01 2.413096999999999881e-01
2.157999999999999829e+01 2.038964000000000054e-01 4.073740000000000139e-01
2.157999999999999829e+01 3.056348999999999871e-01 6.582685999999999815e-01
2.157999999999999829e+01 4.586450999999999723e-01 1.094432999999999989e+00
2.157999999999999829e+01 6.883943999999999619e-01 1.640740000000000087e+00
2.157999999999999829e+01 1.032767999999999908e+00 1.971473000000000031e+00
2.157999999999999829e+01 1.549323000000000006e+00 1.877153999999999989e+00
2.157999999999999829e+01 2.237315999999999860e+00 2.105386999999999897e+00
2.157999999999999829e+01 2.922752000000000017e+00 2.490123999999999782e+00
2.271000000000000085e+01 2.628257999999999983e-02 8.307197000000000539e-03
2.271000000000000085e+01 4.415427999999999714e-02 1.754837999999999884e-02
2.271000000000000085e+01 6.232185999999999976e-02 3.251861999999999808e-02
2.271000000000000085e+01 9.020585000000000409e-02 4.496577999999999686e-02
2.271000000000000085e+01 1.352297000000000082e-01 8.112871000000000665e-02
2.271000000000000085e+01 2.038964000000000054e-01 1.428936000000000095e-01
2.271000000000000085e+01 3.056348999999999871e-01 2.456591999999999942e-01
2.271000000000000085e+01 4.586450999999999723e-01 4.404903000000000013e-01
2.271000000000000085e+01 6.883943999999999619e-01 7.320854999999999446e-01
2.271000000000000085e+01 1.032767999999999908e+00 9.860719999999999485e-01
2.271000000000000085e+01 1.549323000000000006e+00 9.910959999999999770e-01
2.271000000000000085e+01 2.237315999999999860e+00 1.091741999999999990e+00
2.271000000000000085e+01 2.922752000000000017e+00 1.253189000000000108e+00
2.389000000000000057e+01 2.628257999999999983e-02 3.340693000000000048e-03
2.389000000000000057e+01 4.415427999999999714e-02 7.779687999999999881e-03
2.389000000000000057e+01 6.232185999999999976e-02 1.529013000000000073e-02
2.389000000000000057e+01 9.020585000000000409e-02 2.184933000000000014e-02
2.389000000000000057e+01 1.352297000000000082e-01 3.918968999999999925e-02
2.389000000000000057e+01 2.038964000000000054e-01 6.778225000000000222e-02
2.389000000000000057e+01 3.056348999999999871e-01 1.138162999999999953e-01
2.389000000000000057e+01 4.586450999999999723e-01 2.006903999999999910e-01
2.389000000000000057e+01 6.883943999999999619e-01 3.444207000000000241e-01
2.389000000000000057e+01 1.032767999999999908e+00 5.036142000000000118e-01
2.389000000000000057e+01 1.549323000000000006e+00 5.520207999999999782e-01
2.389000000000000057e+01 2.237315999999999860e+00 5.902349999999999541e-01
2.389000000000000057e+01 2.922752000000000017e+00 6.712251999999999663e-01
2.514000000000000057e+01 2.628257999999999983e-02 2.546954000000000145e-03
2.514000000000000057e+01 4.415427999999999714e-02 6.311719000000000357e-03
2.514000000000000057e+01 6.232185999999999976e-02 1.321021999999999995e-02
2.514000000000000057e+01 9.020585000000000409e-02 1.939524999999999930e-02
2.514000000000000057e+01 1.352297000000000082e-01 3.460805000000000131e-02
2.514000000000000057e+01 2.038964000000000054e-01 5.738076000000000287e-02
2.514000000000000057e+01 3.056348999999999871e-01 8.979267999999999972e-02
2.514000000000000057e+01 4.586450999999999723e-01 1.407479000000000091e-01
2.514000000000000057e+01 6.883943999999999619e-01 2.205152999999999974e-01
2.514000000000000057e+01 1.032767999999999908e+00 3.144282999999999939e-01
2.514000000000000057e+01 1.549323000000000006e+00 3.632890999999999759e-01
2.514000000000000057e+01 2.237315999999999860e+00 3.857340000000000213e-01
2.514000000000000057e+01 2.922752000000000017e+00 4.330261999999999722e-01
2.644000000000000128e+01 2.628257999999999983e-02 3.057077000000000058e-03
2.644000000000000128e+01 4.415427999999999714e-02 7.691324999999999724e-03
2.644000000000000128e+01 6.232185999999999976e-02 1.677446999999999966e-02
2.644000000000000128e+01 9.020585000000000409e-02 2.486502999999999977e-02
2.644000000000000128e+01 1.352297000000000082e-01 4.456861000000000156e-02
2.644000000000000128e+01 2.038964000000000054e-01 7.240813000000000110e-02
2.644000000000000128e+01 3.056348999999999871e-01 1.094286000000000009e-01
2.644000000000000128e+01 4.586450999999999723e-01 1.577189999999999981e-01
2.644000000000000128e+01 6.883943999999999619e-01 2.224538000000000071e-01
2.644000000000000128e+01 1.032767999999999908e+00 2.892030999999999907e-01
2.644000000000000128e+01 1.549323000000000006e+00 3.312670999999999810e-01
2.644000000000000128e+01 2.237315999999999860e+00 3.596136999999999806e-01
2.644000000000000128e+01 2.922752000000000017e+00 3.875453999999999843e-01
2.782000000000000028e+01 2.628257999999999983e-02 4.384263000000000222e-03
2.782000000000000028e+01 4.415427999999999714e-02 1.104366000000000028e-02
2.782000000000000028e+01 6.232185999999999976e-02 2.461941999999999950e-02
2.782000000000000028e+01 9.020585000000000409e-02 3.644855999999999790e-02
2.782000000000000028e+01 1.352297000000000082e-01 6.570929999999999827e-02
2.782000000000000028e+01 2.038964000000000054e-01 1.060340000000000032e-01
2.782000000000000028e+01 3.056348999999999871e-01 1.590747999999999884e-01
2.782000000000000028e+01 4.586450999999999723e-01 2.238024999999999876e-01
2.782000000000000028e+01 6.883943999999999619e-01 3.046380000000000199e-01
2.782000000000000028e+01 1.032767999999999908e+00 3.758907000000000220e-01
2.782000000000000028e+01 1.549323000000000006e+00 4.236590000000000078e-01
2.782000000000000028e+01 2.237315999999999860e+00 4.732452999999999799e-01
2.782000000000000028e+01 2.922752000000000017e+00 5.090755999999999615e-01
2.926000000000000156e+01 2.628257999999999983e-02 6.424354999999999649e-03
2.926000000000000156e+01 4.415427999999999714e-02 1.617984999999999909e-02
2.926000000000000156e+01 6.232185999999999976e-02 3.645662999999999682e-02
2.926000000000000156e+01 9.020585000000000409e-02 5.380411999999999695e-02
2.926000000000000156e+01 1.352297000000000082e-01 9.732802000000000120e-02
2.926000000000000156e+01 2.038964000000000054e-01 1.565208999999999906e-01
2.926000000000000156e+01 3.056348999999999871e-01 2.351335999999999982e-01
2.926000000000000156e+01 4.586450999999999723e-01 3.304983000000000226e-01
2.926000000000000156e+01 6.883943999999999619e-01 4.478390999999999900e-01
2.926000000000000156e+01 1.032767999999999908e+00 5.464991000000000154e-01
2.926000000000000156e+01 1.549323000000000006e+00 6.167234999999999800e-01
2.926000000000000156e+01 2.237315999999999860e+00 7.100298000000000442e-01
2.926000000000000156e+01 2.922752000000000017e+00 8.027263000000000037e-01
3.076999999999999957e+01 2.628257999999999983e-02 9.293377000000000235e-03
3.076999999999999957e+01 4.415427999999999714e-02 2.332593999999999987e-02
3.076999999999999957e+01 6.232185999999999976e-02 5.291135000000000282e-02
3.076999999999999957e+01 9.020585000000000409e-02 7.783055999999999308e-02
3.076999999999999957e+01 1.352297000000000082e-01 1.410433000000000103e-01
3.076999999999999957e+01 2.038964000000000054e-01 2.270051999999999903e-01
3.076999999999999957e+01 3.056348999999999871e-01 3.417375999999999747e-01
3.076999999999999957e+01 4.586450999999999723e-01 4.833947000000000105e-01
3.076999999999999957e+01 6.883943999999999619e-01 6.593883000000000383e-01
3.076999999999999957e+01 1.032767999999999908e+00 8.070323999999999831e-01
3.076999999999999957e+01 1.549323000000000006e+00 9.228431000000000273e-01
3.076999999999999957e+01 2.237315999999999860e+00 1.088036000000000003e+00
3.076999999999999957e+01 2.922752000000000017e+00 1.261830999999999925e+00
3.235999999999999943e+01 2.628257999999999983e-02 1.295516000000000029e-02
3.235999999999999943e+01 4.415427999999999714e-02 3.268341000000000302e-02
3.235999999999999943e+01 6.232185999999999976e-02 7.495258000000000476e-02
3.235999999999999943e+01 9.020585000000000409e-02 1.096884999999999943e-01
3.235999999999999943e+01 1.352297000000000082e-01 1.991951999999999889e-01
3.235999999999999943e+01 2.038964000000000054e-01 3.206616999999999940e-01
3.235999999999999943e+01 3.056348999999999871e-01 4.846473000000000031e-01
3.235999999999999943e+01 4.586450999999999723e-01 6.920840000000000325e-01
3.235999999999999943e+01 6.883943999999999619e-01 9.498592000000000146e-01
3.235999999999999943e+01 1.032767999999999908e+00 1.167456999999999967e+00
3.235999999999999943e+01 1.549323000000000006e+00 1.354697000000000040e+00
3.235999999999999943e+01 2.237315999999999860e+00 1.627633000000000107e+00
3.235999999999999943e+01 2.922752000000000017e+00 1.947673999999999905e+00
3.403000000000000114e+01 2.628257999999999983e-02 2.074591999999999992e+00
3.403000000000000114e+01 4.415427999999999714e-02 5.195852999999999611e+00
3.403000000000000114e+01 6.232185999999999976e-02 1.405363999999999969e+01
3.403000000000000114e+01 9.020585000000000409e-02 1.999453000000000102e+01
3.403000000000000114e+01 1.352297000000000082e-01 3.689829999999999899e+01
3.403000000000000114e+01 2.038964000000000054e-01 6.078620999999999697e+01
3.403000000000000114e+01 3.056348999999999871e-01 9.836826000000000647e+01
3.403000000000000114e+01 4.586450999999999723e-01 1.619234999999999900e+02
3.403000000000000114e+01 6.883943999999999619e-01 2.639739000000000146e+02
3.403000000000000114e+01 1.032767999999999908e+00 3.941485999999999876e+02
3.403000000000000114e+01 1.549323000000000006e+00 5.675887000000000171e+02
3.403000000000000114e+01 2.237315999999999860e+00 8.091939999999999600e+02
3.403000000000000114e+01 2.922752000000000017e+00 1.066002999999999929e+03
6.000000000000000000e+00 2.628257999999999983e-02 9.526555000000000786e-03
6.000000000000000000e+00 4.415427999999999714e-02 4.009975999999999818e-02
6.000000000000000000e+00 6.232185999999999976e-02 8.573269999999999502e-02
6.000000000000000000e+00 9.020585000000000409e-02 1.394684999999999953e-01
6.000000000000000000e+00 1.352297000000000082e-01 2.977256999999999820e-01
6.000000000000000000e+00 2.038964000000000054e-01 2.882084999999999786e-01
6.000000000000000000e+00 3.056348999999999871e-01 2.170256999999999881e-01
6.000000000000000000e+00 4.586450999999999723e-01 1.778007000000000060e-01
6.000000000000000000e+00 6.883943999999999619e-01 1.536192999999999864e-01
6.000000000000000000e+00 1.032767999999999908e+00 1.492018999999999984e-01
6.000000000000000000e+00 1.549323000000000006e+00 1.757798000000000138e-01
6.000000000000000000e+00 2.237315999999999860e+00 2.668958000000000164e-01
6.000000000000000000e+00 2.922752000000000017e+00 4.194146999999999736e-01
6.349999999999999645e+00 2.628257999999999983e-02 3.869966999999999852e-02
6.349999999999999645e+00 4.415427999999999714e-02 1.334401000000000059e-01
6.349999999999999645e+00 6.232185999999999976e-02 2.513583999999999818e-01
6.349999999999999645e+00 9.020585000000000409e-02 4.356417000000000206e-01
6.349999999999999645e+00 1.352297000000000082e-01 7.848593999999999848e-01
6.349999999999999645e+00 2.038964000000000054e-01 7.180457999999999563e-01
6.349999999999999645e+00 3.056348999999999871e-01 5.612424000000000301e-01
6.349999999999999645e+00 4.586450999999999723e-01 4.535140999999999756e-01
6.349999999999999645e+00 6.883943999999999619e-01 3.952570000000000250e-01
6.349999999999999645e+00 1.032767999999999908e+00 3.846332000000000084e-01
6.349999999999999645e+00 1.549323000000000006e+00 4.450803999999999871e-01
6.349999999999999645e+00 2.237315999999999860e+00 6.764831000000000039e-01
6.349999999999999645e+00 2.922752000000000017e+00 1.083653999999999895e+00
6.719999999999999751e+00 2.628257999999999983e-02 7.771645000000000636e-02
6.719999999999999751e+00 4.415427999999999714e-02 2.310975999999999864e-01
6.719999999999999751e+00 6.232185999999999976e-02 4.422294999999999976e-01
6.719999999999999751e+00 9.020585000000000409e-02 8.284593000000000096e-01
6.719999999999999751e+00 1.352297000000000082e-01 1.443387999999999893e+00
6.719999999999999751e+00 2.038964000000000054e-01 1.118656000000000095e+00
6.719999999999999751e+00 3.056348999999999871e-01 9.369695000000000107e-01
6.719999999999999751e+00 4.586450999999999723e-01 7.639683999999999919e-01
6.719999999999999751e+00 6.883943999999999619e-01 6.809034999999999949e-01
6.719999999999999751e+00 1.032767999999999908e+00 6.626206000000000040e-01
6.719999999999999751e+00 1.549323000000000006e+00 7.664653000000000160e-01
6.719999999999999751e+00 2.237315999999999860e+00 1.175572999999999979e+00
6.719999999999999751e+00 2.922752000000000017e+00 1.879270999999999914e+00
7.099999999999999645e+00 2.628257999999999983e-02 6.400150000000000283e-02
7.099999999999999645e+00 4.415427999999999714e-02 2.188981999999999872e-01
7.099999999999999645e+00 6.232185999999999976e-02 4.726903000000000077e-01
7.099999999999999645e+00 9.020585000000000409e-02 9.060312000000000365e-01
7.099999999999999645e+00 1.352297000000000082e-01 1.592100000000000071e+00
7.099999999999999645e+00 2.038964000000000054e-01 1.147680999999999951e+00
7.099999999999999645e+00 3.056348999999999871e-01 1.006175999999999959e+00
7.099999999999999645e+00 4.586450999999999723e-01 8.463456000000000312e-01
7.099999999999999645e+00 6.883943999999999619e-01 7.706954000000000304e-01
7.099999999999999645e+00 1.032767999999999908e+00 7.717125000000000234e-01
7.099999999999999645e+00 1.549323000000000006e+00 8.908338000000000090e-01
7.099999999999999645e+00 2.237315999999999860e+00 1.366444999999999910e+00
7.099999999999999645e+00 2.922752000000000017e+00 2.177783999999999942e+00
7.509999999999999787e+00 2.628257999999999983e-02 3.024109999999999993e-03
7.509999999999999787e+00 4.415427999999999714e-02 2.777454000000000034e-02
7.509999999999999787e+00 6.232185999999999976e-02 1.217791000000000012e-01
7.509999999999999787e+00 9.020585000000000409e-02 2.898632999999999904e-01
7.509999999999999787e+00 1.352297000000000082e-01 6.247013999999999623e-01
7.509999999999999787e+00 2.038964000000000054e-01 4.956465999999999927e-01
7.509999999999999787e+00 3.056348999999999871e-01 4.326147000000000187e-01
7.509999999999999787e+00 4.586450999999999723e-01 3.907376000000000182e-01
7.509999999999999787e+00 6.883943999999999619e-01 3.719512999999999847e-01
7.509999999999999787e+00 1.032767999999999908e+00 3.871993000000000240e-01
7.509999999999999787e+00 1.549323000000000006e+00 4.549388999999999794e-01
7.509999999999999787e+00 2.237315999999999860e+00 6.902928999999999871e-01
7.509999999999999787e+00 2.922752000000000017e+00 1.102756999999999987e+00
7.929999999999999716e+00 2.628257999999999983e-02 3.641086000000000045e-01
7.929999999999999716e+00 4.415427999999999714e-02 4.674882000000000204e-01
7.929999999999999716e+00 6.232185999999999976e-02 4.708814000000000055e-01
7.929999999999999716e+00 9.020585000000000409e-02 4.827923000000000076e-01
7.929999999999999716e+00 1.352297000000000082e-01 4.900898000000000199e-01
7.929999999999999716e+00 2.038964000000000054e-01 4.020073000000000119e-01
7.929999999999999716e+00 3.056348999999999871e-01 3.241990000000000149e-01
7.929999999999999716e+00 4.586450999999999723e-01 2.522112000000000243e-01
7.929999999999999716e+00 6.883943999999999619e-01 2.179719999999999991e-01
7.929999999999999716e+00 1.032767999999999908e+00 2.117420999999999887e-01
7.929999999999999716e+00 1.549323000000000006e+00 2.609588999999999936e-01
7.929999999999999716e+00 2.237315999999999860e+00 4.219576999999999911e-01
7.929999999999999716e+00 2.922752000000000017e+00 6.305728000000000444e-01
8.380000000000000782e+00 2.628257999999999983e-02 2.803453999999999890e+00
8.380000000000000782e+00 4.415427999999999714e-02 4.618990000000000151e+00
8.380000000000000782e+00 6.232185999999999976e-02 5.852514000000000216e+00
8.380000000000000782e+00 9.020585000000000409e-02 6.777375000000000149e+00
8.380000000000000782e+00 1.352297000000000082e-01 8.857241999999999393e+00
8.380000000000000782e+00 2.038964000000000054e-01 8.376813000000000287e+00
8.380000000000000782e+00 3.056348999999999871e-01 7.196118000000000237e+00
8.380000000000000782e+00 4.586450999999999723e-01 6.146672999999999831e+00
8.380000000000000782e+00 6.883943999999999619e-01 5.674160999999999788e+00
8.380000000000000782e+00 1.032767999999999908e+00 5.722591999999999679e+00
8.380000000000000782e+00 1.549323000000000006e+00 6.840335999999999750e+00
8.380000000000000782e+00 2.237315999999999860e+00 1.075140999999999991e+01
8.380000000000000782e+00 2.922752000000000017e+00 1.656944999999999979e+01
8.849999999999999645e+00 2.628257999999999983e-02 9.389395999999999631e+00
8.849999999999999645e+00 4.415427999999999714e-02 1.608045999999999864e+01
8.849999999999999645e+00 6.232185999999999976e-02 2.044960000000000022e+01
8.849999999999999645e+00 9.020585000000000409e-02 2.292576999999999998e+01
8.849999999999999645e+00 1.352297000000000082e-01 3.132252000000000081e+01
8.849999999999999645e+00 2.038964000000000054e-01 3.338416000000000139e+01
8.849999999999999645e+00 3.056348999999999871e-01 3.106653999999999982e+01
8.849999999999999645e+00 4.586450999999999723e-01 2.848295999999999850e+01
8.849999999999999645e+00 6.883943999999999619e-01 2.742635999999999896e+01
8.849999999999999645e+00 1.032767999999999908e+00 2.861234999999999928e+01
8.849999999999999645e+00 1.549323000000000006e+00 3.471428999999999832e+01
8.849999999999999645e+00 2.237315999999999860e+00 5.449862000000000251e+01
8.849999999999999645e+00 2.922752000000000017e+00 8.370713000000000648e+01
9.339999999999999858e+00 2.628257999999999983e-02 2.079007999999999967e+01
9.339999999999999858e+00 4.415427999999999714e-02 3.570190000000000197e+01
9.339999999999999858e+00 6.232185999999999976e-02 4.380942999999999898e+01
9.339999999999999858e+00 9.020585000000000409e-02 4.617542000000000257e+01
9.339999999999999858e+00 1.352297000000000082e-01 6.296417000000000286e+01
9.339999999999999858e+00 2.038964000000000054e-01 7.602612999999999488e+01
9.339999999999999858e+00 3.056348999999999871e-01 7.802993999999999630e+01
9.339999999999999858e+00 4.586450999999999723e-01 7.758817999999999415e+01
9.339999999999999858e+00 6.883943999999999619e-01 7.881761000000000195e+01
9.339999999999999858e+00 1.032767999999999908e+00 8.514641000000000304e+01
9.339999999999999858e+00 1.549323000000000006e+00 1.062145000000000010e+02
9.339999999999999858e+00 2.237315999999999860e+00 1.670010000000000048e+02
9.339999999999999858e+00 2.922752000000000017e+00 2.530955999999999904e+02
9.859999999999999432e+00 2.628257999999999983e-02 3.343791000000000224e+01
9.859999999999999432e+00 4.415427999999999714e-02 5.849271999999999849e+01
9.859999999999999432e+00 6.232185999999999976e-02 6.999464000000000397e+01
9.859999999999999432e+00 9.020585000000000409e-02 6.999370999999999299e+01
9.859999999999999432e+00 1.352297000000000082e-01 9.047087999999999397e+01
9.859999999999999432e+00 2.038964000000000054e-01 1.207441000000000031e+02
9.859999999999999432e+00 3.056348999999999871e-01 1.373667000000000087e+02
9.859999999999999432e+00 4.586450999999999723e-01 1.522030000000000030e+02
9.859999999999999432e+00 6.883943999999999619e-01 1.651855999999999938e+02
9.859999999999999432e+00 1.032767999999999908e+00 1.864531000000000063e+02
9.859999999999999432e+00 1.549323000000000006e+00 2.401264999999999930e+02
9.859999999999999432e+00 2.237315999999999860e+00 3.782780000000000200e+02
9.859999999999999432e+00 2.922752000000000017e+00 5.631878000000000384e+02
