1.040000000000000036e+01 2.628257999999999983e-02 7.077317999999999998e+00
1.040000000000000036e+01 4.415427999999999714e-02 1.043810000000000038e+01
1.040000000000000036e+01 6.232185999999999976e-02 1.065644999999999953e+01
1.040000000000000036e+01 9.020585000000000409e-02 7.581539000000000250e+00
1.040000000000000036e+01 1.352297000000000082e-01 4.803685999999999900e+00
1.040000000000000036e+01 2.038964000000000054e-01 2.944516999999999829e+00
1.040000000000000036e+01 3.056348999999999871e-01 2.280796000000000046e+00
1.040000000000000036e+01 4.586450999999999723e-01 2.483042000000000193e+00
1.040000000000000036e+01 6.883943999999999619e-01 3.114675999999999778e+00
1.040000000000000036e+01 1.032767999999999908e+00 3.912885000000000169e+00
1.040000000000000036e+01 1.549323000000000006e+00 5.323387000000000313e+00
1.040000000000000036e+01 2.237315999999999860e+00 7.835378999999999650e+00
1.040000000000000036e+01 2.922752000000000017e+00 1.019000999999999912e+01
1.097000000000000064e+01 2.628257999999999983e-02 1.066846999999999923e+01
1.097000000000000064e+01 4.415427999999999714e-02 1.726409999999999911e+01
1.097000000000000064e+01 6.232185999999999976e-02 1.858533999999999864e+01
1.097000000000000064e+01 9.020585000000000409e-02 1.402738000000000085e+01
1.097000000000000064e+01 1.352297000000000082e-01 1.006611999999999973e+01
1.097000000000000064e+01 2.038964000000000054e-01 7.793082000000000065e+00
1.097000000000000064e+01 3.056348999999999871e-01 7.829608999999999597e+00
1.097000000000000064e+01 4.586450999999999723e-01 1.036026999999999987e+01
1.097000000000000064e+01 6.883943999999999619e-01 1.390390000000000015e+01
1.097000000000000064e+01 1.032767999999999908e+00 1.798661999999999850e+01
1.097000000000000064e+01 1.549323000000000006e+00 2.475300999999999974e+01
1.097000000000000064e+01 2.237315999999999860e+00 3.653632999999999953e+01
1.097000000000000064e+01 2.922752000000000017e+00 4.683516999999999797e+01
1.157000000000000028e+01 2.628257999999999983e-02 9.637689999999999202e+00
1.157000000000000028e+01 4.415427999999999714e-02 1.748490999999999929e+01
1.157000000000000028e+01 6.232185999999999976e-02 1.972757999999999967e+01
1.157000000000000028e+01 9.020585000000000409e-02 1.585251000000000055e+01
1.157000000000000028e+01 1.352297000000000082e-01 1.272072000000000003e+01
1.157000000000000028e+01 2.038964000000000054e-01 1.190235000000000021e+01
1.157000000000000028e+01 3.056348999999999871e-01 1.489146000000000036e+01
1.157000000000000028e+01 4.586450999999999723e-01 2.241761999999999944e+01
1.157000000000000028e+01 6.883943999999999619e-01 3.139901000000000053e+01
1.157000000000000028e+01 1.032767999999999908e+00 4.158717999999999648e+01
1.157000000000000028e+01 1.549323000000000006e+00 5.903681999999999874e+01
1.157000000000000028e+01 2.237315999999999860e+00 8.757845000000000368e+01
1.157000000000000028e+01 2.922752000000000017e+00 1.099320000000000022e+02
1.219999999999999929e+01 2.628257999999999983e-02 3.794357999999999898e+00
1.219999999999999929e+01 4.415427999999999714e-02 8.750602999999999909e+00
1.219999999999999929e+01 6.232185999999999976e-02 1.068876000000000026e+01
1.219999999999999929e+01 9.020585000000000409e-02 9.854257999999999740e+00
1.219999999999999929e+01 1.352297000000000082e-01 9.934962000000000515e+00
1.219999999999999929e+01 2.038964000000000054e-01 1.242277999999999949e+01
1.219999999999999929e+01 3.056348999999999871e-01 1.925923999999999836e+01
1.219999999999999929e+01 4.586450999999999723e-01 3.142447999999999908e+01
1.219999999999999929e+01 6.883943999999999619e-01 4.546079000000000292e+01
1.219999999999999929e+01 1.032767999999999908e+00 6.190937999999999874e+01
1.219999999999999929e+01 1.549323000000000006e+00 9.091539000000000215e+01
1.219999999999999929e+01 2.237315999999999860e+00 1.343421999999999912e+02
1.219999999999999929e+01 2.922752000000000017e+00 1.649484999999999957e+02
1.285999999999999943e+01 2.628257999999999983e-02 1.455200000000000105e-01
1.285999999999999943e+01 4.415427999999999714e-02 9.623182000000000125e-01
1.285999999999999943e+01 6.232185999999999976e-02 1.882940000000000058e+00
1.285999999999999943e+01 9.020585000000000409e-02 3.081301999999999985e+00
1.285999999999999943e+01 1.352297000000000082e-01 5.569215999999999944e+00
1.285999999999999943e+01 2.038964000000000054e-01 1.043623000000000012e+01
1.285999999999999943e+01 3.056348999999999871e-01 1.876546000000000092e+01
1.285999999999999943e+01 4.586450999999999723e-01 3.089638000000000062e+01
1.285999999999999943e+01 6.883943999999999619e-01 4.540122999999999820e+01
1.285999999999999943e+01 1.032767999999999908e+00 6.324551999999999907e+01
1.285999999999999943e+01 1.549323000000000006e+00 9.589963000000000193e+01
1.285999999999999943e+01 2.237315999999999860e+00 1.412510000000000048e+02
1.285999999999999943e+01 2.922752000000000017e+00 1.696200000000000045e+02
1.355000000000000071e+01 2.628257999999999983e-02 2.071283000000000207e+00
1.355000000000000071e+01 4.415427999999999714e-02 1.818386999999999976e+00
1.355000000000000071e+01 6.232185999999999976e-02 3.036855000000000082e+00
1.355000000000000071e+01 9.020585000000000409e-02 3.693093000000000181e+00
1.355000000000000071e+01 1.352297000000000082e-01 6.073704000000000214e+00
1.355000000000000071e+01 2.038964000000000054e-01 9.938669000000000864e+00
1.355000000000000071e+01 3.056348999999999871e-01 1.584661999999999971e+01
1.355000000000000071e+01 4.586450999999999723e-01 2.337941999999999965e+01
1.355000000000000071e+01 6.883943999999999619e-01 3.349949000000000154e+01
1.355000000000000071e+01 1.032767999999999908e+00 4.720349999999999824e+01
1.355000000000000071e+01 1.549323000000000006e+00 7.370401999999999987e+01
1.355000000000000071e+01 2.237315999999999860e+00 1.087947000000000060e+02
1.355000000000000071e+01 2.922752000000000017e+00 1.284208000000000141e+02
1.427999999999999936e+01 2.628257999999999983e-02 4.488601000000000063e+00
1.427999999999999936e+01 4.415427999999999714e-02 5.434510999999999648e+00
1.427999999999999936e+01 6.232185999999999976e-02 7.653432999999999709e+00
1.427999999999999936e+01 9.020585000000000409e-02 7.336203000000000252e+00
1.427999999999999936e+01 1.352297000000000082e-01 8.814800999999999220e+00
1.427999999999999936e+01 2.038964000000000054e-01 1.028402999999999956e+01
1.427999999999999936e+01 3.056348999999999871e-01 1.211833999999999989e+01
1.427999999999999936e+01 4.586450999999999723e-01 1.431812000000000040e+01
1.427999999999999936e+01 6.883943999999999619e-01 1.841320999999999941e+01
1.427999999999999936e+01 1.032767999999999908e+00 2.535435000000000016e+01
1.427999999999999936e+01 1.549323000000000006e+00 4.008182000000000045e+01
1.427999999999999936e+01 2.237315999999999860e+00 5.913781999999999783e+01
1.427999999999999936e+01 2.922752000000000017e+00 7.047656000000000631e+01
1.505000000000000071e+01 2.628257999999999983e-02 3.800158999999999843e+00
1.505000000000000071e+01 4.415427999999999714e-02 5.233081999999999567e+00
1.505000000000000071e+01 6.232185999999999976e-02 7.486895999999999773e+00
1.505000000000000071e+01 9.020585000000000409e-02 7.264107000000000092e+00
1.505000000000000071e+01 1.352297000000000082e-01 8.499116000000000781e+00
1.505000000000000071e+01 2.038964000000000054e-01 9.087421000000000859e+00
1.505000000000000071e+01 3.056348999999999871e-01 8.977757999999999683e+00
1.505000000000000071e+01 4.586450999999999723e-01 8.871524000000000854e+00
1.505000000000000071e+01 6.883943999999999619e-01 9.680676000000000059e+00
1.505000000000000071e+01 1.032767999999999908e+00 1.243299999999999983e+01
1.505000000000000071e+01 1.549323000000000006e+00 1.940390000000000015e+01
1.505000000000000071e+01 2.237315999999999860e+00 2.842674999999999841e+01
1.505000000000000071e+01 2.922752000000000017e+00 3.422778999999999883e+01
1.584999999999999964e+01 2.628257999999999983e-02 2.091372999999999927e+00
1.584999999999999964e+01 4.415427999999999714e-02 3.133700999999999848e+00
1.584999999999999964e+01 6.232185999999999976e-02 4.627815000000000012e+00
1.584999999999999964e+01 9.020585000000000409e-02 4.732083000000000261e+00
1.584999999999999964e+01 1.352297000000000082e-01 5.772257999999999889e+00
1.584999999999999964e+01 2.038964000000000054e-01 6.327619999999999578e+00
1.584999999999999964e+01 3.056348999999999871e-01 5.969884000000000412e+00
1.584999999999999964e+01 4.586450999999999723e-01 5.507793999999999635e+00
1.584999999999999964e+01 6.883943999999999619e-01 5.163752999999999815e+00
1.584999999999999964e+01 1.032767999999999908e+00 5.788701999999999792e+00
1.584999999999999964e+01 1.549323000000000006e+00 8.546238000000000667e+00
1.584999999999999964e+01 2.237315999999999860e+00 1.266863000000000028e+01
1.584999999999999964e+01 2.922752000000000017e+00 1.575573999999999941e+01
1.669000000000000128e+01 2.628257999999999983e-02 8.567339000000000482e-01
1.669000000000000128e+01 4.415427999999999714e-02 1.363766999999999951e+00
1.669000000000000128e+01 6.232185999999999976e-02 2.090759999999999952e+00
1.669000000000000128e+01 9.020585000000000409e-02 2.270026000000000099e+00
1.669000000000000128e+01 1.352297000000000082e-01 2.961326999999999821e+00
1.669000000000000128e+01 2.038964000000000054e-01 3.514997000000000149e+00
1.669000000000000128e+01 3.056348999999999871e-01 3.521688000000000152e+00
1.669000000000000128e+01 4.586450999999999723e-01 3.388276999999999983e+00
1.669000000000000128e+01 6.883943999999999619e-01 3.018174999999999830e+00
1.669000000000000128e+01 1.032767999999999908e+00 2.926292000000000115e+00
1.669000000000000128e+01 1.549323000000000006e+00 3.839668000000000081e+00
1.669000000000000128e+01 2.237315999999999860e+00 5.739908999999999928e+00
1.669000000000000128e+01 2.922752000000000017e+00 7.625492000000000381e+00
1.757000000000000028e+01 2.628257999999999983e-02 2.815901000000000098e-01
1.757000000000000028e+01 4.415427999999999714e-02 4.761124999999999940e-01
1.757000000000000028e+01 6.232185999999999976e-02 7.657646999999999649e-01
1.757000000000000028e+01 9.020585000000000409e-02 9.025357999999999992e-01
1.757000000000000028e+01 1.352297000000000082e-01 1.305317999999999978e+00
1.757000000000000028e+01 2.038964000000000054e-01 1.749336000000000002e+00
1.757000000000000028e+01 3.056348999999999871e-01 2.024262999999999924e+00
1.757000000000000028e+01 4.586450999999999723e-01 2.287361999999999895e+00
1.757000000000000028e+01 6.883943999999999619e-01 2.324568000000000190e+00
1.757000000000000028e+01 1.032767999999999908e+00 2.259072999999999887e+00
1.757000000000000028e+01 1.549323000000000006e+00 2.590052000000000021e+00
1.757000000000000028e+01 2.237315999999999860e+00 3.310070000000000068e+00
1.757000000000000028e+01 2.922752000000000017e+00 4.112715999999999816e+00
1.850000000000000000e+01 2.628257999999999983e-02 7.841935999999999352e-02
1.850000000000000000e+01 4.415427999999999714e-02 1.402699000000000029e-01
1.850000000000000000e+01 6.232185999999999976e-02 2.372997000000000023e-01
1.850000000000000000e+01 9.020585000000000409e-02 2.975744000000000167e-01
1.850000000000000000e+01 1.352297000000000082e-01 4.693776000000000059e-01
1.850000000000000000e+01 2.038964000000000054e-01 6.972817000000000043e-01
1.850000000000000000e+01 3.056348999999999871e-01 9.113628000000000284e-01
1.850000000000000000e+01 4.586450999999999723e-01 1.162452999999999959e+00
1.850000000000000000e+01 6.883943999999999619e-01 1.291886000000000090e+00
1.850000000000000000e+01 1.032767999999999908e+00 1.271746999999999961e+00
1.850000000000000000e+01 1.549323000000000006e+00 1.398867000000000083e+00
1.850000000000000000e+01 2.237315999999999860e+00 1.788413999999999948e+00
1.850000000000000000e+01 2.922752000000000017e+00 2.274582000000000104e+00
1.948000000000000043e+01 2.628257999999999983e-02 1.958193000000000086e-02
1.948000000000000043e+01 4.415427999999999714e-02 3.737154000000000170e-02
1.948000000000000043e+01 6.232185999999999976e-02 6.666460000000000441e-02
1.948000000000000043e+01 9.020585000000000409e-02 8.871850000000000569e-02
1.948000000000000043e+01 1.352297000000000082e-01 1.522654999999999981e-01
1.948000000000000043e+01 2.038964000000000054e-01 2.494557000000000024e-01
1.948000000000000043e+01 3.056348999999999871e-01 3.690665000000000195e-01
1.948000000000000043e+01 4.586450999999999723e-01 5.352111999999999981e-01
1.948000000000000043e+01 6.883943999999999619e-01 6.683021999999999574e-01
1.948000000000000043e+01 1.032767999999999908e+00 6.918549000000000504e-01
1.948000000000000043e+01 1.549323000000000006e+00 7.262477999999999989e-01
1.948000000000000043e+01 2.237315999999999860e+00 9.278298999999999852e-01
1.948000000000000043e+01 2.922752000000000017e+00 1.186957999999999958e+00
2.050000000000000000e+01 2.628257999999999983e-02 4.897249000000000220e-03
2.050000000000000000e+01 4.415427999999999714e-02 1.014854999999999924e-02
2.050000000000000000e+01 6.232185999999999976e-02 1.892827999999999872e-02
2.050000000000000000e+01 9.020585000000000409e-02 2.642515000000000142e-02
2.050000000000000000e+01 1.352297000000000082e-01 4.798673999999999995e-02
2.050000000000000000e+01 2.038964000000000054e-01 8.392267000000000476e-02
2.050000000000000000e+01 3.056348999999999871e-01 1.365704000000000085e-01
2.050000000000000000e+01 4.586450999999999723e-01 2.218540999999999985e-01
2.050000000000000000e+01 6.883943999999999619e-01 3.158453999999999984e-01
2.050000000000000000e+01 1.032767999999999908e+00 3.609011999999999776e-01
2.050000000000000000e+01 1.549323000000000006e+00 3.667560000000000264e-01
2.050000000000000000e+01 2.237315999999999860e+00 4.688755000000000006e-01
2.050000000000000000e+01 2.922752000000000017e+00 5.818256000000000538e-01
2.157999999999999829e+01 2.628257999999999983e-02 1.676306999999999927e-03
2.157999999999999829e+01 4.415427999999999714e-02 3.829022999999999975e-03
2.157999999999999829e+01 6.232185999999999976e-02 7.453458999999999952e-03
2.157999999999999829e+01 9.020585000000000409e-02 1.072417999999999982e-02
2.157999999999999829e+01 1.352297000000000082e-01 1.956516999999999978e-02
2.157999999999999829e+01 2.038964000000000054e-01 3.436279999999999890e-02
2.157999999999999829e+01 3.056348999999999871e-01 5.739584999999999826e-02
2.157999999999999829e+01 4.586450999999999723e-01 9.804704000000000197e-02
2.157999999999999829e+01 6.883943999999999619e-01 1.543467000000000033e-01
2.157999999999999829e+01 1.032767999999999908e+00 1.975415000000000088e-01
2.157999999999999829e+01 1.549323000000000006e+00 2.035485999999999962e-01
2.157999999999999829e+01 2.237315999999999860e+00 2.547387999999999875e-01
2.157999999999999829e+01 2.922752000000000017e+00 2.938811000000000062e-01
2.271000000000000085e+01 2.628257999999999983e-02 1.083158000000000081e-03
2.271000000000000085e+01 4.415427999999999714e-02 2.658830000000000048e-03
2.271000000000000085e+01 6.232185999999999976e-02 5.442714000000000406e-03
2.271000000000000085e+01 9.020585000000000409e-02 7.997717999999999147e-03
2.271000000000000085e+01 1.352297000000000082e-01 1.431955000000000033e-02
2.271000000000000085e+01 2.038964000000000054e-01 2.403927000000000147e-02
2.271000000000000085e+01 3.056348999999999871e-01 3.797717999999999927e-02
2.271000000000000085e+01 4.586450999999999723e-01 6.020071999999999923e-02
2.271000000000000085e+01 6.883943999999999619e-01 9.298823000000000505e-02
2.271000000000000085e+01 1.032767999999999908e+00 1.246093000000000062e-01
2.271000000000000085e+01 1.549323000000000006e+00 1.365715999999999875e-01
2.271000000000000085e+01 2.237315999999999860e+00 1.660652999999999990e-01
2.271000000000000085e+01 2.922752000000000017e+00 1.858294000000000057e-01
2.389000000000000057e+01 2.628257999999999983e-02 1.229433000000000045e-03
2.389000000000000057e+01 4.415427999999999714e-02 3.096063000000000027e-03
2.389000000000000057e+01 6.232185999999999976e-02 6.624561000000000165e-03
2.389000000000000057e+01 9.020585000000000409e-02 9.826519000000000573e-03
2.389000000000000057e+01 1.352297000000000082e-01 1.763023000000000021e-02
2.389000000000000057e+01 2.038964000000000054e-01 2.870976999999999904e-02
2.389000000000000057e+01 3.056348999999999871e-01 4.328694000000000291e-02
2.389000000000000057e+01 4.586450999999999723e-01 6.229607999999999673e-02
2.389000000000000057e+01 6.883943999999999619e-01 8.702624000000000470e-02
2.389000000000000057e+01 1.032767999999999908e+00 1.094230000000000064e-01
2.389000000000000057e+01 1.549323000000000006e+00 1.202350999999999975e-01
2.389000000000000057e+01 2.237315999999999860e+00 1.367630999999999986e-01
2.389000000000000057e+01 2.922752000000000017e+00 1.609436999999999951e-01
2.514000000000000057e+01 2.628257999999999983e-02 1.817098999999999971e-03
2.514000000000000057e+01 4.415427999999999714e-02 4.587280000000000003e-03
2.514000000000000057e+01 6.232185999999999976e-02 1.006362000000000055e-02
2.514000000000000057e+01 9.020585000000000409e-02 1.494531999999999979e-02
2.514000000000000057e+01 1.352297000000000082e-01 2.696898000000000004e-02
2.514000000000000057e+01 2.038964000000000054e-01 4.354932999999999721e-02
2.514000000000000057e+01 3.056348999999999871e-01 6.489380999999999622e-02
2.514000000000000057e+01 4.586450999999999723e-01 9.028364999999999307e-02
2.514000000000000057e+01 6.883943999999999619e-01 1.204838000000000020e-01
2.514000000000000057e+01 1.032767999999999908e+00 1.438249000000000055e-01
2.514000000000000057e+01 1.549323000000000006e+00 1.540824000000000082e-01
2.514000000000000057e+01 2.237315999999999860e+00 1.665219000000000005e-01
2.514000000000000057e+01 2.922752000000000017e+00 1.854879999999999862e-01
2.644000000000000128e+01 2.628257999999999983e-02 2.796992999999999788e-03
2.644000000000000128e+01 4.415427999999999714e-02 7.046873999999999846e-03
2.644000000000000128e+01 6.232185999999999976e-02 1.564955000000000165e-02
2.644000000000000128e+01 9.020585000000000409e-02 2.321677000000000116e-02
2.644000000000000128e+01 1.352297000000000082e-01 4.192753999999999925e-02
2.644000000000000128e+01 2.038964000000000054e-01 6.753544000000000214e-02
2.644000000000000128e+01 3.056348999999999871e-01 1.006018000000000051e-01
2.644000000000000128e+01 4.586450999999999723e-01 1.393578000000000039e-01
2.644000000000000128e+01 6.883943999999999619e-01 1.851065000000000071e-01
2.644000000000000128e+01 1.032767999999999908e+00 2.193898999999999988e-01
2.644000000000000128e+01 1.549323000000000006e+00 2.346905999999999992e-01
2.644000000000000128e+01 2.237315999999999860e+00 2.539590999999999932e-01
2.644000000000000128e+01 2.922752000000000017e+00 2.730932999999999833e-01
2.782000000000000028e+01 2.628257999999999983e-02 4.309905000000000160e-03
2.782000000000000028e+01 4.415427999999999714e-02 1.084687999999999972e-02
2.782000000000000028e+01 6.232185999999999976e-02 2.432770000000000071e-02
2.782000000000000028e+01 9.020585000000000409e-02 3.597815000000000041e-02
2.782000000000000028e+01 1.352297000000000082e-01 6.505811999999999706e-02
2.782000000000000028e+01 2.038964000000000054e-01 1.046316000000000052e-01
2.782000000000000028e+01 3.056348999999999871e-01 1.562651999999999930e-01
2.782000000000000028e+01 4.586450999999999723e-01 2.172888000000000042e-01
2.782000000000000028e+01 6.883943999999999619e-01 2.909190999999999860e-01
2.782000000000000028e+01 1.032767999999999908e+00 3.472041000000000155e-01
2.782000000000000028e+01 1.549323000000000006e+00 3.779614000000000029e-01
2.782000000000000028e+01 2.237315999999999860e+00 4.202121999999999802e-01
2.782000000000000028e+01 2.922752000000000017e+00 4.635025999999999868e-01
2.926000000000000156e+01 2.628257999999999983e-02 6.425156999999999917e-03
2.926000000000000156e+01 4.415427999999999714e-02 1.617760000000000031e-02
2.926000000000000156e+01 6.232185999999999976e-02 3.652263000000000037e-02
2.926000000000000156e+01 9.020585000000000409e-02 5.383712999999999693e-02
2.926000000000000156e+01 1.352297000000000082e-01 9.754261000000000181e-02
2.926000000000000156e+01 2.038964000000000054e-01 1.565919000000000061e-01
2.926000000000000156e+01 3.056348999999999871e-01 2.348495999999999917e-01
2.926000000000000156e+01 4.586450999999999723e-01 3.288268999999999775e-01
2.926000000000000156e+01 6.883943999999999619e-01 4.436955000000000204e-01
2.926000000000000156e+01 1.032767999999999908e+00 5.354974999999999596e-01
2.926000000000000156e+01 1.549323000000000006e+00 5.955200999999999967e-01
2.926000000000000156e+01 2.237315999999999860e+00 6.808988999999999736e-01
2.926000000000000156e+01 2.922752000000000017e+00 7.795782999999999463e-01
3.076999999999999957e+01 2.628257999999999983e-02 2.588947999999999805e+00
3.076999999999999957e+01 4.415427999999999714e-02 6.472782999999999731e+00
3.076999999999999957e+01 6.232185999999999976e-02 1.772707000000000122e+01
3.076999999999999957e+01 9.020585000000000409e-02 2.544468000000000174e+01
3.076999999999999957e+01 1.352297000000000082e-01 4.680037999999999698e+01
3.076999999999999957e+01 2.038964000000000054e-01 7.642132999999999754e+01
3.076999999999999957e+01 3.056348999999999871e-01 1.213825999999999965e+02
3.076999999999999957e+01 4.586450999999999723e-01 1.969607000000000028e+02
3.076999999999999957e+01 6.883943999999999619e-01 3.282814000000000192e+02
3.076999999999999957e+01 1.032767999999999908e+00 5.046807000000000016e+02
3.076999999999999957e+01 1.549323000000000006e+00 7.328953000000000202e+02
3.076999999999999957e+01 2.237315999999999860e+00 1.025275000000000091e+03
3.076999999999999957e+01 2.922752000000000017e+00 1.291394000000000005e+03
3.235999999999999943e+01 2.628257999999999983e-02 2.302894000000000219e+00
3.235999999999999943e+01 4.415427999999999714e-02 5.776248999999999967e+00
3.235999999999999943e+01 6.232185999999999976e-02 1.570213000000000036e+01
3.235999999999999943e+01 9.020585000000000409e-02 2.245189999999999841e+01
3.235999999999999943e+01 1.352297000000000082e-01 4.138692000000000348e+01
3.235999999999999943e+01 2.038964000000000054e-01 6.784489999999999554e+01
3.235999999999999943e+01 3.056348999999999871e-01 1.087102000000000004e+02
3.235999999999999943e+01 4.586450999999999723e-01 1.781062000000000012e+02
3.235999999999999943e+01 6.883943999999999619e-01 2.940951999999999771e+02
3.235999999999999943e+01 1.032767999999999908e+00 4.457013999999999783e+02
3.235999999999999943e+01 1.549323000000000006e+00 6.442142000000000053e+02
3.235999999999999943e+01 2.237315999999999860e+00 9.091381999999999834e+02
3.235999999999999943e+01 2.922752000000000017e+00 1.175413000000000011e+03
3.403000000000000114e+01 2.628257999999999983e-02 2.061411000000000104e+00
3.403000000000000114e+01 4.415427999999999714e-02 5.162838999999999956e+00
3.403000000000000114e+01 6.232185999999999976e-02 1.396441000000000088e+01
3.403000000000000114e+01 9.020585000000000409e-02 1.986757000000000062e+01
3.403000000000000114e+01 1.352297000000000082e-01 3.666405000000000314e+01
3.403000000000000114e+01 2.038964000000000054e-01 6.040037000000000234e+01
3.403000000000000114e+01 3.056348999999999871e-01 9.774412999999999840e+01
3.403000000000000114e+01 4.586450999999999723e-01 1.608968999999999880e+02
3.403000000000000114e+01 6.883943999999999619e-01 2.623018000000000143e+02
3.403000000000000114e+01 1.032767999999999908e+00 3.916539999999999964e+02
3.403000000000000114e+01 1.549323000000000006e+00 5.639986000000000104e+02
3.403000000000000114e+01 2.237315999999999860e+00 8.040777000000000498e+02
3.403000000000000114e+01 2.922752000000000017e+00 1.059263999999999896e+03
6.000000000000000000e+00 2.628257999999999983e-02 2.199452000000000004e-02
6.000000000000000000e+00 4.415427999999999714e-02 9.208011000000000668e-02
6.000000000000000000e+00 6.232185999999999976e-02 2.031976000000000060e-01
6.000000000000000000e+00 9.020585000000000409e-02 3.314898000000000011e-01
6.000000000000000000e+00 1.352297000000000082e-01 7.609576000000000118e-01
6.000000000000000000e+00 2.038964000000000054e-01 7.373587999999999809e-01
6.000000000000000000e+00 3.056348999999999871e-01 5.192339999999999733e-01
6.000000000000000000e+00 4.586450999999999723e-01 4.193372000000000210e-01
6.000000000000000000e+00 6.883943999999999619e-01 3.852223000000000175e-01
6.000000000000000000e+00 1.032767999999999908e+00 3.702977000000000074e-01
6.000000000000000000e+00 1.549323000000000006e+00 4.294987000000000110e-01
6.000000000000000000e+00 2.237315999999999860e+00 6.285770000000000524e-01
6.000000000000000000e+00 2.922752000000000017e+00 9.910927999999999960e-01
6.349999999999999645e+00 2.628257999999999983e-02 1.254637000000000113e-01
6.349999999999999645e+00 4.415427999999999714e-02 4.283434999999999881e-01
6.349999999999999645e+00 6.232185999999999976e-02 8.050912000000000068e-01
6.349999999999999645e+00 9.020585000000000409e-02 1.334478999999999971e+00
6.349999999999999645e+00 1.352297000000000082e-01 2.471670000000000034e+00
6.349999999999999645e+00 2.038964000000000054e-01 2.209906999999999844e+00
6.349999999999999645e+00 3.056348999999999871e-01 1.617016000000000009e+00
6.349999999999999645e+00 4.586450999999999723e-01 1.309015999999999957e+00
6.349999999999999645e+00 6.883943999999999619e-01 1.161650000000000071e+00
6.349999999999999645e+00 1.032767999999999908e+00 1.153761999999999954e+00
6.349999999999999645e+00 1.549323000000000006e+00 1.315836000000000006e+00
6.349999999999999645e+00 2.237315999999999860e+00 1.954741000000000062e+00
6.349999999999999645e+00 2.922752000000000017e+00 3.046545000000000059e+00
6.719999999999999751e+00 2.628257999999999983e-02 4.074320000000000164e-01
6.719999999999999751e+00 4.415427999999999714e-02 1.118633999999999906e+00
6.719999999999999751e+00 6.232185999999999976e-02 2.034820999999999991e+00
6.719999999999999751e+00 9.020585000000000409e-02 3.671644000000000130e+00
6.719999999999999751e+00 1.352297000000000082e-01 6.333974000000000437e+00
6.719999999999999751e+00 2.038964000000000054e-01 4.682286999999999644e+00
6.719999999999999751e+00 3.056348999999999871e-01 3.654743999999999993e+00
6.719999999999999751e+00 4.586450999999999723e-01 2.964660999999999991e+00
6.719999999999999751e+00 6.883943999999999619e-01 2.718529000000000195e+00
6.719999999999999751e+00 1.032767999999999908e+00 2.705935999999999897e+00
6.719999999999999751e+00 1.549323000000000006e+00 3.075835000000000097e+00
6.719999999999999751e+00 2.237315999999999860e+00 4.606555000000000177e+00
6.719999999999999751e+00 2.922752000000000017e+00 7.229688000000000336e+00
7.099999999999999645e+00 2.628257999999999983e-02 8.402482000000000006e-01
7.099999999999999645e+00 4.415427999999999714e-02 2.191416999999999948e+00
7.099999999999999645e+00 6.232185999999999976e-02 4.060100000000000264e+00
7.099999999999999645e+00 9.020585000000000409e-02 7.344668000000000418e+00
7.099999999999999645e+00 1.352297000000000082e-01 1.216334999999999944e+01
7.099999999999999645e+00 2.038964000000000054e-01 8.060461999999999350e+00
7.099999999999999645e+00 3.056348999999999871e-01 6.645960999999999785e+00
7.099999999999999645e+00 4.586450999999999723e-01 5.524785999999999753e+00
7.099999999999999645e+00 6.883943999999999619e-01 5.135913000000000395e+00
7.099999999999999645e+00 1.032767999999999908e+00 5.174487000000000059e+00
7.099999999999999645e+00 1.549323000000000006e+00 5.925975000000000215e+00
7.099999999999999645e+00 2.237315999999999860e+00 8.914944000000000202e+00
7.099999999999999645e+00 2.922752000000000017e+00 1.395640000000000036e+01
7.509999999999999787e+00 2.628257999999999983e-02 1.155972000000000000e+00
7.509999999999999787e+00 4.415427999999999714e-02 3.050603999999999871e+00
7.509999999999999787e+00 6.232185999999999976e-02 5.977147999999999683e+00
7.509999999999999787e+00 9.020585000000000409e-02 1.056971000000000060e+01
7.509999999999999787e+00 1.352297000000000082e-01 1.803105000000000047e+01
7.509999999999999787e+00 2.038964000000000054e-01 1.233722000000000030e+01
7.509999999999999787e+00 3.056348999999999871e-01 1.009617000000000075e+01
7.509999999999999787e+00 4.586450999999999723e-01 8.746150999999999343e+00
7.509999999999999787e+00 6.883943999999999619e-01 8.202583999999999875e+00
7.509999999999999787e+00 1.032767999999999908e+00 8.354492999999999725e+00
7.509999999999999787e+00 1.549323000000000006e+00 9.627380999999999744e+00
7.509999999999999787e+00 2.237315999999999860e+00 1.453358000000000061e+01
7.509999999999999787e+00 2.922752000000000017e+00 2.285906999999999911e+01
7.929999999999999716e+00 2.628257999999999983e-02 1.022048999999999985e+00
7.929999999999999716e+00 4.415427999999999714e-02 3.095547999999999966e+00
7.929999999999999716e+00 6.232185999999999976e-02 6.332962000000000202e+00
7.929999999999999716e+00 9.020585000000000409e-02 1.096842000000000006e+01
7.929999999999999716e+00 1.352297000000000082e-01 1.981931000000000154e+01
7.929999999999999716e+00 2.038964000000000054e-01 1.568961000000000006e+01
7.929999999999999716e+00 3.056348999999999871e-01 1.249701999999999913e+01
7.929999999999999716e+00 4.586450999999999723e-01 1.100098999999999982e+01
7.929999999999999716e+00 6.883943999999999619e-01 1.071978999999999971e+01
7.929999999999999716e+00 1.032767999999999908e+00 1.114831000000000039e+01
7.929999999999999716e+00 1.549323000000000006e+00 1.292145000000000010e+01
7.929999999999999716e+00 2.237315999999999860e+00 1.961339999999999861e+01
7.929999999999999716e+00 2.922752000000000017e+00 3.058057000000000158e+01
8.380000000000000782e+00 2.628257999999999983e-02 4.347576000000000218e-01
8.380000000000000782e+00 4.415427999999999714e-02 1.824967999999999924e+00
8.380000000000000782e+00 6.232185999999999976e-02 4.393016000000000254e+00
8.380000000000000782e+00 9.020585000000000409e-02 7.754376999999999853e+00
8.380000000000000782e+00 1.352297000000000082e-01 1.518427999999999933e+01
8.380000000000000782e+00 2.038964000000000054e-01 1.458070999999999984e+01
8.380000000000000782e+00 3.056348999999999871e-01 1.213148999999999944e+01
8.380000000000000782e+00 4.586450999999999723e-01 1.112834999999999930e+01
8.380000000000000782e+00 6.883943999999999619e-01 1.109376999999999924e+01
8.380000000000000782e+00 1.032767999999999908e+00 1.172075000000000067e+01
8.380000000000000782e+00 1.549323000000000006e+00 1.366291999999999973e+01
8.380000000000000782e+00 2.237315999999999860e+00 2.079617999999999967e+01
8.380000000000000782e+00 2.922752000000000017e+00 3.236337000000000330e+01
8.849999999999999645e+00 2.628257999999999983e-02 4.252252000000000115e-02
8.849999999999999645e+00 4.415427999999999714e-02 4.337825000000000153e-01
8.849999999999999645e+00 6.232185999999999976e-02 1.402255999999999947e+00
8.849999999999999645e+00 9.020585000000000409e-02 3.150717000000000212e+00
8.849999999999999645e+00 1.352297000000000082e-01 7.799851000000000312e+00
8.849999999999999645e+00 2.038964000000000054e-01 9.590982999999999592e+00
8.849999999999999645e+00 3.056348999999999871e-01 8.680234999999999701e+00
8.849999999999999645e+00 4.586450999999999723e-01 8.514103000000000421e+00
8.849999999999999645e+00 6.883943999999999619e-01 8.701940999999999704e+00
8.849999999999999645e+00 1.032767999999999908e+00 9.312680999999999543e+00
8.849999999999999645e+00 1.549323000000000006e+00 1.098359999999999914e+01
8.849999999999999645e+00 2.237315999999999860e+00 1.678729999999999833e+01
8.849999999999999645e+00 2.922752000000000017e+00 2.586083999999999961e+01
9.339999999999999858e+00 2.628257999999999983e-02 7.108666999999999625e-01
9.339999999999999858e+00 4.415427999999999714e-02 6.559724999999999584e-01
9.339999999999999858e+00 6.232185999999999976e-02 4.727426000000000128e-01
9.339999999999999858e+00 9.020585000000000409e-02 7.170041000000000331e-01
9.339999999999999858e+00 1.352297000000000082e-01 2.048684999999999867e+00
9.339999999999999858e+00 2.038964000000000054e-01 3.765591999999999828e+00
9.339999999999999858e+00 3.056348999999999871e-01 4.000234999999999985e+00
9.339999999999999858e+00 4.586450999999999723e-01 4.181441999999999659e+00
9.339999999999999858e+00 6.883943999999999619e-01 4.408332999999999835e+00
9.339999999999999858e+00 1.032767999999999908e+00 4.760226000000000290e+00
9.339999999999999858e+00 1.549323000000000006e+00 5.641213999999999729e+00
9.339999999999999858e+00 2.237315999999999860e+00 8.642956999999999113e+00
9.339999999999999858e+00 2.922752000000000017e+00 1.348274999999999935e+01
9.859999999999999432e+00 2.628257999999999983e-02 3.252292000000000183e+00
9.859999999999999432e+00 4.415427999999999714e-02 4.169544000000000139e+00
9.859999999999999432e+00 6.232185999999999976e-02 3.797098999999999780e+00
9.859999999999999432e+00 9.020585000000000409e-02 2.475912999999999808e+00
9.859999999999999432e+00 1.352297000000000082e-01 1.345026000000000055e+00
9.859999999999999432e+00 2.038964000000000054e-01 1.014726999999999935e+00
9.859999999999999432e+00 3.056348999999999871e-01 1.033414999999999973e+00
9.859999999999999432e+00 4.586450999999999723e-01 1.035069000000000017e+00
9.859999999999999432e+00 6.883943999999999619e-01 1.060205000000000064e+00
9.859999999999999432e+00 1.032767999999999908e+00 1.156940000000000079e+00
9.859999999999999432e+00 1.549323000000000006e+00 1.412682999999999911e+00
9.859999999999999432e+00 2.237315999999999860e+00 2.213360999999999912e+00
9.859999999999999432e+00 2.922752000000000017e+00 3.455055999999999905e+00
