1.757000000000000028e+01 2.628257999999999983e-02 2.300873999999999864e+00
1.757000000000000028e+01 4.415427999999999714e-02 3.483169000000000182e+00
1.757000000000000028e+01 6.232185999999999976e-02 5.315184000000000353e+00
1.757000000000000028e+01 9.020585000000000409e-02 5.447949000000000375e+00
1.757000000000000028e+01 1.352297000000000082e-01 6.699686999999999948e+00
1.757000000000000028e+01 2.038964000000000054e-01 7.570680000000000298e+00
1.757000000000000028e+01 3.056348999999999871e-01 7.797748999999999597e+00
1.757000000000000028e+01 4.586450999999999723e-01 8.063491000000000852e+00
1.757000000000000028e+01 6.883943999999999619e-01 9.125643999999999423e+00
1.757000000000000028e+01 1.032767999999999908e+00 1.257715999999999923e+01
1.757000000000000028e+01 1.549323000000000006e+00 2.027827999999999875e+01
1.757000000000000028e+01 2.237315999999999860e+00 2.725471999999999895e+01
1.757000000000000028e+01 2.922752000000000017e+00 2.816326000000000107e+01
