1.040000000000000036e+01 2.628257999999999983e-02 9.792186999999999419e-02
1.040000000000000036e+01 4.415427999999999714e-02 1.749811000000000005e-01
1.040000000000000036e+01 6.232185999999999976e-02 5.509036999999999962e-01
1.040000000000000036e+01 9.020585000000000409e-02 1.086619000000000002e+00
1.040000000000000036e+01 1.352297000000000082e-01 2.399760000000000115e+00
1.040000000000000036e+01 2.038964000000000054e-01 5.080631000000000341e+00
1.040000000000000036e+01 3.056348999999999871e-01 9.568740999999999275e+00
1.040000000000000036e+01 4.586450999999999723e-01 1.594313999999999965e+01
1.040000000000000036e+01 6.883943999999999619e-01 2.213698000000000121e+01
1.040000000000000036e+01 1.032767999999999908e+00 2.761938999999999922e+01
1.040000000000000036e+01 1.549323000000000006e+00 3.592806999999999817e+01
1.040000000000000036e+01 2.237315999999999860e+00 5.519321000000000055e+01
1.040000000000000036e+01 2.922752000000000017e+00 8.133991000000000327e+01
1.097000000000000064e+01 2.628257999999999983e-02 3.124476999999999949e-01
1.097000000000000064e+01 4.415427999999999714e-02 4.825972000000000039e-01
1.097000000000000064e+01 6.232185999999999976e-02 1.082289999999999974e+00
1.097000000000000064e+01 9.020585000000000409e-02 1.477657999999999916e+00
1.097000000000000064e+01 1.352297000000000082e-01 2.504328000000000110e+00
1.097000000000000064e+01 2.038964000000000054e-01 4.331324000000000396e+00
1.097000000000000064e+01 3.056348999999999871e-01 7.961096999999999646e+00
1.097000000000000064e+01 4.586450999999999723e-01 1.351598000000000077e+01
1.097000000000000064e+01 6.883943999999999619e-01 1.954773000000000138e+01
1.097000000000000064e+01 1.032767999999999908e+00 2.515951000000000093e+01
1.097000000000000064e+01 1.549323000000000006e+00 3.325892000000000337e+01
1.097000000000000064e+01 2.237315999999999860e+00 5.101353999999999900e+01
1.097000000000000064e+01 2.922752000000000017e+00 7.380463000000000306e+01
1.157000000000000028e+01 2.628257999999999983e-02 7.333522000000000096e-01
1.157000000000000028e+01 4.415427999999999714e-02 1.197545999999999999e+00
1.157000000000000028e+01 6.232185999999999976e-02 2.169264000000000081e+00
1.157000000000000028e+01 9.020585000000000409e-02 2.459632000000000041e+00
1.157000000000000028e+01 1.352297000000000082e-01 3.373019999999999907e+00
1.157000000000000028e+01 2.038964000000000054e-01 4.558931000000000289e+00
1.157000000000000028e+01 3.056348999999999871e-01 7.197854999999999670e+00
1.157000000000000028e+01 4.586450999999999723e-01 1.126501999999999981e+01
1.157000000000000028e+01 6.883943999999999619e-01 1.637329000000000079e+01
1.157000000000000028e+01 1.032767999999999908e+00 2.141518999999999906e+01
1.157000000000000028e+01 1.549323000000000006e+00 2.866570000000000107e+01
1.157000000000000028e+01 2.237315999999999860e+00 4.371363000000000198e+01
1.157000000000000028e+01 2.922752000000000017e+00 6.234772000000000247e+01
1.219999999999999929e+01 2.628257999999999983e-02 1.453173000000000048e+00
1.219999999999999929e+01 4.415427999999999714e-02 2.477308999999999983e+00
1.219999999999999929e+01 6.232185999999999976e-02 3.968836000000000030e+00
1.219999999999999929e+01 9.020585000000000409e-02 4.120293000000000205e+00
1.219999999999999929e+01 1.352297000000000082e-01 4.918809999999999683e+00
1.219999999999999929e+01 2.038964000000000054e-01 5.454471999999999987e+00
1.219999999999999929e+01 3.056348999999999871e-01 6.907404999999999795e+00
1.219999999999999929e+01 4.586450999999999723e-01 9.201456999999999553e+00
1.219999999999999929e+01 6.883943999999999619e-01 1.266849999999999987e+01
1.219999999999999929e+01 1.032767999999999908e+00 1.646596999999999866e+01
1.219999999999999929e+01 1.549323000000000006e+00 2.229874999999999829e+01
1.219999999999999929e+01 2.237315999999999860e+00 3.393370000000000175e+01
1.219999999999999929e+01 2.922752000000000017e+00 4.796542000000000172e+01
1.285999999999999943e+01 2.628257999999999983e-02 2.577551999999999843e+00
1.285999999999999943e+01 4.415427999999999714e-02 4.458651999999999838e+00
1.285999999999999943e+01 6.232185999999999976e-02 6.601892000000000316e+00
1.285999999999999943e+01 9.020585000000000409e-02 6.533930999999999933e+00
1.285999999999999943e+01 1.352297000000000082e-01 7.075961999999999641e+00
1.285999999999999943e+01 2.038964000000000054e-01 6.773696000000000161e+00
1.285999999999999943e+01 3.056348999999999871e-01 6.808468000000000409e+00
1.285999999999999943e+01 4.586450999999999723e-01 7.299424000000000134e+00
1.285999999999999943e+01 6.883943999999999619e-01 8.757899000000000100e+00
1.285999999999999943e+01 1.032767999999999908e+00 1.081103000000000058e+01
1.285999999999999943e+01 1.549323000000000006e+00 1.463067000000000029e+01
1.285999999999999943e+01 2.237315999999999860e+00 2.229750999999999905e+01
1.285999999999999943e+01 2.922752000000000017e+00 3.135137999999999892e+01
1.355000000000000071e+01 2.628257999999999983e-02 4.086058000000000412e+00
1.355000000000000071e+01 4.415427999999999714e-02 7.221576999999999913e+00
1.355000000000000071e+01 6.232185999999999976e-02 1.011111000000000004e+01
1.355000000000000071e+01 9.020585000000000409e-02 9.681259000000000725e+00
1.355000000000000071e+01 1.352297000000000082e-01 9.704885000000000872e+00
1.355000000000000071e+01 2.038964000000000054e-01 8.264732000000000411e+00
1.355000000000000071e+01 3.056348999999999871e-01 6.776353000000000293e+00
1.355000000000000071e+01 4.586450999999999723e-01 5.723711999999999911e+00
1.355000000000000071e+01 6.883943999999999619e-01 5.395463999999999594e+00
1.355000000000000071e+01 1.032767999999999908e+00 5.815241000000000327e+00
1.355000000000000071e+01 1.549323000000000006e+00 7.588083000000000133e+00
1.355000000000000071e+01 2.237315999999999860e+00 1.180687999999999960e+01
1.355000000000000071e+01 2.922752000000000017e+00 1.739348999999999990e+01
1.427999999999999936e+01 2.628257999999999983e-02 4.911891999999999925e+00
1.427999999999999936e+01 4.415427999999999714e-02 9.096615999999999147e+00
1.427999999999999936e+01 6.232185999999999976e-02 1.253552000000000000e+01
1.427999999999999936e+01 9.020585000000000409e-02 1.192782000000000053e+01
1.427999999999999936e+01 1.352297000000000082e-01 1.157227999999999923e+01
1.427999999999999936e+01 2.038964000000000054e-01 9.243781000000000247e+00
1.427999999999999936e+01 3.056348999999999871e-01 6.661275999999999975e+00
1.427999999999999936e+01 4.586450999999999723e-01 4.950307999999999709e+00
1.427999999999999936e+01 6.883943999999999619e-01 3.811732999999999816e+00
1.427999999999999936e+01 1.032767999999999908e+00 3.368470999999999993e+00
1.427999999999999936e+01 1.549323000000000006e+00 3.929412000000000127e+00
1.427999999999999936e+01 2.237315999999999860e+00 6.099141999999999619e+00
1.427999999999999936e+01 2.922752000000000017e+00 9.392832000000000292e+00
1.505000000000000071e+01 2.628257999999999983e-02 3.896957000000000004e+00
1.505000000000000071e+01 4.415427999999999714e-02 7.936875999999999820e+00
1.505000000000000071e+01 6.232185999999999976e-02 1.120552999999999955e+01
1.505000000000000071e+01 9.020585000000000409e-02 1.097405999999999970e+01
1.505000000000000071e+01 1.352297000000000082e-01 1.087815999999999939e+01
1.505000000000000071e+01 2.038964000000000054e-01 8.823154000000000607e+00
1.505000000000000071e+01 3.056348999999999871e-01 6.438165999999999833e+00
1.505000000000000071e+01 4.586450999999999723e-01 5.441411999999999694e+00
1.505000000000000071e+01 6.883943999999999619e-01 4.899245999999999768e+00
1.505000000000000071e+01 1.032767999999999908e+00 4.843385999999999747e+00
1.505000000000000071e+01 1.549323000000000006e+00 5.788840999999999681e+00
1.505000000000000071e+01 2.237315999999999860e+00 7.775659000000000098e+00
1.505000000000000071e+01 2.922752000000000017e+00 9.747661000000000797e+00
1.584999999999999964e+01 2.628257999999999983e-02 1.256185000000000107e+00
1.584999999999999964e+01 4.415427999999999714e-02 3.288279999999999870e+00
1.584999999999999964e+01 6.232185999999999976e-02 5.149766999999999761e+00
1.584999999999999964e+01 9.020585000000000409e-02 5.658940000000000303e+00
1.584999999999999964e+01 1.352297000000000082e-01 6.384382999999999697e+00
1.584999999999999964e+01 2.038964000000000054e-01 6.017844000000000193e+00
1.584999999999999964e+01 3.056348999999999871e-01 5.353725999999999985e+00
1.584999999999999964e+01 4.586450999999999723e-01 5.906575000000000131e+00
1.584999999999999964e+01 6.883943999999999619e-01 6.760839999999999961e+00
1.584999999999999964e+01 1.032767999999999908e+00 7.842749000000000414e+00
1.584999999999999964e+01 1.549323000000000006e+00 1.012504999999999988e+01
1.584999999999999964e+01 2.237315999999999860e+00 1.293329999999999913e+01
1.584999999999999964e+01 2.922752000000000017e+00 1.415285000000000082e+01
1.669000000000000128e+01 2.628257999999999983e-02 4.246404000000000151e-02
1.669000000000000128e+01 4.415427999999999714e-02 2.170930000000000082e-01
1.669000000000000128e+01 6.232185999999999976e-02 5.846103000000000272e-01
1.669000000000000128e+01 9.020585000000000409e-02 1.068111999999999950e+00
1.669000000000000128e+01 1.352297000000000082e-01 1.847812000000000010e+00
1.669000000000000128e+01 2.038964000000000054e-01 2.661108000000000029e+00
1.669000000000000128e+01 3.056348999999999871e-01 3.581491999999999898e+00
1.669000000000000128e+01 4.586450999999999723e-01 4.994445999999999941e+00
1.669000000000000128e+01 6.883943999999999619e-01 6.543032000000000181e+00
1.669000000000000128e+01 1.032767999999999908e+00 8.178625999999999507e+00
1.669000000000000128e+01 1.549323000000000006e+00 1.098436000000000057e+01
1.669000000000000128e+01 2.237315999999999860e+00 1.393126999999999960e+01
1.669000000000000128e+01 2.922752000000000017e+00 1.474811000000000050e+01
1.757000000000000028e+01 2.628257999999999983e-02 4.956947999999999910e-01
1.757000000000000028e+01 4.415427999999999714e-02 4.746230000000000171e-01
1.757000000000000028e+01 6.232185999999999976e-02 5.974026000000000058e-01
1.757000000000000028e+01 9.020585000000000409e-02 6.226935999999999582e-01
1.757000000000000028e+01 1.352297000000000082e-01 8.846638999999999475e-01
1.757000000000000028e+01 2.038964000000000054e-01 1.362899000000000083e+00
1.757000000000000028e+01 3.056348999999999871e-01 2.201386999999999983e+00
1.757000000000000028e+01 4.586450999999999723e-01 3.191955999999999793e+00
1.757000000000000028e+01 6.883943999999999619e-01 4.346801000000000137e+00
1.757000000000000028e+01 1.032767999999999908e+00 5.561746000000000301e+00
1.757000000000000028e+01 1.549323000000000006e+00 7.494397000000000197e+00
1.757000000000000028e+01 2.237315999999999860e+00 9.463677000000000561e+00
1.757000000000000028e+01 2.922752000000000017e+00 1.009703999999999979e+01
1.850000000000000000e+01 2.628257999999999983e-02 6.443050000000000166e-01
1.850000000000000000e+01 4.415427999999999714e-02 8.835252999999999579e-01
1.850000000000000000e+01 6.232185999999999976e-02 1.202145000000000019e+00
1.850000000000000000e+01 9.020585000000000409e-02 1.140220999999999929e+00
1.850000000000000000e+01 1.352297000000000082e-01 1.280286000000000035e+00
1.850000000000000000e+01 2.038964000000000054e-01 1.363140999999999936e+00
1.850000000000000000e+01 3.056348999999999871e-01 1.576532000000000044e+00
1.850000000000000000e+01 4.586450999999999723e-01 1.958712000000000009e+00
1.850000000000000000e+01 6.883943999999999619e-01 2.609544999999999781e+00
1.850000000000000000e+01 1.032767999999999908e+00 3.345744999999999969e+00
1.850000000000000000e+01 1.549323000000000006e+00 4.234468999999999816e+00
1.850000000000000000e+01 2.237315999999999860e+00 5.225734000000000101e+00
1.850000000000000000e+01 2.922752000000000017e+00 5.670664999999999623e+00
1.948000000000000043e+01 2.628257999999999983e-02 3.551120999999999861e-01
1.948000000000000043e+01 4.415427999999999714e-02 5.693422999999999679e-01
1.948000000000000043e+01 6.232185999999999976e-02 8.380581999999999754e-01
1.948000000000000043e+01 9.020585000000000409e-02 8.613939000000000457e-01
1.948000000000000043e+01 1.352297000000000082e-01 1.034276999999999891e+00
1.948000000000000043e+01 2.038964000000000054e-01 1.090780000000000083e+00
1.948000000000000043e+01 3.056348999999999871e-01 1.049998999999999905e+00
1.948000000000000043e+01 4.586450999999999723e-01 1.084459000000000062e+00
1.948000000000000043e+01 6.883943999999999619e-01 1.280019999999999936e+00
1.948000000000000043e+01 1.032767999999999908e+00 1.609737999999999891e+00
1.948000000000000043e+01 1.549323000000000006e+00 1.957926000000000055e+00
1.948000000000000043e+01 2.237315999999999860e+00 2.403465000000000185e+00
1.948000000000000043e+01 2.922752000000000017e+00 2.809668999999999972e+00
2.050000000000000000e+01 2.628257999999999983e-02 1.267531000000000074e-01
2.050000000000000000e+01 4.415427999999999714e-02 2.251286999999999872e-01
2.050000000000000000e+01 6.232185999999999976e-02 3.550845000000000251e-01
2.050000000000000000e+01 9.020585000000000409e-02 3.989942000000000211e-01
2.050000000000000000e+01 1.352297000000000082e-01 5.300527000000000433e-01
2.050000000000000000e+01 2.038964000000000054e-01 6.175629000000000257e-01
2.050000000000000000e+01 3.056348999999999871e-01 6.072887000000000146e-01
2.050000000000000000e+01 4.586450999999999723e-01 6.007940000000000502e-01
2.050000000000000000e+01 6.883943999999999619e-01 6.437334000000000112e-01
2.050000000000000000e+01 1.032767999999999908e+00 7.823550000000000226e-01
2.050000000000000000e+01 1.549323000000000006e+00 9.402110000000000190e-01
2.050000000000000000e+01 2.237315999999999860e+00 1.150050999999999934e+00
2.050000000000000000e+01 2.922752000000000017e+00 1.441724999999999923e+00
2.157999999999999829e+01 2.628257999999999983e-02 3.651441999999999882e-02
2.157999999999999829e+01 4.415427999999999714e-02 7.053574999999999429e-02
2.157999999999999829e+01 6.232185999999999976e-02 1.198800000000000004e-01
2.157999999999999829e+01 9.020585000000000409e-02 1.466545999999999961e-01
2.157999999999999829e+01 1.352297000000000082e-01 2.169764000000000137e-01
2.157999999999999829e+01 2.038964000000000054e-01 2.876567999999999903e-01
2.157999999999999829e+01 3.056348999999999871e-01 3.190063000000000204e-01
2.157999999999999829e+01 4.586450999999999723e-01 3.414113999999999760e-01
2.157999999999999829e+01 6.883943999999999619e-01 3.595098999999999934e-01
2.157999999999999829e+01 1.032767999999999908e+00 4.175594000000000250e-01
2.157999999999999829e+01 1.549323000000000006e+00 5.169844000000000106e-01
2.157999999999999829e+01 2.237315999999999860e+00 6.375815999999999706e-01
2.157999999999999829e+01 2.922752000000000017e+00 8.182880000000000154e-01
2.271000000000000085e+01 2.628257999999999983e-02 1.035388999999999927e-02
2.271000000000000085e+01 4.415427999999999714e-02 2.172568999999999889e-02
2.271000000000000085e+01 6.232185999999999976e-02 4.006426999999999905e-02
2.271000000000000085e+01 9.020585000000000409e-02 5.251284999999999981e-02
2.271000000000000085e+01 1.352297000000000082e-01 8.541182999999999415e-02
2.271000000000000085e+01 2.038964000000000054e-01 1.274816000000000005e-01
2.271000000000000085e+01 3.056348999999999871e-01 1.622960999999999987e-01
2.271000000000000085e+01 4.586450999999999723e-01 1.973418999999999868e-01
2.271000000000000085e+01 6.883943999999999619e-01 2.208946999999999994e-01
2.271000000000000085e+01 1.032767999999999908e+00 2.474059000000000119e-01
2.271000000000000085e+01 1.549323000000000006e+00 3.134058000000000122e-01
2.271000000000000085e+01 2.237315999999999860e+00 3.985088999999999992e-01
2.271000000000000085e+01 2.922752000000000017e+00 5.231095000000000050e-01
2.389000000000000057e+01 2.628257999999999983e-02 3.968809999999999699e-03
2.389000000000000057e+01 4.415427999999999714e-02 9.118120000000000391e-03
2.389000000000000057e+01 6.232185999999999976e-02 1.814123999999999945e-02
2.389000000000000057e+01 9.020585000000000409e-02 2.503655000000000116e-02
2.389000000000000057e+01 1.352297000000000082e-01 4.317238000000000325e-02
2.389000000000000057e+01 2.038964000000000054e-01 6.875286999999999371e-02
2.389000000000000057e+01 3.056348999999999871e-01 9.613905000000000367e-02
2.389000000000000057e+01 4.586450999999999723e-01 1.292104000000000030e-01
2.389000000000000057e+01 6.883943999999999619e-01 1.594317000000000095e-01
2.389000000000000057e+01 1.032767999999999908e+00 1.806715999999999878e-01
2.389000000000000057e+01 1.549323000000000006e+00 2.224388999999999950e-01
2.389000000000000057e+01 2.237315999999999860e+00 2.933137000000000105e-01
2.389000000000000057e+01 2.922752000000000017e+00 3.716241000000000128e-01
2.514000000000000057e+01 2.628257999999999983e-02 2.762240000000000008e-03
2.514000000000000057e+01 4.415427999999999714e-02 6.779147999999999598e-03
2.514000000000000057e+01 6.232185999999999976e-02 1.432374999999999968e-02
2.514000000000000057e+01 9.020585000000000409e-02 2.060891999999999932e-02
2.514000000000000057e+01 1.352297000000000082e-01 3.657600999999999908e-02
2.514000000000000057e+01 2.038964000000000054e-01 5.892048999999999898e-02
2.514000000000000057e+01 3.056348999999999871e-01 8.584720999999999325e-02
2.514000000000000057e+01 4.586450999999999723e-01 1.190584999999999977e-01
2.514000000000000057e+01 6.883943999999999619e-01 1.557349000000000094e-01
2.514000000000000057e+01 1.032767999999999908e+00 1.814028000000000029e-01
2.514000000000000057e+01 1.549323000000000006e+00 2.094145000000000034e-01
2.514000000000000057e+01 2.237315999999999860e+00 2.721244999999999914e-01
2.514000000000000057e+01 2.922752000000000017e+00 3.317905999999999911e-01
2.644000000000000128e+01 2.628257999999999983e-02 3.133382000000000094e-03
2.644000000000000128e+01 4.415427999999999714e-02 7.871204999999999175e-03
2.644000000000000128e+01 6.232185999999999976e-02 1.721251000000000031e-02
2.644000000000000128e+01 9.020585000000000409e-02 2.530926000000000009e-02
2.644000000000000128e+01 1.352297000000000082e-01 4.546784999999999716e-02
2.644000000000000128e+01 2.038964000000000054e-01 7.308842000000000116e-02
2.644000000000000128e+01 3.056348999999999871e-01 1.081629999999999953e-01
2.644000000000000128e+01 4.586450999999999723e-01 1.500141000000000113e-01
2.644000000000000128e+01 6.883943999999999619e-01 1.993479999999999974e-01
2.644000000000000128e+01 1.032767999999999908e+00 2.354271000000000003e-01
2.644000000000000128e+01 1.549323000000000006e+00 2.591431000000000151e-01
2.644000000000000128e+01 2.237315999999999860e+00 3.109403000000000028e-01
2.644000000000000128e+01 2.922752000000000017e+00 3.624932000000000154e-01
2.782000000000000028e+01 2.628257999999999983e-02 4.407735999999999772e-03
2.782000000000000028e+01 4.415427999999999714e-02 1.111411999999999990e-02
2.782000000000000028e+01 6.232185999999999976e-02 2.479703999999999936e-02
2.782000000000000028e+01 9.020585000000000409e-02 3.657599999999999740e-02
2.782000000000000028e+01 1.352297000000000082e-01 6.612300999999999596e-02
2.782000000000000028e+01 2.038964000000000054e-01 1.061470999999999942e-01
2.782000000000000028e+01 3.056348999999999871e-01 1.583764000000000005e-01
2.782000000000000028e+01 4.586450999999999723e-01 2.202455000000000107e-01
2.782000000000000028e+01 6.883943999999999619e-01 2.954262000000000277e-01
2.782000000000000028e+01 1.032767999999999908e+00 3.527551999999999910e-01
2.782000000000000028e+01 1.549323000000000006e+00 3.883673000000000264e-01
2.782000000000000028e+01 2.237315999999999860e+00 4.479774000000000256e-01
2.782000000000000028e+01 2.922752000000000017e+00 5.083404000000000256e-01
2.926000000000000156e+01 2.628257999999999983e-02 6.426460000000000158e-03
2.926000000000000156e+01 4.415427999999999714e-02 1.621037000000000172e-02
2.926000000000000156e+01 6.232185999999999976e-02 3.652886999999999801e-02
2.926000000000000156e+01 9.020585000000000409e-02 5.378916999999999726e-02
2.926000000000000156e+01 1.352297000000000082e-01 9.753448000000000673e-02
2.926000000000000156e+01 2.038964000000000054e-01 1.563914999999999889e-01
2.926000000000000156e+01 3.056348999999999871e-01 2.345866000000000062e-01
2.926000000000000156e+01 4.586450999999999723e-01 3.284362000000000115e-01
2.926000000000000156e+01 6.883943999999999619e-01 4.435980999999999952e-01
2.926000000000000156e+01 1.032767999999999908e+00 5.355474000000000068e-01
2.926000000000000156e+01 1.549323000000000006e+00 5.979957999999999663e-01
2.926000000000000156e+01 2.237315999999999860e+00 6.911439000000000332e-01
2.926000000000000156e+01 2.922752000000000017e+00 7.940112000000000281e-01
3.076999999999999957e+01 2.628257999999999983e-02 9.289472999999999481e-03
3.076999999999999957e+01 4.415427999999999714e-02 2.334233999999999962e-02
3.076999999999999957e+01 6.232185999999999976e-02 5.293856000000000256e-02
3.076999999999999957e+01 9.020585000000000409e-02 7.779279999999999529e-02
3.076999999999999957e+01 1.352297000000000082e-01 1.411632999999999916e-01
3.076999999999999957e+01 2.038964000000000054e-01 2.268846999999999947e-01
3.076999999999999957e+01 3.056348999999999871e-01 3.414106000000000085e-01
3.076999999999999957e+01 4.586450999999999723e-01 4.823508000000000240e-01
3.076999999999999957e+01 6.883943999999999619e-01 6.575942000000000176e-01
3.076999999999999957e+01 1.032767999999999908e+00 8.024797000000000180e-01
3.076999999999999957e+01 1.549323000000000006e+00 9.146052000000000071e-01
3.076999999999999957e+01 2.237315999999999860e+00 1.077348999999999890e+00
3.076999999999999957e+01 2.922752000000000017e+00 1.253935999999999940e+00
3.235999999999999943e+01 2.628257999999999983e-02 1.295491999999999998e-02
3.235999999999999943e+01 4.415427999999999714e-02 3.269325000000000009e-02
3.235999999999999943e+01 6.232185999999999976e-02 7.496374999999999567e-02
3.235999999999999943e+01 9.020585000000000409e-02 1.096866999999999981e-01
3.235999999999999943e+01 1.352297000000000082e-01 1.992550999999999906e-01
3.235999999999999943e+01 2.038964000000000054e-01 3.206669999999999798e-01
3.235999999999999943e+01 3.056348999999999871e-01 4.846446999999999838e-01
3.235999999999999943e+01 4.586450999999999723e-01 6.919777000000000289e-01
3.235999999999999943e+01 6.883943999999999619e-01 9.496729000000000420e-01
3.235999999999999943e+01 1.032767999999999908e+00 1.166814000000000018e+00
3.235999999999999943e+01 1.549323000000000006e+00 1.353099999999999969e+00
3.235999999999999943e+01 2.237315999999999860e+00 1.624122999999999983e+00
3.235999999999999943e+01 2.922752000000000017e+00 1.941546999999999912e+00
3.403000000000000114e+01 2.628257999999999983e-02 2.074591999999999992e+00
3.403000000000000114e+01 4.415427999999999714e-02 5.195852999999999611e+00
3.403000000000000114e+01 6.232185999999999976e-02 1.405363999999999969e+01
3.403000000000000114e+01 9.020585000000000409e-02 1.999453000000000102e+01
3.403000000000000114e+01 1.352297000000000082e-01 3.689829999999999899e+01
3.403000000000000114e+01 2.038964000000000054e-01 6.078620999999999697e+01
3.403000000000000114e+01 3.056348999999999871e-01 9.836826000000000647e+01
3.403000000000000114e+01 4.586450999999999723e-01 1.619234999999999900e+02
3.403000000000000114e+01 6.883943999999999619e-01 2.639739000000000146e+02
3.403000000000000114e+01 1.032767999999999908e+00 3.941485999999999876e+02
3.403000000000000114e+01 1.549323000000000006e+00 5.675887000000000171e+02
3.403000000000000114e+01 2.237315999999999860e+00 8.091939999999999600e+02
3.403000000000000114e+01 2.922752000000000017e+00 1.066002999999999929e+03
6.000000000000000000e+00 2.628257999999999983e-02 3.412290000000000045e-01
6.000000000000000000e+00 4.415427999999999714e-02 8.868732999999999755e-01
6.000000000000000000e+00 6.232185999999999976e-02 1.576616999999999935e+00
6.000000000000000000e+00 9.020585000000000409e-02 2.824466999999999839e+00
6.000000000000000000e+00 1.352297000000000082e-01 4.717715000000000103e+00
6.000000000000000000e+00 2.038964000000000054e-01 3.599174000000000095e+00
6.000000000000000000e+00 3.056348999999999871e-01 3.080982999999999805e+00
6.000000000000000000e+00 4.586450999999999723e-01 2.487518999999999814e+00
6.000000000000000000e+00 6.883943999999999619e-01 2.216038000000000174e+00
6.000000000000000000e+00 1.032767999999999908e+00 2.143037000000000081e+00
6.000000000000000000e+00 1.549323000000000006e+00 2.515150999999999915e+00
6.000000000000000000e+00 2.237315999999999860e+00 3.872481000000000062e+00
6.000000000000000000e+00 2.922752000000000017e+00 6.179021999999999792e+00
6.349999999999999645e+00 2.628257999999999983e-02 6.540943999999999647e-01
6.349999999999999645e+00 4.415427999999999714e-02 1.687484999999999902e+00
6.349999999999999645e+00 6.232185999999999976e-02 3.096893999999999814e+00
6.349999999999999645e+00 9.020585000000000409e-02 5.373223999999999556e+00
6.349999999999999645e+00 1.352297000000000082e-01 8.838032999999999362e+00
6.349999999999999645e+00 2.038964000000000054e-01 6.529645999999999617e+00
6.349999999999999645e+00 3.056348999999999871e-01 5.695755000000000123e+00
6.349999999999999645e+00 4.586450999999999723e-01 4.787082999999999977e+00
6.349999999999999645e+00 6.883943999999999619e-01 4.301166000000000267e+00
6.349999999999999645e+00 1.032767999999999908e+00 4.235356000000000343e+00
6.349999999999999645e+00 1.549323000000000006e+00 4.929336000000000162e+00
6.349999999999999645e+00 2.237315999999999860e+00 7.622213000000000349e+00
6.349999999999999645e+00 2.922752000000000017e+00 1.218985999999999947e+01
6.719999999999999751e+00 2.628257999999999983e-02 1.009160000000000057e+00
6.719999999999999751e+00 4.415427999999999714e-02 2.548970999999999876e+00
6.719999999999999751e+00 6.232185999999999976e-02 4.714674999999999727e+00
6.719999999999999751e+00 9.020585000000000409e-02 7.898159999999999847e+00
6.719999999999999751e+00 1.352297000000000082e-01 1.358646000000000065e+01
6.719999999999999751e+00 2.038964000000000054e-01 1.101962999999999937e+01
6.719999999999999751e+00 3.056348999999999871e-01 9.415022000000000446e+00
6.719999999999999751e+00 4.586450999999999723e-01 8.084671000000000163e+00
6.719999999999999751e+00 6.883943999999999619e-01 7.422325999999999979e+00
6.719999999999999751e+00 1.032767999999999908e+00 7.410744000000000220e+00
6.719999999999999751e+00 1.549323000000000006e+00 8.647783999999999693e+00
6.719999999999999751e+00 2.237315999999999860e+00 1.332163000000000075e+01
6.719999999999999751e+00 2.922752000000000017e+00 2.137460000000000093e+01
7.099999999999999645e+00 2.628257999999999983e-02 1.147664999999999935e+00
7.099999999999999645e+00 4.415427999999999714e-02 3.148338999999999999e+00
7.099999999999999645e+00 6.232185999999999976e-02 5.970330999999999833e+00
7.099999999999999645e+00 9.020585000000000409e-02 9.752511000000000152e+00
7.099999999999999645e+00 1.352297000000000082e-01 1.702349999999999852e+01
7.099999999999999645e+00 2.038964000000000054e-01 1.584580000000000055e+01
7.099999999999999645e+00 3.056348999999999871e-01 1.352633999999999936e+01
7.099999999999999645e+00 4.586450999999999723e-01 1.195126999999999917e+01
7.099999999999999645e+00 6.883943999999999619e-01 1.129465000000000074e+01
7.099999999999999645e+00 1.032767999999999908e+00 1.153389999999999915e+01
7.099999999999999645e+00 1.549323000000000006e+00 1.354423000000000066e+01
7.099999999999999645e+00 2.237315999999999860e+00 2.090558000000000050e+01
7.099999999999999645e+00 2.922752000000000017e+00 3.322469999999999857e+01
7.509999999999999787e+00 2.628257999999999983e-02 1.088049000000000044e+00
7.509999999999999787e+00 4.415427999999999714e-02 3.222142999999999979e+00
7.509999999999999787e+00 6.232185999999999976e-02 6.268531000000000297e+00
7.509999999999999787e+00 9.020585000000000409e-02 9.880426999999999182e+00
7.509999999999999787e+00 1.352297000000000082e-01 1.792294000000000054e+01
7.509999999999999787e+00 2.038964000000000054e-01 1.933829000000000065e+01
7.509999999999999787e+00 3.056348999999999871e-01 1.749074999999999847e+01
7.509999999999999787e+00 4.586450999999999723e-01 1.601266999999999996e+01
7.509999999999999787e+00 6.883943999999999619e-01 1.543551000000000073e+01
7.509999999999999787e+00 1.032767999999999908e+00 1.613370000000000104e+01
7.509999999999999787e+00 1.549323000000000006e+00 1.913115000000000165e+01
7.509999999999999787e+00 2.237315999999999860e+00 2.969865000000000066e+01
7.509999999999999787e+00 2.922752000000000017e+00 4.688179000000000229e+01
7.929999999999999716e+00 2.628257999999999983e-02 8.885948000000000180e-01
7.929999999999999716e+00 4.415427999999999714e-02 2.807573999999999792e+00
7.929999999999999716e+00 6.232185999999999976e-02 5.221983999999999959e+00
7.929999999999999716e+00 9.020585000000000409e-02 8.199448000000000292e+00
7.929999999999999716e+00 1.352297000000000082e-01 1.598581000000000074e+01
7.929999999999999716e+00 2.038964000000000054e-01 2.026206000000000174e+01
7.929999999999999716e+00 3.056348999999999871e-01 2.002534999999999954e+01
7.929999999999999716e+00 4.586450999999999723e-01 1.940118999999999971e+01
7.929999999999999716e+00 6.883943999999999619e-01 1.939815000000000111e+01
7.929999999999999716e+00 1.032767999999999908e+00 2.065295000000000059e+01
7.929999999999999716e+00 1.549323000000000006e+00 2.484078999999999837e+01
7.929999999999999716e+00 2.237315999999999860e+00 3.865402000000000271e+01
7.929999999999999716e+00 2.922752000000000017e+00 6.070667000000000257e+01
8.380000000000000782e+00 2.628257999999999983e-02 6.186926000000000370e-01
8.380000000000000782e+00 4.415427999999999714e-02 1.994785999999999948e+00
8.380000000000000782e+00 6.232185999999999976e-02 3.558307999999999804e+00
8.380000000000000782e+00 9.020585000000000409e-02 5.730506000000000100e+00
8.380000000000000782e+00 1.352297000000000082e-01 1.195921000000000056e+01
8.380000000000000782e+00 2.038964000000000054e-01 1.839630000000000010e+01
8.380000000000000782e+00 3.056348999999999871e-01 2.056782000000000110e+01
8.380000000000000782e+00 4.586450999999999723e-01 2.157010999999999967e+01
8.380000000000000782e+00 6.883943999999999619e-01 2.257012999999999892e+01
8.380000000000000782e+00 1.032767999999999908e+00 2.467689000000000021e+01
8.380000000000000782e+00 1.549323000000000006e+00 3.004666999999999888e+01
8.380000000000000782e+00 2.237315999999999860e+00 4.671598000000000184e+01
8.380000000000000782e+00 2.922752000000000017e+00 7.289037000000000432e+01
8.849999999999999645e+00 2.628257999999999983e-02 3.227586000000000066e-01
8.849999999999999645e+00 4.415427999999999714e-02 1.173605000000000009e+00
8.849999999999999645e+00 6.232185999999999976e-02 2.068296000000000134e+00
8.849999999999999645e+00 9.020585000000000409e-02 3.533749999999999947e+00
8.849999999999999645e+00 1.352297000000000082e-01 7.829597999999999836e+00
8.849999999999999645e+00 2.038964000000000054e-01 1.454102999999999923e+01
8.849999999999999645e+00 3.056348999999999871e-01 1.879733999999999838e+01
8.849999999999999645e+00 4.586450999999999723e-01 2.204012000000000171e+01
8.849999999999999645e+00 6.883943999999999619e-01 2.444961999999999946e+01
8.849999999999999645e+00 1.032767999999999908e+00 2.756641000000000119e+01
8.849999999999999645e+00 1.549323000000000006e+00 3.406295000000000073e+01
8.849999999999999645e+00 2.237315999999999860e+00 5.299401000000000295e+01
8.849999999999999645e+00 2.922752000000000017e+00 8.150620000000000687e+01
9.339999999999999858e+00 2.628257999999999983e-02 1.218523999999999996e-01
9.339999999999999858e+00 4.415427999999999714e-02 5.686774999999999469e-01
9.339999999999999858e+00 6.232185999999999976e-02 1.088316999999999979e+00
9.339999999999999858e+00 9.020585000000000409e-02 2.091975000000000140e+00
9.339999999999999858e+00 1.352297000000000082e-01 5.027477000000000196e+00
9.339999999999999858e+00 2.038964000000000054e-01 1.040108999999999995e+01
9.339999999999999858e+00 3.056348999999999871e-01 1.575559999999999938e+01
9.339999999999999858e+00 4.586450999999999723e-01 2.093575999999999837e+01
9.339999999999999858e+00 6.883943999999999619e-01 2.498973000000000155e+01
9.339999999999999858e+00 1.032767999999999908e+00 2.926758999999999844e+01
9.339999999999999858e+00 1.549323000000000006e+00 3.668451000000000306e+01
9.339999999999999858e+00 2.237315999999999860e+00 5.673700999999999794e+01
9.339999999999999858e+00 2.922752000000000017e+00 8.616697999999999524e+01
9.859999999999999432e+00 2.628257999999999983e-02 3.961781000000000330e-02
9.859999999999999432e+00 4.415427999999999714e-02 2.173670000000000047e-01
9.859999999999999432e+00 6.232185999999999976e-02 5.702901000000000220e-01
9.859999999999999432e+00 9.020585000000000409e-02 1.288121999999999989e+00
9.859999999999999432e+00 1.352297000000000082e-01 3.238806999999999992e+00
9.859999999999999432e+00 2.038964000000000054e-01 7.142297000000000118e+00
9.859999999999999432e+00 3.056348999999999871e-01 1.245369999999999955e+01
9.859999999999999432e+00 4.586450999999999723e-01 1.891378999999999877e+01
9.859999999999999432e+00 6.883943999999999619e-01 2.435257000000000005e+01
9.859999999999999432e+00 1.032767999999999908e+00 2.953539999999999921e+01
9.859999999999999432e+00 1.549323000000000006e+00 3.770819999999999794e+01
9.859999999999999432e+00 2.237315999999999860e+00 5.808834999999999837e+01
9.859999999999999432e+00 2.922752000000000017e+00 8.675817999999999586e+01
