1.948000000000000043e+01 2.628257999999999983e-02 3.214405000000000001e+01
1.948000000000000043e+01 4.415427999999999714e-02 3.979166000000000025e+01
1.948000000000000043e+01 6.232185999999999976e-02 5.730601000000000056e+01
1.948000000000000043e+01 9.020585000000000409e-02 5.782128000000000156e+01
1.948000000000000043e+01 1.352297000000000082e-01 7.167610000000000525e+01
1.948000000000000043e+01 2.038964000000000054e-01 9.473123999999999967e+01
1.948000000000000043e+01 3.056348999999999871e-01 1.364733999999999980e+02
1.948000000000000043e+01 4.586450999999999723e-01 1.963026999999999873e+02
1.948000000000000043e+01 6.883943999999999619e-01 2.989227999999999952e+02
1.948000000000000043e+01 1.032767999999999908e+00 4.726173999999999751e+02
1.948000000000000043e+01 1.549323000000000006e+00 7.511581999999999653e+02
1.948000000000000043e+01 2.237315999999999860e+00 9.637215999999999667e+02
1.948000000000000043e+01 2.922752000000000017e+00 9.695472999999999502e+02
