1.948000000000000043e+01 2.628257999999999983e-02 2.543554000000000093e-01
1.948000000000000043e+01 4.415427999999999714e-02 2.788681000000000076e-01
1.948000000000000043e+01 6.232185999999999976e-02 4.181823000000000068e-01
1.948000000000000043e+01 9.020585000000000409e-02 4.334549999999999792e-01
1.948000000000000043e+01 1.352297000000000082e-01 5.932315999999999701e-01
1.948000000000000043e+01 2.038964000000000054e-01 8.665933999999999582e-01
1.948000000000000043e+01 3.056348999999999871e-01 1.402230000000000087e+00
1.948000000000000043e+01 4.586450999999999723e-01 2.211180999999999841e+00
1.948000000000000043e+01 6.883943999999999619e-01 3.514473000000000180e+00
1.948000000000000043e+01 1.032767999999999908e+00 5.478462999999999639e+00
1.948000000000000043e+01 1.549323000000000006e+00 8.450015999999999750e+00
1.948000000000000043e+01 2.237315999999999860e+00 1.136922999999999995e+01
1.948000000000000043e+01 2.922752000000000017e+00 1.319551000000000052e+01
