1.948000000000000043e+01 2.628257999999999983e-02 2.580735999999999919e+00
1.948000000000000043e+01 4.415427999999999714e-02 3.957469999999999821e+00
1.948000000000000043e+01 6.232185999999999976e-02 6.156171999999999755e+00
1.948000000000000043e+01 9.020585000000000409e-02 6.302584999999999660e+00
1.948000000000000043e+01 1.352297000000000082e-01 7.737541000000000224e+00
1.948000000000000043e+01 2.038964000000000054e-01 8.904519000000000517e+00
1.948000000000000043e+01 3.056348999999999871e-01 9.923695999999999628e+00
1.948000000000000043e+01 4.586450999999999723e-01 1.164583999999999975e+01
1.948000000000000043e+01 6.883943999999999619e-01 1.606547000000000125e+01
1.948000000000000043e+01 1.032767999999999908e+00 2.549108999999999980e+01
1.948000000000000043e+01 1.549323000000000006e+00 4.164602000000000004e+01
1.948000000000000043e+01 2.237315999999999860e+00 5.371265999999999963e+01
1.948000000000000043e+01 2.922752000000000017e+00 5.356951999999999714e+01
