1.757000000000000028e+01 2.628257999999999983e-02 2.284298999999999913e-01
1.757000000000000028e+01 4.415427999999999714e-02 6.988347999999999782e-01
1.757000000000000028e+01 6.232185999999999976e-02 1.116300999999999988e+00
1.757000000000000028e+01 9.020585000000000409e-02 1.405032000000000059e+00
1.757000000000000028e+01 1.352297000000000082e-01 1.904239000000000015e+00
1.757000000000000028e+01 2.038964000000000054e-01 2.198218999999999923e+00
1.757000000000000028e+01 3.056348999999999871e-01 2.338674000000000142e+00
1.757000000000000028e+01 4.586450999999999723e-01 2.978477999999999959e+00
1.757000000000000028e+01 6.883943999999999619e-01 4.129026999999999781e+00
1.757000000000000028e+01 1.032767999999999908e+00 6.176674000000000220e+00
1.757000000000000028e+01 1.549323000000000006e+00 9.855615999999999488e+00
1.757000000000000028e+01 2.237315999999999860e+00 1.458357999999999954e+01
1.757000000000000028e+01 2.922752000000000017e+00 1.869153000000000020e+01
