1.948000000000000043e+01 2.628257999999999983e-02 3.214276999999999873e+01
1.948000000000000043e+01 4.415427999999999714e-02 3.978981000000000279e+01
1.948000000000000043e+01 6.232185999999999976e-02 5.730346999999999724e+01
1.948000000000000043e+01 9.020585000000000409e-02 5.781915999999999656e+01
1.948000000000000043e+01 1.352297000000000082e-01 7.167432999999999765e+01
1.948000000000000043e+01 2.038964000000000054e-01 9.473014000000000578e+01
1.948000000000000043e+01 3.056348999999999871e-01 1.364727000000000032e+02
1.948000000000000043e+01 4.586450999999999723e-01 1.963014000000000010e+02
1.948000000000000043e+01 6.883943999999999619e-01 2.989205999999999790e+02
1.948000000000000043e+01 1.032767999999999908e+00 4.726139000000000010e+02
1.948000000000000043e+01 1.549323000000000006e+00 7.511521999999999935e+02
1.948000000000000043e+01 2.237315999999999860e+00 9.637138999999999669e+02
1.948000000000000043e+01 2.922752000000000017e+00 9.695394999999999754e+02
