1.040000000000000036e+01 2.628257999999999983e-02 3.798283000000000076e+00
1.040000000000000036e+01 4.415427999999999714e-02 6.032216000000000022e+00
1.040000000000000036e+01 6.232185999999999976e-02 6.877042000000000321e+00
1.040000000000000036e+01 9.020585000000000409e-02 6.538083000000000311e+00
1.040000000000000036e+01 1.352297000000000082e-01 6.863484999999999836e+00
1.040000000000000036e+01 2.038964000000000054e-01 6.903173999999999921e+00
1.040000000000000036e+01 3.056348999999999871e-01 6.948877000000000415e+00
1.040000000000000036e+01 4.586450999999999723e-01 6.595698999999999756e+00
1.040000000000000036e+01 6.883943999999999619e-01 6.374187000000000047e+00
1.040000000000000036e+01 1.032767999999999908e+00 6.396296000000000426e+00
1.040000000000000036e+01 1.549323000000000006e+00 7.497030999999999779e+00
1.040000000000000036e+01 2.237315999999999860e+00 1.139737000000000045e+01
1.040000000000000036e+01 2.922752000000000017e+00 1.722578000000000031e+01
1.097000000000000064e+01 2.628257999999999983e-02 1.052396000000000065e+01
1.097000000000000064e+01 4.415427999999999714e-02 1.798042999999999836e+01
1.097000000000000064e+01 6.232185999999999976e-02 2.115399000000000029e+01
1.097000000000000064e+01 9.020585000000000409e-02 2.024168999999999841e+01
1.097000000000000064e+01 1.352297000000000082e-01 2.158708999999999989e+01
1.097000000000000064e+01 2.038964000000000054e-01 2.321019000000000077e+01
1.097000000000000064e+01 3.056348999999999871e-01 2.486316000000000059e+01
1.097000000000000064e+01 4.586450999999999723e-01 2.603593000000000046e+01
1.097000000000000064e+01 6.883943999999999619e-01 2.703315999999999875e+01
1.097000000000000064e+01 1.032767999999999908e+00 2.871330999999999989e+01
1.097000000000000064e+01 1.549323000000000006e+00 3.531257000000000090e+01
1.097000000000000064e+01 2.237315999999999860e+00 5.438727000000000089e+01
1.097000000000000064e+01 2.922752000000000017e+00 8.159232000000000085e+01
1.157000000000000028e+01 2.628257999999999983e-02 2.236308000000000007e+01
1.157000000000000028e+01 4.415427999999999714e-02 3.917898000000000280e+01
1.157000000000000028e+01 6.232185999999999976e-02 4.698736000000000246e+01
1.157000000000000028e+01 9.020585000000000409e-02 4.477125999999999806e+01
1.157000000000000028e+01 1.352297000000000082e-01 4.669111999999999796e+01
1.157000000000000028e+01 2.038964000000000054e-01 4.974893000000000143e+01
1.157000000000000028e+01 3.056348999999999871e-01 5.525462999999999880e+01
1.157000000000000028e+01 4.586450999999999723e-01 6.299199000000000126e+01
1.157000000000000028e+01 6.883943999999999619e-01 7.126860000000000639e+01
1.157000000000000028e+01 1.032767999999999908e+00 8.107323999999999842e+01
1.157000000000000028e+01 1.549323000000000006e+00 1.047533999999999992e+02
1.157000000000000028e+01 2.237315999999999860e+00 1.639530000000000030e+02
1.157000000000000028e+01 2.922752000000000017e+00 2.431622000000000128e+02
1.219999999999999929e+01 2.628257999999999983e-02 3.866597000000000151e+01
1.219999999999999929e+01 4.415427999999999714e-02 6.860054999999999836e+01
1.219999999999999929e+01 6.232185999999999976e-02 8.238661000000000456e+01
1.219999999999999929e+01 9.020585000000000409e-02 7.845378999999999792e+01
1.219999999999999929e+01 1.352297000000000082e-01 7.993295999999999424e+01
1.219999999999999929e+01 2.038964000000000054e-01 8.265063000000000670e+01
1.219999999999999929e+01 3.056348999999999871e-01 9.294890999999999792e+01
1.219999999999999929e+01 4.586450999999999723e-01 1.158245000000000005e+02
1.219999999999999929e+01 6.883943999999999619e-01 1.432533999999999992e+02
1.219999999999999929e+01 1.032767999999999908e+00 1.757035999999999945e+02
1.219999999999999929e+01 1.549323000000000006e+00 2.400661000000000058e+02
1.219999999999999929e+01 2.237315999999999860e+00 3.793722999999999956e+02
1.219999999999999929e+01 2.922752000000000017e+00 5.525861999999999625e+02
1.285999999999999943e+01 2.628257999999999983e-02 5.465612999999999744e+01
1.285999999999999943e+01 4.415427999999999714e-02 9.820560999999999297e+01
1.285999999999999943e+01 6.232185999999999976e-02 1.176046000000000049e+02
1.285999999999999943e+01 9.020585000000000409e-02 1.123960000000000008e+02
1.285999999999999943e+01 1.352297000000000082e-01 1.136754999999999995e+02
1.285999999999999943e+01 2.038964000000000054e-01 1.149091999999999985e+02
1.285999999999999943e+01 3.056348999999999871e-01 1.314747999999999877e+02
1.285999999999999943e+01 4.586450999999999723e-01 1.777923999999999864e+02
1.285999999999999943e+01 6.883943999999999619e-01 2.392424000000000035e+02
1.285999999999999943e+01 1.032767999999999908e+00 3.174891999999999825e+02
1.285999999999999943e+01 1.549323000000000006e+00 4.586809999999999832e+02
1.285999999999999943e+01 2.237315999999999860e+00 7.288913000000000011e+02
1.285999999999999943e+01 2.922752000000000017e+00 1.040133000000000038e+03
1.355000000000000071e+01 2.628257999999999983e-02 6.253054999999999808e+01
1.355000000000000071e+01 4.415427999999999714e-02 1.136428999999999974e+02
1.355000000000000071e+01 6.232185999999999976e-02 1.354491999999999905e+02
1.355000000000000071e+01 9.020585000000000409e-02 1.299018000000000086e+02
1.355000000000000071e+01 1.352297000000000082e-01 1.328126000000000033e+02
1.355000000000000071e+01 2.038964000000000054e-01 1.356346000000000060e+02
1.355000000000000071e+01 3.056348999999999871e-01 1.624907000000000039e+02
1.355000000000000071e+01 4.586450999999999723e-01 2.387938000000000045e+02
1.355000000000000071e+01 6.883943999999999619e-01 3.489413999999999874e+02
1.355000000000000071e+01 1.032767999999999908e+00 4.976320999999999799e+02
1.355000000000000071e+01 1.549323000000000006e+00 7.610946999999999889e+02
1.355000000000000071e+01 2.237315999999999860e+00 1.212015000000000100e+03
1.355000000000000071e+01 2.922752000000000017e+00 1.691384999999999991e+03
1.427999999999999936e+01 2.628257999999999983e-02 5.635159000000000162e+01
1.427999999999999936e+01 4.415427999999999714e-02 1.043234000000000066e+02
1.427999999999999936e+01 6.232185999999999976e-02 1.218528000000000020e+02
1.427999999999999936e+01 9.020585000000000409e-02 1.187938000000000045e+02
1.427999999999999936e+01 1.352297000000000082e-01 1.258901000000000039e+02
1.427999999999999936e+01 2.038964000000000054e-01 1.370638999999999896e+02
1.427999999999999936e+01 3.056348999999999871e-01 1.804089999999999918e+02
1.427999999999999936e+01 4.586450999999999723e-01 2.913586000000000240e+02
1.427999999999999936e+01 6.883943999999999619e-01 4.577287999999999784e+02
1.427999999999999936e+01 1.032767999999999908e+00 6.944369000000000369e+02
1.427999999999999936e+01 1.549323000000000006e+00 1.105130000000000109e+03
1.427999999999999936e+01 2.237315999999999860e+00 1.739114000000000033e+03
1.427999999999999936e+01 2.922752000000000017e+00 2.346119000000000142e+03
1.505000000000000071e+01 2.628257999999999983e-02 3.822182999999999709e+01
1.505000000000000071e+01 4.415427999999999714e-02 7.250459999999999638e+01
1.505000000000000071e+01 6.232185999999999976e-02 8.163372999999999990e+01
1.505000000000000071e+01 9.020585000000000409e-02 8.212731999999999744e+01
1.505000000000000071e+01 1.352297000000000082e-01 9.552997000000000583e+01
1.505000000000000071e+01 2.038964000000000054e-01 1.224809999999999945e+02
1.505000000000000071e+01 3.056348999999999871e-01 1.881354000000000042e+02
1.505000000000000071e+01 4.586450999999999723e-01 3.323944000000000187e+02
1.505000000000000071e+01 6.883943999999999619e-01 5.528808999999999969e+02
1.505000000000000071e+01 1.032767999999999908e+00 8.836259000000000015e+02
1.505000000000000071e+01 1.549323000000000006e+00 1.449559999999999945e+03
1.505000000000000071e+01 2.237315999999999860e+00 2.227338999999999942e+03
1.505000000000000071e+01 2.922752000000000017e+00 2.916512999999999920e+03
1.584999999999999964e+01 2.628257999999999983e-02 1.844163999999999959e+01
1.584999999999999964e+01 4.415427999999999714e-02 3.621464999999999890e+01
1.584999999999999964e+01 6.232185999999999976e-02 3.883008999999999844e+01
1.584999999999999964e+01 9.020585000000000409e-02 4.282139000000000095e+01
1.584999999999999964e+01 1.352297000000000082e-01 6.262809000000000026e+01
1.584999999999999964e+01 2.038964000000000054e-01 1.055220999999999947e+02
1.584999999999999964e+01 3.056348999999999871e-01 1.939498000000000104e+02
1.584999999999999964e+01 4.586450999999999723e-01 3.631293000000000006e+02
1.584999999999999964e+01 6.883943999999999619e-01 6.278319999999999936e+02
1.584999999999999964e+01 1.032767999999999908e+00 1.040057999999999993e+03
1.584999999999999964e+01 1.549323000000000006e+00 1.754950000000000045e+03
1.584999999999999964e+01 2.237315999999999860e+00 2.640719000000000051e+03
1.584999999999999964e+01 2.922752000000000017e+00 3.353514000000000124e+03
1.669000000000000128e+01 2.628257999999999983e-02 5.714812000000000225e+00
1.669000000000000128e+01 4.415427999999999714e-02 1.203092999999999968e+01
1.669000000000000128e+01 6.232185999999999976e-02 1.498497000000000057e+01
1.669000000000000128e+01 9.020585000000000409e-02 2.151557000000000031e+01
1.669000000000000128e+01 1.352297000000000082e-01 4.744239000000000317e+01
1.669000000000000128e+01 2.038964000000000054e-01 1.016226000000000056e+02
1.669000000000000128e+01 3.056348999999999871e-01 2.058045999999999935e+02
1.669000000000000128e+01 4.586450999999999723e-01 3.846707000000000107e+02
1.669000000000000128e+01 6.883943999999999619e-01 6.726024999999999636e+02
1.669000000000000128e+01 1.032767999999999908e+00 1.146034000000000106e+03
1.669000000000000128e+01 1.549323000000000006e+00 1.960248000000000047e+03
1.669000000000000128e+01 2.237315999999999860e+00 2.898543000000000120e+03
1.669000000000000128e+01 2.922752000000000017e+00 3.583478000000000065e+03
1.757000000000000028e+01 2.628257999999999983e-02 9.777392000000000305e-01
1.757000000000000028e+01 4.415427999999999714e-02 3.286296000000000106e+00
1.757000000000000028e+01 6.232185999999999976e-02 1.223517999999999972e+01
1.757000000000000028e+01 9.020585000000000409e-02 2.168302999999999869e+01
1.757000000000000028e+01 1.352297000000000082e-01 5.390708000000000055e+01
1.757000000000000028e+01 2.038964000000000054e-01 1.134324000000000012e+02
1.757000000000000028e+01 3.056348999999999871e-01 2.232675999999999874e+02
1.757000000000000028e+01 4.586450999999999723e-01 3.989728000000000065e+02
1.757000000000000028e+01 6.883943999999999619e-01 6.914524999999999864e+02
1.757000000000000028e+01 1.032767999999999908e+00 1.193848999999999933e+03
1.757000000000000028e+01 1.549323000000000006e+00 2.042965999999999894e+03
1.757000000000000028e+01 2.237315999999999860e+00 2.939311000000000149e+03
1.757000000000000028e+01 2.922752000000000017e+00 3.538878000000000156e+03
1.850000000000000000e+01 2.628257999999999983e-02 1.275126999999999899e+00
1.850000000000000000e+01 4.415427999999999714e-02 4.282174000000000369e+00
1.850000000000000000e+01 6.232185999999999976e-02 2.104532000000000025e+01
1.850000000000000000e+01 9.020585000000000409e-02 3.316543000000000063e+01
1.850000000000000000e+01 1.352297000000000082e-01 7.182733000000000345e+01
1.850000000000000000e+01 2.038964000000000054e-01 1.339157999999999902e+02
1.850000000000000000e+01 3.056348999999999871e-01 2.396821999999999946e+02
1.850000000000000000e+01 4.586450999999999723e-01 4.040625000000000000e+02
1.850000000000000000e+01 6.883943999999999619e-01 6.885261000000000422e+02
1.850000000000000000e+01 1.032767999999999908e+00 1.189260999999999967e+03
1.850000000000000000e+01 1.549323000000000006e+00 2.023032999999999902e+03
1.850000000000000000e+01 2.237315999999999860e+00 2.838235999999999876e+03
1.850000000000000000e+01 2.922752000000000017e+00 3.308380000000000109e+03
1.948000000000000043e+01 2.628257999999999983e-02 3.506263000000000130e+00
1.948000000000000043e+01 4.415427999999999714e-02 8.883048000000000499e+00
1.948000000000000043e+01 6.232185999999999976e-02 3.175075000000000003e+01
1.948000000000000043e+01 9.020585000000000409e-02 4.641478000000000037e+01
1.948000000000000043e+01 1.352297000000000082e-01 8.914466000000000179e+01
1.948000000000000043e+01 2.038964000000000054e-01 1.519628999999999905e+02
1.948000000000000043e+01 3.056348999999999871e-01 2.488423999999999978e+02
1.948000000000000043e+01 4.586450999999999723e-01 3.968679999999999950e+02
1.948000000000000043e+01 6.883943999999999619e-01 6.654171000000000049e+02
1.948000000000000043e+01 1.032767999999999908e+00 1.143726000000000113e+03
1.948000000000000043e+01 1.549323000000000006e+00 1.912306000000000040e+03
1.948000000000000043e+01 2.237315999999999860e+00 2.621630000000000109e+03
1.948000000000000043e+01 2.922752000000000017e+00 2.992507999999999811e+03
2.050000000000000000e+01 2.628257999999999983e-02 6.662759999999999572e+00
2.050000000000000000e+01 4.415427999999999714e-02 1.455274999999999963e+01
2.050000000000000000e+01 6.232185999999999976e-02 4.191123000000000332e+01
2.050000000000000000e+01 9.020585000000000409e-02 5.746029999999999660e+01
2.050000000000000000e+01 1.352297000000000082e-01 1.020489000000000033e+02
2.050000000000000000e+01 2.038964000000000054e-01 1.620482000000000085e+02
2.050000000000000000e+01 3.056348999999999871e-01 2.472160000000000082e+02
2.050000000000000000e+01 4.586450999999999723e-01 3.761406000000000063e+02
2.050000000000000000e+01 6.883943999999999619e-01 6.218989000000000260e+02
2.050000000000000000e+01 1.032767999999999908e+00 1.060066000000000031e+03
2.050000000000000000e+01 1.549323000000000006e+00 1.728930000000000064e+03
2.050000000000000000e+01 2.237315999999999860e+00 2.316807999999999993e+03
2.050000000000000000e+01 2.922752000000000017e+00 2.612137000000000171e+03
2.157999999999999829e+01 2.628257999999999983e-02 1.061284999999999989e+01
2.157999999999999829e+01 4.415427999999999714e-02 2.113927999999999940e+01
2.157999999999999829e+01 6.232185999999999976e-02 5.123207000000000022e+01
2.157999999999999829e+01 9.020585000000000409e-02 6.620438000000000045e+01
2.157999999999999829e+01 1.352297000000000082e-01 1.097377999999999929e+02
2.157999999999999829e+01 2.038964000000000054e-01 1.638343999999999880e+02
2.157999999999999829e+01 3.056348999999999871e-01 2.366142000000000110e+02
2.157999999999999829e+01 4.586450999999999723e-01 3.447318000000000211e+02
2.157999999999999829e+01 6.883943999999999619e-01 5.594410000000000309e+02
2.157999999999999829e+01 1.032767999999999908e+00 9.388497999999999593e+02
2.157999999999999829e+01 1.549323000000000006e+00 1.497403999999999996e+03
2.157999999999999829e+01 2.237315999999999860e+00 1.979722999999999956e+03
2.157999999999999829e+01 2.922752000000000017e+00 2.206547000000000025e+03
2.271000000000000085e+01 2.628257999999999983e-02 1.784181999999999846e+01
2.271000000000000085e+01 4.415427999999999714e-02 3.256011000000000166e+01
2.271000000000000085e+01 6.232185999999999976e-02 6.569131000000000142e+01
2.271000000000000085e+01 9.020585000000000409e-02 7.956484000000000378e+01
2.271000000000000085e+01 1.352297000000000082e-01 1.208040000000000020e+02
2.271000000000000085e+01 2.038964000000000054e-01 1.684368000000000052e+02
2.271000000000000085e+01 3.056348999999999871e-01 2.282039000000000044e+02
2.271000000000000085e+01 4.586450999999999723e-01 3.149628999999999905e+02
2.271000000000000085e+01 6.883943999999999619e-01 4.927787999999999897e+02
2.271000000000000085e+01 1.032767999999999908e+00 8.024274000000000342e+02
2.271000000000000085e+01 1.549323000000000006e+00 1.250462999999999965e+03
2.271000000000000085e+01 2.237315999999999860e+00 1.632058999999999969e+03
2.271000000000000085e+01 2.922752000000000017e+00 1.756584000000000060e+03
2.389000000000000057e+01 2.628257999999999983e-02 2.977995999999999910e+01
2.389000000000000057e+01 4.415427999999999714e-02 5.049352999999999980e+01
2.389000000000000057e+01 6.232185999999999976e-02 8.601207999999999743e+01
2.389000000000000057e+01 9.020585000000000409e-02 9.549796999999999514e+01
2.389000000000000057e+01 1.352297000000000082e-01 1.294050000000000011e+02
2.389000000000000057e+01 2.038964000000000054e-01 1.628829000000000065e+02
2.389000000000000057e+01 3.056348999999999871e-01 2.000153999999999996e+02
2.389000000000000057e+01 4.586450999999999723e-01 2.543165999999999940e+02
2.389000000000000057e+01 6.883943999999999619e-01 3.743779999999999859e+02
2.389000000000000057e+01 1.032767999999999908e+00 5.860524000000000342e+02
2.389000000000000057e+01 1.549323000000000006e+00 8.955714000000000397e+02
2.389000000000000057e+01 2.237315999999999860e+00 1.179018000000000029e+03
2.389000000000000057e+01 2.922752000000000017e+00 1.306203999999999951e+03
2.514000000000000057e+01 2.628257999999999983e-02 4.509814000000000078e+01
2.514000000000000057e+01 4.415427999999999714e-02 7.314561000000000490e+01
2.514000000000000057e+01 6.232185999999999976e-02 1.103200999999999965e+02
2.514000000000000057e+01 9.020585000000000409e-02 1.140512999999999977e+02
2.514000000000000057e+01 1.352297000000000082e-01 1.400579999999999927e+02
2.514000000000000057e+01 2.038964000000000054e-01 1.578486000000000047e+02
2.514000000000000057e+01 3.056348999999999871e-01 1.700387000000000057e+02
2.514000000000000057e+01 4.586450999999999723e-01 1.888437000000000126e+02
2.514000000000000057e+01 6.883943999999999619e-01 2.453067000000000064e+02
2.514000000000000057e+01 1.032767999999999908e+00 3.543790999999999940e+02
2.514000000000000057e+01 1.549323000000000006e+00 5.253570999999999458e+02
2.514000000000000057e+01 2.237315999999999860e+00 6.977377999999999929e+02
2.514000000000000057e+01 2.922752000000000017e+00 7.916199000000000296e+02
2.644000000000000128e+01 2.628257999999999983e-02 4.585108000000000317e+01
2.644000000000000128e+01 4.415427999999999714e-02 7.472947999999999524e+01
2.644000000000000128e+01 6.232185999999999976e-02 1.073870000000000005e+02
2.644000000000000128e+01 9.020585000000000409e-02 1.076150999999999982e+02
2.644000000000000128e+01 1.352297000000000082e-01 1.256259000000000015e+02
2.644000000000000128e+01 2.038964000000000054e-01 1.328162000000000091e+02
2.644000000000000128e+01 3.056348999999999871e-01 1.288437000000000126e+02
2.644000000000000128e+01 4.586450999999999723e-01 1.251062000000000012e+02
2.644000000000000128e+01 6.883943999999999619e-01 1.348027999999999906e+02
2.644000000000000128e+01 1.032767999999999908e+00 1.669113000000000113e+02
2.644000000000000128e+01 1.549323000000000006e+00 2.323534999999999968e+02
2.644000000000000128e+01 2.237315999999999860e+00 3.078874000000000137e+02
2.644000000000000128e+01 2.922752000000000017e+00 3.559508000000000152e+02
2.782000000000000028e+01 2.628257999999999983e-02 2.477467000000000041e+01
2.782000000000000028e+01 4.415427999999999714e-02 4.214867000000000274e+01
2.782000000000000028e+01 6.232185999999999976e-02 6.133061000000000007e+01
2.782000000000000028e+01 9.020585000000000409e-02 6.267172000000000054e+01
2.782000000000000028e+01 1.352297000000000082e-01 7.480648999999999660e+01
2.782000000000000028e+01 2.038964000000000054e-01 8.036915999999999372e+01
2.782000000000000028e+01 3.056348999999999871e-01 7.630109000000000208e+01
2.782000000000000028e+01 4.586450999999999723e-01 7.077222000000000435e+01
2.782000000000000028e+01 6.883943999999999619e-01 6.530213999999999430e+01
2.782000000000000028e+01 1.032767999999999908e+00 6.414525000000000432e+01
2.782000000000000028e+01 1.549323000000000006e+00 7.687221999999999866e+01
2.782000000000000028e+01 2.237315999999999860e+00 9.748505000000000109e+01
2.782000000000000028e+01 2.922752000000000017e+00 1.120537000000000063e+02
2.926000000000000156e+01 2.628257999999999983e-02 6.881476000000000148e+00
2.926000000000000156e+01 4.415427999999999714e-02 1.251202999999999932e+01
2.926000000000000156e+01 6.232185999999999976e-02 1.918901999999999930e+01
2.926000000000000156e+01 9.020585000000000409e-02 2.080623999999999896e+01
2.926000000000000156e+01 1.352297000000000082e-01 2.684669999999999845e+01
2.926000000000000156e+01 2.038964000000000054e-01 3.143637000000000015e+01
2.926000000000000156e+01 3.056348999999999871e-01 3.217446000000000339e+01
2.926000000000000156e+01 4.586450999999999723e-01 3.231504000000000332e+01
2.926000000000000156e+01 6.883943999999999619e-01 2.996195000000000164e+01
2.926000000000000156e+01 1.032767999999999908e+00 2.562111000000000161e+01
2.926000000000000156e+01 1.549323000000000006e+00 2.453893000000000058e+01
2.926000000000000156e+01 2.237315999999999860e+00 2.789209999999999923e+01
2.926000000000000156e+01 2.922752000000000017e+00 3.168873999999999924e+01
3.076999999999999957e+01 2.628257999999999983e-02 1.221902000000000044e+00
3.076999999999999957e+01 4.415427999999999714e-02 2.395217999999999847e+00
3.076999999999999957e+01 6.232185999999999976e-02 3.962650000000000006e+00
3.076999999999999957e+01 9.020585000000000409e-02 4.649986000000000175e+00
3.076999999999999957e+01 1.352297000000000082e-01 6.663804999999999978e+00
3.076999999999999957e+01 2.038964000000000054e-01 8.829741999999999535e+00
3.076999999999999957e+01 3.056348999999999871e-01 1.039859000000000044e+01
3.076999999999999957e+01 4.586450999999999723e-01 1.221903999999999968e+01
3.076999999999999957e+01 6.883943999999999619e-01 1.293825999999999965e+01
3.076999999999999957e+01 1.032767999999999908e+00 1.163978999999999964e+01
3.076999999999999957e+01 1.549323000000000006e+00 1.001368000000000080e+01
3.076999999999999957e+01 2.237315999999999860e+00 1.049144000000000077e+01
3.076999999999999957e+01 2.922752000000000017e+00 1.179519999999999946e+01
3.235999999999999943e+01 2.628257999999999983e-02 1.975945000000000062e-01
3.235999999999999943e+01 4.415427999999999714e-02 4.238719000000000237e-01
3.235999999999999943e+01 6.232185999999999976e-02 7.754216999999999915e-01
3.235999999999999943e+01 9.020585000000000409e-02 9.876257000000000508e-01
3.235999999999999943e+01 1.352297000000000082e-01 1.568789999999999907e+00
3.235999999999999943e+01 2.038964000000000054e-01 2.326351999999999975e+00
3.235999999999999943e+01 3.056348999999999871e-01 3.145897000000000165e+00
3.235999999999999943e+01 4.586450999999999723e-01 4.310697000000000223e+00
3.235999999999999943e+01 6.883943999999999619e-01 5.417140999999999984e+00
3.235999999999999943e+01 1.032767999999999908e+00 5.763859000000000066e+00
3.235999999999999943e+01 1.549323000000000006e+00 5.352839999999999598e+00
3.235999999999999943e+01 2.237315999999999860e+00 5.758269000000000304e+00
3.235999999999999943e+01 2.922752000000000017e+00 6.757469999999999644e+00
3.403000000000000114e+01 2.628257999999999983e-02 5.018753000000000103e-02
3.403000000000000114e+01 4.415427999999999714e-02 1.184009000000000034e-01
3.403000000000000114e+01 6.232185999999999976e-02 2.436376000000000097e-01
3.403000000000000114e+01 9.020585000000000409e-02 3.336339999999999861e-01
3.403000000000000114e+01 1.352297000000000082e-01 5.713475000000000081e-01
3.403000000000000114e+01 2.038964000000000054e-01 9.031291999999999653e-01
3.403000000000000114e+01 3.056348999999999871e-01 1.331836000000000020e+00
3.403000000000000114e+01 4.586450999999999723e-01 1.972561999999999927e+00
3.403000000000000114e+01 6.883943999999999619e-01 2.775202999999999864e+00
3.403000000000000114e+01 1.032767999999999908e+00 3.429434000000000093e+00
3.403000000000000114e+01 1.549323000000000006e+00 3.699596000000000107e+00
3.403000000000000114e+01 2.237315999999999860e+00 4.286211999999999911e+00
3.403000000000000114e+01 2.922752000000000017e+00 5.286730999999999625e+00
6.000000000000000000e+00 2.628257999999999983e-02 6.829189999999999492e-07
6.000000000000000000e+00 4.415427999999999714e-02 3.423605000000000063e-06
6.000000000000000000e+00 6.232185999999999976e-02 8.355985999999999316e-06
6.000000000000000000e+00 9.020585000000000409e-02 2.120671999999999946e-05
6.000000000000000000e+00 1.352297000000000082e-01 4.493029999999999908e-05
6.000000000000000000e+00 2.038964000000000054e-01 7.207540000000000452e-05
6.000000000000000000e+00 3.056348999999999871e-01 1.646302999999999948e-04
6.000000000000000000e+00 4.586450999999999723e-01 2.262483999999999936e-04
6.000000000000000000e+00 6.883943999999999619e-01 3.228069000000000077e-04
6.000000000000000000e+00 1.032767999999999908e+00 3.571568000000000225e-04
6.000000000000000000e+00 1.549323000000000006e+00 3.731318999999999977e-04
6.000000000000000000e+00 2.237315999999999860e+00 6.209221999999999485e-04
6.000000000000000000e+00 2.922752000000000017e+00 1.009134000000000073e-03
6.349999999999999645e+00 2.628257999999999983e-02 8.396221999999999518e-05
6.349999999999999645e+00 4.415427999999999714e-02 5.843194999999999813e-04
6.349999999999999645e+00 6.232185999999999976e-02 8.693782999999999633e-04
6.349999999999999645e+00 9.020585000000000409e-02 2.060901999999999873e-03
6.349999999999999645e+00 1.352297000000000082e-01 4.715099999999999847e-03
6.349999999999999645e+00 2.038964000000000054e-01 5.302420000000000397e-03
6.349999999999999645e+00 3.056348999999999871e-01 6.780421000000000017e-03
6.349999999999999645e+00 4.586450999999999723e-01 7.633352999999999840e-03
6.349999999999999645e+00 6.883943999999999619e-01 7.087819999999999884e-03
6.349999999999999645e+00 1.032767999999999908e+00 6.164575000000000263e-03
6.349999999999999645e+00 1.549323000000000006e+00 7.300537999999999646e-03
6.349999999999999645e+00 2.237315999999999860e+00 1.138536000000000062e-02
6.349999999999999645e+00 2.922752000000000017e+00 1.833693000000000128e-02
6.719999999999999751e+00 2.628257999999999983e-02 2.288261000000000201e-03
6.719999999999999751e+00 4.415427999999999714e-02 1.141316000000000032e-02
6.719999999999999751e+00 6.232185999999999976e-02 2.024037999999999879e-02
6.719999999999999751e+00 9.020585000000000409e-02 4.155687999999999743e-02
6.719999999999999751e+00 1.352297000000000082e-01 8.692413000000000223e-02
6.719999999999999751e+00 2.038964000000000054e-01 9.613663000000000070e-02
6.719999999999999751e+00 3.056348999999999871e-01 7.927581000000000211e-02
6.719999999999999751e+00 4.586450999999999723e-01 6.885768999999999918e-02
6.719999999999999751e+00 6.883943999999999619e-01 6.152065999999999785e-02
6.719999999999999751e+00 1.032767999999999908e+00 5.678927999999999754e-02
6.719999999999999751e+00 1.549323000000000006e+00 6.334607000000000432e-02
6.719999999999999751e+00 2.237315999999999860e+00 1.022607999999999989e-01
6.719999999999999751e+00 2.922752000000000017e+00 1.680163000000000073e-01
7.099999999999999645e+00 2.628257999999999983e-02 2.028392000000000042e-02
7.099999999999999645e+00 4.415427999999999714e-02 7.523235000000000339e-02
7.099999999999999645e+00 6.232185999999999976e-02 1.457214000000000009e-01
7.099999999999999645e+00 9.020585000000000409e-02 2.363095000000000057e-01
7.099999999999999645e+00 1.352297000000000082e-01 4.493695999999999802e-01
7.099999999999999645e+00 2.038964000000000054e-01 4.597205999999999793e-01
7.099999999999999645e+00 3.056348999999999871e-01 3.974028000000000005e-01
7.099999999999999645e+00 4.586450999999999723e-01 3.412793000000000077e-01
7.099999999999999645e+00 6.883943999999999619e-01 2.902697000000000194e-01
7.099999999999999645e+00 1.032767999999999908e+00 2.603500999999999732e-01
7.099999999999999645e+00 1.549323000000000006e+00 2.916270000000000251e-01
7.099999999999999645e+00 2.237315999999999860e+00 4.690114000000000227e-01
7.099999999999999645e+00 2.922752000000000017e+00 7.941331000000000362e-01
7.509999999999999787e+00 2.628257999999999983e-02 7.996019000000000043e-02
7.509999999999999787e+00 4.415427999999999714e-02 2.387008999999999936e-01
7.509999999999999787e+00 6.232185999999999976e-02 4.322673000000000210e-01
7.509999999999999787e+00 9.020585000000000409e-02 7.859802999999999651e-01
7.509999999999999787e+00 1.352297000000000082e-01 1.375084999999999891e+00
7.509999999999999787e+00 2.038964000000000054e-01 1.257757000000000014e+00
7.509999999999999787e+00 3.056348999999999871e-01 1.142854000000000037e+00
7.509999999999999787e+00 4.586450999999999723e-01 9.753338999999999759e-01
7.509999999999999787e+00 6.883943999999999619e-01 8.189271999999999663e-01
7.509999999999999787e+00 1.032767999999999908e+00 7.316806000000000143e-01
7.509999999999999787e+00 1.549323000000000006e+00 8.024267999999999956e-01
7.509999999999999787e+00 2.237315999999999860e+00 1.271935999999999956e+00
7.509999999999999787e+00 2.922752000000000017e+00 2.129080000000000084e+00
7.929999999999999716e+00 2.628257999999999983e-02 1.637946000000000124e-01
7.929999999999999716e+00 4.415427999999999714e-02 4.748562000000000061e-01
7.929999999999999716e+00 6.232185999999999976e-02 9.090730000000000199e-01
7.929999999999999716e+00 9.020585000000000409e-02 1.637658000000000058e+00
7.929999999999999716e+00 1.352297000000000082e-01 2.786045000000000105e+00
7.929999999999999716e+00 2.038964000000000054e-01 2.334566000000000141e+00
7.929999999999999716e+00 3.056348999999999871e-01 2.224270000000000191e+00
7.929999999999999716e+00 4.586450999999999723e-01 1.879421000000000008e+00
7.929999999999999716e+00 6.883943999999999619e-01 1.626446999999999976e+00
7.929999999999999716e+00 1.032767999999999908e+00 1.468939999999999912e+00
7.929999999999999716e+00 1.549323000000000006e+00 1.613073999999999897e+00
7.929999999999999716e+00 2.237315999999999860e+00 2.537198000000000064e+00
7.929999999999999716e+00 2.922752000000000017e+00 4.202180000000000248e+00
8.380000000000000782e+00 2.628257999999999983e-02 2.016217999999999899e-01
8.380000000000000782e+00 4.415427999999999714e-02 5.948430999999999580e-01
8.380000000000000782e+00 6.232185999999999976e-02 1.208995000000000042e+00
8.380000000000000782e+00 9.020585000000000409e-02 2.129223000000000088e+00
8.380000000000000782e+00 1.352297000000000082e-01 3.797057000000000127e+00
8.380000000000000782e+00 2.038964000000000054e-01 3.364797999999999956e+00
8.380000000000000782e+00 3.056348999999999871e-01 3.165986000000000189e+00
8.380000000000000782e+00 4.586450999999999723e-01 2.775707000000000146e+00
8.380000000000000782e+00 6.883943999999999619e-01 2.444830000000000059e+00
8.380000000000000782e+00 1.032767999999999908e+00 2.243399999999999839e+00
8.380000000000000782e+00 1.549323000000000006e+00 2.481584999999999930e+00
8.380000000000000782e+00 2.237315999999999860e+00 3.902006000000000085e+00
8.380000000000000782e+00 2.922752000000000017e+00 6.413702999999999932e+00
8.849999999999999645e+00 2.628257999999999983e-02 8.154575000000000018e-02
8.849999999999999645e+00 4.415427999999999714e-02 3.462482000000000060e-01
8.849999999999999645e+00 6.232185999999999976e-02 8.413220000000000143e-01
8.849999999999999645e+00 9.020585000000000409e-02 1.553660999999999959e+00
8.849999999999999645e+00 1.352297000000000082e-01 2.992608999999999853e+00
8.849999999999999645e+00 2.038964000000000054e-01 3.088998999999999828e+00
8.849999999999999645e+00 3.056348999999999871e-01 2.899776999999999827e+00
8.849999999999999645e+00 4.586450999999999723e-01 2.613414999999999822e+00
8.849999999999999645e+00 6.883943999999999619e-01 2.375842000000000009e+00
8.849999999999999645e+00 1.032767999999999908e+00 2.229675999999999991e+00
8.849999999999999645e+00 1.549323000000000006e+00 2.511050000000000004e+00
8.849999999999999645e+00 2.237315999999999860e+00 3.980297000000000196e+00
8.849999999999999645e+00 2.922752000000000017e+00 6.544810000000000016e+00
9.339999999999999858e+00 2.628257999999999983e-02 3.800081000000000292e-02
9.339999999999999858e+00 4.415427999999999714e-02 2.370879000000000042e-02
9.339999999999999858e+00 6.232185999999999976e-02 8.664663000000000226e-02
9.339999999999999858e+00 9.020585000000000409e-02 2.591240000000000210e-01
9.339999999999999858e+00 1.352297000000000082e-01 7.412978999999999541e-01
9.339999999999999858e+00 2.038964000000000054e-01 9.937700999999999896e-01
9.339999999999999858e+00 3.056348999999999871e-01 9.920238000000000111e-01
9.339999999999999858e+00 4.586450999999999723e-01 9.474320999999999993e-01
9.339999999999999858e+00 6.883943999999999619e-01 8.983248000000000344e-01
9.339999999999999858e+00 1.032767999999999908e+00 8.913134999999999808e-01
9.339999999999999858e+00 1.549323000000000006e+00 1.039584000000000064e+00
9.339999999999999858e+00 2.237315999999999860e+00 1.658487999999999962e+00
9.339999999999999858e+00 2.922752000000000017e+00 2.717995000000000161e+00
9.859999999999999432e+00 2.628257999999999983e-02 8.458299000000000234e-01
9.859999999999999432e+00 4.415427999999999714e-02 1.110667999999999989e+00
9.859999999999999432e+00 6.232185999999999976e-02 1.088867000000000029e+00
9.859999999999999432e+00 9.020585000000000409e-02 9.268541000000000141e-01
9.859999999999999432e+00 1.352297000000000082e-01 7.315439999999999721e-01
9.859999999999999432e+00 2.038964000000000054e-01 5.970282000000000089e-01
9.859999999999999432e+00 3.056348999999999871e-01 5.195108999999999977e-01
9.859999999999999432e+00 4.586450999999999723e-01 4.419079000000000201e-01
9.859999999999999432e+00 6.883943999999999619e-01 3.983147000000000215e-01
9.859999999999999432e+00 1.032767999999999908e+00 3.851189999999999891e-01
9.859999999999999432e+00 1.549323000000000006e+00 4.404839999999999867e-01
9.859999999999999432e+00 2.237315999999999860e+00 6.529036999999999757e-01
9.859999999999999432e+00 2.922752000000000017e+00 9.573494999999999644e-01
