1.040000000000000036e+01 2.628257999999999983e-02 4.441899999999999693e+01
1.040000000000000036e+01 4.415427999999999714e-02 8.915970000000000084e+01
1.040000000000000036e+01 6.232185999999999976e-02 1.227130999999999972e+02
1.040000000000000036e+01 9.020585000000000409e-02 1.427717000000000098e+02
1.040000000000000036e+01 1.352297000000000082e-01 2.213813000000000102e+02
1.040000000000000036e+01 2.038964000000000054e-01 2.767595999999999776e+02
1.040000000000000036e+01 3.056348999999999871e-01 2.783562000000000012e+02
1.040000000000000036e+01 4.586450999999999723e-01 2.699413000000000125e+02
1.040000000000000036e+01 6.883943999999999619e-01 2.684452999999999747e+02
1.040000000000000036e+01 1.032767999999999908e+00 2.856012000000000057e+02
1.040000000000000036e+01 1.549323000000000006e+00 3.580403999999999769e+02
1.040000000000000036e+01 2.237315999999999860e+00 5.647993999999999915e+02
1.040000000000000036e+01 2.922752000000000017e+00 8.537939999999999827e+02
1.097000000000000064e+01 2.628257999999999983e-02 4.177685000000000315e+01
1.097000000000000064e+01 4.415427999999999714e-02 8.920604000000000156e+01
1.097000000000000064e+01 6.232185999999999976e-02 1.207798999999999978e+02
1.097000000000000064e+01 9.020585000000000409e-02 1.388807999999999936e+02
1.097000000000000064e+01 1.352297000000000082e-01 2.092250999999999976e+02
1.097000000000000064e+01 2.038964000000000054e-01 3.063985000000000127e+02
1.097000000000000064e+01 3.056348999999999871e-01 3.545731000000000108e+02
1.097000000000000064e+01 4.586450999999999723e-01 3.860912999999999897e+02
1.097000000000000064e+01 6.883943999999999619e-01 4.112803999999999860e+02
1.097000000000000064e+01 1.032767999999999908e+00 4.596315999999999917e+02
1.097000000000000064e+01 1.549323000000000006e+00 6.024681000000000495e+02
1.097000000000000064e+01 2.237315999999999860e+00 9.581697000000000344e+02
1.097000000000000064e+01 2.922752000000000017e+00 1.416760999999999967e+03
1.157000000000000028e+01 2.628257999999999983e-02 2.290803999999999974e+01
1.157000000000000028e+01 4.415427999999999714e-02 5.583957000000000193e+01
1.157000000000000028e+01 6.232185999999999976e-02 7.843804000000000087e+01
1.157000000000000028e+01 9.020585000000000409e-02 9.749944999999999595e+01
1.157000000000000028e+01 1.352297000000000082e-01 1.533888000000000034e+02
1.157000000000000028e+01 2.038964000000000054e-01 2.453582000000000107e+02
1.157000000000000028e+01 3.056348999999999871e-01 3.335688999999999851e+02
1.157000000000000028e+01 4.586450999999999723e-01 4.197309999999999945e+02
1.157000000000000028e+01 6.883943999999999619e-01 4.909646999999999935e+02
1.157000000000000028e+01 1.032767999999999908e+00 5.850642000000000280e+02
1.157000000000000028e+01 1.549323000000000006e+00 8.016634000000000242e+02
1.157000000000000028e+01 2.237315999999999860e+00 1.275538999999999987e+03
1.157000000000000028e+01 2.922752000000000017e+00 1.828848999999999933e+03
1.219999999999999929e+01 2.628257999999999983e-02 4.841980999999999646e+00
1.219999999999999929e+01 4.415427999999999714e-02 1.745294000000000167e+01
1.219999999999999929e+01 6.232185999999999976e-02 2.831859000000000037e+01
1.219999999999999929e+01 9.020585000000000409e-02 4.495226999999999862e+01
1.219999999999999929e+01 1.352297000000000082e-01 8.321783000000000641e+01
1.219999999999999929e+01 2.038964000000000054e-01 1.515570999999999913e+02
1.219999999999999929e+01 3.056348999999999871e-01 2.421405000000000030e+02
1.219999999999999929e+01 4.586450999999999723e-01 3.636465999999999781e+02
1.219999999999999929e+01 6.883943999999999619e-01 4.722989999999999782e+02
1.219999999999999929e+01 1.032767999999999908e+00 6.008228000000000293e+02
1.219999999999999929e+01 1.549323000000000006e+00 8.649497000000000071e+02
1.219999999999999929e+01 2.237315999999999860e+00 1.368760999999999967e+03
1.219999999999999929e+01 2.922752000000000017e+00 1.911645999999999958e+03
1.285999999999999943e+01 2.628257999999999983e-02 1.356746000000000008e+00
1.285999999999999943e+01 4.415427999999999714e-02 2.401492000000000182e+00
1.285999999999999943e+01 6.232185999999999976e-02 7.745027999999999579e+00
1.285999999999999943e+01 9.020585000000000409e-02 1.730690999999999846e+01
1.285999999999999943e+01 1.352297000000000082e-01 3.915366000000000213e+01
1.285999999999999943e+01 2.038964000000000054e-01 8.075966999999999985e+01
1.285999999999999943e+01 3.056348999999999871e-01 1.502280000000000086e+02
1.285999999999999943e+01 4.586450999999999723e-01 2.575586000000000126e+02
1.285999999999999943e+01 6.883943999999999619e-01 3.712672000000000025e+02
1.285999999999999943e+01 1.032767999999999908e+00 5.076098999999999819e+02
1.285999999999999943e+01 1.549323000000000006e+00 7.656699999999999591e+02
1.285999999999999943e+01 2.237315999999999860e+00 1.211700000000000045e+03
1.285999999999999943e+01 2.922752000000000017e+00 1.654826999999999998e+03
1.355000000000000071e+01 2.628257999999999983e-02 9.335141000000000133e+00
1.355000000000000071e+01 4.415427999999999714e-02 9.902221000000000828e+00
1.355000000000000071e+01 6.232185999999999976e-02 1.796760000000000090e+01
1.355000000000000071e+01 9.020585000000000409e-02 2.077646000000000015e+01
1.355000000000000071e+01 1.352297000000000082e-01 3.226559999999999917e+01
1.355000000000000071e+01 2.038964000000000054e-01 5.222196000000000282e+01
1.355000000000000071e+01 3.056348999999999871e-01 9.292923000000000400e+01
1.355000000000000071e+01 4.586450999999999723e-01 1.608745000000000118e+02
1.355000000000000071e+01 6.883943999999999619e-01 2.506949999999999932e+02
1.355000000000000071e+01 1.032767999999999908e+00 3.658514000000000124e+02
1.355000000000000071e+01 1.549323000000000006e+00 5.758221999999999525e+02
1.355000000000000071e+01 2.237315999999999860e+00 9.136074999999999591e+02
1.355000000000000071e+01 2.922752000000000017e+00 1.228010999999999967e+03
1.427999999999999936e+01 2.628257999999999983e-02 1.855264000000000024e+01
1.427999999999999936e+01 4.415427999999999714e-02 2.375756000000000157e+01
1.427999999999999936e+01 6.232185999999999976e-02 3.631230999999999653e+01
1.427999999999999936e+01 9.020585000000000409e-02 3.519512999999999892e+01
1.427999999999999936e+01 1.352297000000000082e-01 4.222937999999999903e+01
1.427999999999999936e+01 2.038964000000000054e-01 4.823772000000000304e+01
1.427999999999999936e+01 3.056348999999999871e-01 6.289506000000000085e+01
1.427999999999999936e+01 4.586450999999999723e-01 9.033862999999999488e+01
1.427999999999999936e+01 6.883943999999999619e-01 1.392182999999999993e+02
1.427999999999999936e+01 1.032767999999999908e+00 2.113268999999999949e+02
1.427999999999999936e+01 1.549323000000000006e+00 3.433630999999999744e+02
1.427999999999999936e+01 2.237315999999999860e+00 5.419841999999999871e+02
1.427999999999999936e+01 2.922752000000000017e+00 7.246798000000000002e+02
1.505000000000000071e+01 2.628257999999999983e-02 1.901916999999999902e+01
1.505000000000000071e+01 4.415427999999999714e-02 2.641679999999999851e+01
1.505000000000000071e+01 6.232185999999999976e-02 3.959384000000000015e+01
1.505000000000000071e+01 9.020585000000000409e-02 3.829708999999999719e+01
1.505000000000000071e+01 1.352297000000000082e-01 4.483968000000000131e+01
1.505000000000000071e+01 2.038964000000000054e-01 4.727788000000000324e+01
1.505000000000000071e+01 3.056348999999999871e-01 4.924598000000000297e+01
1.505000000000000071e+01 4.586450999999999723e-01 5.591617000000000104e+01
1.505000000000000071e+01 6.883943999999999619e-01 7.636741000000000668e+01
1.505000000000000071e+01 1.032767999999999908e+00 1.153275000000000006e+02
1.505000000000000071e+01 1.549323000000000006e+00 1.916259000000000015e+02
1.505000000000000071e+01 2.237315999999999860e+00 2.982239000000000146e+02
1.505000000000000071e+01 2.922752000000000017e+00 3.972957000000000107e+02
1.584999999999999964e+01 2.628257999999999983e-02 1.414528999999999925e+01
1.584999999999999964e+01 4.415427999999999714e-02 2.064921999999999969e+01
1.584999999999999964e+01 6.232185999999999976e-02 3.092764000000000024e+01
1.584999999999999964e+01 9.020585000000000409e-02 3.078481000000000023e+01
1.584999999999999964e+01 1.352297000000000082e-01 3.671524999999999750e+01
1.584999999999999964e+01 2.038964000000000054e-01 3.883473000000000042e+01
1.584999999999999964e+01 3.056348999999999871e-01 3.721705999999999648e+01
1.584999999999999964e+01 4.586450999999999723e-01 3.583892999999999773e+01
1.584999999999999964e+01 6.883943999999999619e-01 4.067591000000000179e+01
1.584999999999999964e+01 1.032767999999999908e+00 5.774555999999999756e+01
1.584999999999999964e+01 1.549323000000000006e+00 9.597795000000000698e+01
1.584999999999999964e+01 2.237315999999999860e+00 1.490613999999999919e+02
1.584999999999999964e+01 2.922752000000000017e+00 1.987749000000000024e+02
1.669000000000000128e+01 2.628257999999999983e-02 8.100694999999999979e+00
1.669000000000000128e+01 4.415427999999999714e-02 1.231193000000000026e+01
1.669000000000000128e+01 6.232185999999999976e-02 1.857318000000000069e+01
1.669000000000000128e+01 9.020585000000000409e-02 1.914170999999999978e+01
1.669000000000000128e+01 1.352297000000000082e-01 2.364732000000000056e+01
1.669000000000000128e+01 2.038964000000000054e-01 2.629907000000000039e+01
1.669000000000000128e+01 3.056348999999999871e-01 2.530827999999999989e+01
1.669000000000000128e+01 4.586450999999999723e-01 2.345961000000000141e+01
1.669000000000000128e+01 6.883943999999999619e-01 2.259340999999999866e+01
1.669000000000000128e+01 1.032767999999999908e+00 2.787173999999999907e+01
1.669000000000000128e+01 1.549323000000000006e+00 4.407813999999999766e+01
1.669000000000000128e+01 2.237315999999999860e+00 6.835078000000000031e+01
1.669000000000000128e+01 2.922752000000000017e+00 9.198175000000000523e+01
1.757000000000000028e+01 2.628257999999999983e-02 3.630076999999999998e+00
1.757000000000000028e+01 4.415427999999999714e-02 5.725894000000000261e+00
1.757000000000000028e+01 6.232185999999999976e-02 8.827204000000000050e+00
1.757000000000000028e+01 9.020585000000000409e-02 9.569976000000000482e+00
1.757000000000000028e+01 1.352297000000000082e-01 1.249688000000000088e+01
1.757000000000000028e+01 2.038964000000000054e-01 1.494292000000000087e+01
1.757000000000000028e+01 3.056348999999999871e-01 1.522457999999999956e+01
1.757000000000000028e+01 4.586450999999999723e-01 1.493797999999999959e+01
1.757000000000000028e+01 6.883943999999999619e-01 1.362996000000000052e+01
1.757000000000000028e+01 1.032767999999999908e+00 1.392741999999999969e+01
1.757000000000000028e+01 1.549323000000000006e+00 1.942630000000000123e+01
1.757000000000000028e+01 2.237315999999999860e+00 3.011080000000000112e+01
1.757000000000000028e+01 2.922752000000000017e+00 4.220973999999999648e+01
1.850000000000000000e+01 2.628257999999999983e-02 1.374336000000000002e+00
1.850000000000000000e+01 4.415427999999999714e-02 2.258150999999999797e+00
1.850000000000000000e+01 6.232185999999999976e-02 3.567848000000000130e+00
1.850000000000000000e+01 9.020585000000000409e-02 4.032815000000000261e+00
1.850000000000000000e+01 1.352297000000000082e-01 5.583109999999999573e+00
1.850000000000000000e+01 2.038964000000000054e-01 7.212837000000000387e+00
1.850000000000000000e+01 3.056348999999999871e-01 8.068714999999999193e+00
1.850000000000000000e+01 4.586450999999999723e-01 8.860018999999999423e+00
1.850000000000000000e+01 6.883943999999999619e-01 8.553874999999999673e+00
1.850000000000000000e+01 1.032767999999999908e+00 7.838709999999999845e+00
1.850000000000000000e+01 1.549323000000000006e+00 9.180441999999999325e+00
1.850000000000000000e+01 2.237315999999999860e+00 1.374831999999999965e+01
1.850000000000000000e+01 2.922752000000000017e+00 1.939958000000000027e+01
1.948000000000000043e+01 2.628257999999999983e-02 4.534984000000000237e-01
1.948000000000000043e+01 4.415427999999999714e-02 7.855054999999999676e-01
1.948000000000000043e+01 6.232185999999999976e-02 1.280852000000000102e+00
1.948000000000000043e+01 9.020585000000000409e-02 1.544440999999999953e+00
1.948000000000000043e+01 1.352297000000000082e-01 2.355005999999999933e+00
1.948000000000000043e+01 2.038964000000000054e-01 3.435243999999999964e+00
1.948000000000000043e+01 3.056348999999999871e-01 4.556092999999999726e+00
1.948000000000000043e+01 4.586450999999999723e-01 6.094835999999999920e+00
1.948000000000000043e+01 6.883943999999999619e-01 7.248446000000000389e+00
1.948000000000000043e+01 1.032767999999999908e+00 7.178300000000000125e+00
1.948000000000000043e+01 1.549323000000000006e+00 6.912899000000000349e+00
1.948000000000000043e+01 2.237315999999999860e+00 8.038897999999999655e+00
1.948000000000000043e+01 2.922752000000000017e+00 9.476993999999999474e+00
2.050000000000000000e+01 2.628257999999999983e-02 1.224564000000000069e-01
2.050000000000000000e+01 4.415427999999999714e-02 2.226442999999999894e-01
2.050000000000000000e+01 6.232185999999999976e-02 3.758642999999999845e-01
2.050000000000000000e+01 9.020585000000000409e-02 4.744419000000000275e-01
2.050000000000000000e+01 1.352297000000000082e-01 7.732099000000000055e-01
2.050000000000000000e+01 2.038964000000000054e-01 1.217300000000000049e+00
2.050000000000000000e+01 3.056348999999999871e-01 1.786027000000000031e+00
2.050000000000000000e+01 4.586450999999999723e-01 2.667778999999999900e+00
2.050000000000000000e+01 6.883943999999999619e-01 3.550756999999999941e+00
2.050000000000000000e+01 1.032767999999999908e+00 3.835780000000000189e+00
2.050000000000000000e+01 1.549323000000000006e+00 3.623540000000000205e+00
2.050000000000000000e+01 2.237315999999999860e+00 4.176547000000000232e+00
2.050000000000000000e+01 2.922752000000000017e+00 5.059260000000000090e+00
2.157999999999999829e+01 2.628257999999999983e-02 3.068931999999999910e-02
2.157999999999999829e+01 4.415427999999999714e-02 5.944779000000000035e-02
2.157999999999999829e+01 6.232185999999999976e-02 1.049044999999999978e-01
2.157999999999999829e+01 9.020585000000000409e-02 1.388136000000000092e-01
2.157999999999999829e+01 1.352297000000000082e-01 2.413096999999999881e-01
2.157999999999999829e+01 2.038964000000000054e-01 4.073740000000000139e-01
2.157999999999999829e+01 3.056348999999999871e-01 6.582685999999999815e-01
2.157999999999999829e+01 4.586450999999999723e-01 1.094432999999999989e+00
2.157999999999999829e+01 6.883943999999999619e-01 1.640740000000000087e+00
2.157999999999999829e+01 1.032767999999999908e+00 1.971473000000000031e+00
2.157999999999999829e+01 1.549323000000000006e+00 1.877153999999999989e+00
2.157999999999999829e+01 2.237315999999999860e+00 2.105386999999999897e+00
2.157999999999999829e+01 2.922752000000000017e+00 2.490123999999999782e+00
2.271000000000000085e+01 2.628257999999999983e-02 8.307197000000000539e-03
2.271000000000000085e+01 4.415427999999999714e-02 1.754837999999999884e-02
2.271000000000000085e+01 6.232185999999999976e-02 3.251861999999999808e-02
2.271000000000000085e+01 9.020585000000000409e-02 4.496578999999999854e-02
2.271000000000000085e+01 1.352297000000000082e-01 8.112872000000000139e-02
2.271000000000000085e+01 2.038964000000000054e-01 1.428936000000000095e-01
2.271000000000000085e+01 3.056348999999999871e-01 2.456591999999999942e-01
2.271000000000000085e+01 4.586450999999999723e-01 4.404903000000000013e-01
2.271000000000000085e+01 6.883943999999999619e-01 7.320854999999999446e-01
2.271000000000000085e+01 1.032767999999999908e+00 9.860719999999999485e-01
2.271000000000000085e+01 1.549323000000000006e+00 9.910959999999999770e-01
2.271000000000000085e+01 2.237315999999999860e+00 1.091741999999999990e+00
2.271000000000000085e+01 2.922752000000000017e+00 1.253189000000000108e+00
2.389000000000000057e+01 2.628257999999999983e-02 3.340693000000000048e-03
2.389000000000000057e+01 4.415427999999999714e-02 7.779687999999999881e-03
2.389000000000000057e+01 6.232185999999999976e-02 1.529013000000000073e-02
2.389000000000000057e+01 9.020585000000000409e-02 2.184933000000000014e-02
2.389000000000000057e+01 1.352297000000000082e-01 3.918968999999999925e-02
2.389000000000000057e+01 2.038964000000000054e-01 6.778225000000000222e-02
2.389000000000000057e+01 3.056348999999999871e-01 1.138162999999999953e-01
2.389000000000000057e+01 4.586450999999999723e-01 2.006903999999999910e-01
2.389000000000000057e+01 6.883943999999999619e-01 3.444207000000000241e-01
2.389000000000000057e+01 1.032767999999999908e+00 5.036142000000000118e-01
2.389000000000000057e+01 1.549323000000000006e+00 5.520207999999999782e-01
2.389000000000000057e+01 2.237315999999999860e+00 5.902349999999999541e-01
2.389000000000000057e+01 2.922752000000000017e+00 6.712251999999999663e-01
2.514000000000000057e+01 2.628257999999999983e-02 2.546954000000000145e-03
2.514000000000000057e+01 4.415427999999999714e-02 6.311719000000000357e-03
2.514000000000000057e+01 6.232185999999999976e-02 1.321021999999999995e-02
2.514000000000000057e+01 9.020585000000000409e-02 1.939524999999999930e-02
2.514000000000000057e+01 1.352297000000000082e-01 3.460805000000000131e-02
2.514000000000000057e+01 2.038964000000000054e-01 5.738076000000000287e-02
2.514000000000000057e+01 3.056348999999999871e-01 8.979267999999999972e-02
2.514000000000000057e+01 4.586450999999999723e-01 1.407479000000000091e-01
2.514000000000000057e+01 6.883943999999999619e-01 2.205152999999999974e-01
2.514000000000000057e+01 1.032767999999999908e+00 3.144282999999999939e-01
2.514000000000000057e+01 1.549323000000000006e+00 3.632890999999999759e-01
2.514000000000000057e+01 2.237315999999999860e+00 3.857340000000000213e-01
2.514000000000000057e+01 2.922752000000000017e+00 4.330261999999999722e-01
2.644000000000000128e+01 2.628257999999999983e-02 3.057077000000000058e-03
2.644000000000000128e+01 4.415427999999999714e-02 7.691324999999999724e-03
2.644000000000000128e+01 6.232185999999999976e-02 1.677446999999999966e-02
2.644000000000000128e+01 9.020585000000000409e-02 2.486502999999999977e-02
2.644000000000000128e+01 1.352297000000000082e-01 4.456861000000000156e-02
2.644000000000000128e+01 2.038964000000000054e-01 7.240813000000000110e-02
2.644000000000000128e+01 3.056348999999999871e-01 1.094286000000000009e-01
2.644000000000000128e+01 4.586450999999999723e-01 1.577189999999999981e-01
2.644000000000000128e+01 6.883943999999999619e-01 2.224538000000000071e-01
2.644000000000000128e+01 1.032767999999999908e+00 2.892030999999999907e-01
2.644000000000000128e+01 1.549323000000000006e+00 3.312670999999999810e-01
2.644000000000000128e+01 2.237315999999999860e+00 3.596136999999999806e-01
2.644000000000000128e+01 2.922752000000000017e+00 3.875453999999999843e-01
2.782000000000000028e+01 2.628257999999999983e-02 4.384263000000000222e-03
2.782000000000000028e+01 4.415427999999999714e-02 1.104366000000000028e-02
2.782000000000000028e+01 6.232185999999999976e-02 2.461941999999999950e-02
2.782000000000000028e+01 9.020585000000000409e-02 3.644855999999999790e-02
2.782000000000000028e+01 1.352297000000000082e-01 6.570929999999999827e-02
2.782000000000000028e+01 2.038964000000000054e-01 1.060340000000000032e-01
2.782000000000000028e+01 3.056348999999999871e-01 1.590747999999999884e-01
2.782000000000000028e+01 4.586450999999999723e-01 2.238024999999999876e-01
2.782000000000000028e+01 6.883943999999999619e-01 3.046380000000000199e-01
2.782000000000000028e+01 1.032767999999999908e+00 3.758907000000000220e-01
2.782000000000000028e+01 1.549323000000000006e+00 4.236590000000000078e-01
2.782000000000000028e+01 2.237315999999999860e+00 4.732452999999999799e-01
2.782000000000000028e+01 2.922752000000000017e+00 5.090755999999999615e-01
2.926000000000000156e+01 2.628257999999999983e-02 6.424354999999999649e-03
2.926000000000000156e+01 4.415427999999999714e-02 1.617984999999999909e-02
2.926000000000000156e+01 6.232185999999999976e-02 3.645662999999999682e-02
2.926000000000000156e+01 9.020585000000000409e-02 5.380411999999999695e-02
2.926000000000000156e+01 1.352297000000000082e-01 9.732802000000000120e-02
2.926000000000000156e+01 2.038964000000000054e-01 1.565208999999999906e-01
2.926000000000000156e+01 3.056348999999999871e-01 2.351335999999999982e-01
2.926000000000000156e+01 4.586450999999999723e-01 3.304983000000000226e-01
2.926000000000000156e+01 6.883943999999999619e-01 4.478390999999999900e-01
2.926000000000000156e+01 1.032767999999999908e+00 5.464991000000000154e-01
2.926000000000000156e+01 1.549323000000000006e+00 6.167234999999999800e-01
2.926000000000000156e+01 2.237315999999999860e+00 7.100298000000000442e-01
2.926000000000000156e+01 2.922752000000000017e+00 8.027263000000000037e-01
3.076999999999999957e+01 2.628257999999999983e-02 9.293377000000000235e-03
3.076999999999999957e+01 4.415427999999999714e-02 2.332593999999999987e-02
3.076999999999999957e+01 6.232185999999999976e-02 5.291135000000000282e-02
3.076999999999999957e+01 9.020585000000000409e-02 7.783055999999999308e-02
3.076999999999999957e+01 1.352297000000000082e-01 1.410433000000000103e-01
3.076999999999999957e+01 2.038964000000000054e-01 2.270051999999999903e-01
3.076999999999999957e+01 3.056348999999999871e-01 3.417375999999999747e-01
3.076999999999999957e+01 4.586450999999999723e-01 4.833947000000000105e-01
3.076999999999999957e+01 6.883943999999999619e-01 6.593883000000000383e-01
3.076999999999999957e+01 1.032767999999999908e+00 8.070323999999999831e-01
3.076999999999999957e+01 1.549323000000000006e+00 9.228431000000000273e-01
3.076999999999999957e+01 2.237315999999999860e+00 1.088036000000000003e+00
3.076999999999999957e+01 2.922752000000000017e+00 1.261830999999999925e+00
3.235999999999999943e+01 2.628257999999999983e-02 1.295516000000000029e-02
3.235999999999999943e+01 4.415427999999999714e-02 3.268341000000000302e-02
3.235999999999999943e+01 6.232185999999999976e-02 7.495258000000000476e-02
3.235999999999999943e+01 9.020585000000000409e-02 1.096884999999999943e-01
3.235999999999999943e+01 1.352297000000000082e-01 1.991951999999999889e-01
3.235999999999999943e+01 2.038964000000000054e-01 3.206616999999999940e-01
3.235999999999999943e+01 3.056348999999999871e-01 4.846473000000000031e-01
3.235999999999999943e+01 4.586450999999999723e-01 6.920840000000000325e-01
3.235999999999999943e+01 6.883943999999999619e-01 9.498592000000000146e-01
3.235999999999999943e+01 1.032767999999999908e+00 1.167456999999999967e+00
3.235999999999999943e+01 1.549323000000000006e+00 1.354697000000000040e+00
3.235999999999999943e+01 2.237315999999999860e+00 1.627633000000000107e+00
3.235999999999999943e+01 2.922752000000000017e+00 1.947673999999999905e+00
3.403000000000000114e+01 2.628257999999999983e-02 2.074591999999999992e+00
3.403000000000000114e+01 4.415427999999999714e-02 5.195852999999999611e+00
3.403000000000000114e+01 6.232185999999999976e-02 1.405363999999999969e+01
3.403000000000000114e+01 9.020585000000000409e-02 1.999453000000000102e+01
3.403000000000000114e+01 1.352297000000000082e-01 3.689829999999999899e+01
3.403000000000000114e+01 2.038964000000000054e-01 6.078620999999999697e+01
3.403000000000000114e+01 3.056348999999999871e-01 9.836826000000000647e+01
3.403000000000000114e+01 4.586450999999999723e-01 1.619234999999999900e+02
3.403000000000000114e+01 6.883943999999999619e-01 2.639739000000000146e+02
3.403000000000000114e+01 1.032767999999999908e+00 3.941485999999999876e+02
3.403000000000000114e+01 1.549323000000000006e+00 5.675887000000000171e+02
3.403000000000000114e+01 2.237315999999999860e+00 8.091939999999999600e+02
3.403000000000000114e+01 2.922752000000000017e+00 1.066002999999999929e+03
6.000000000000000000e+00 2.628257999999999983e-02 1.844784999999999932e-08
6.000000000000000000e+00 4.415427999999999714e-02 8.241296999999999526e-08
6.000000000000000000e+00 6.232185999999999976e-02 2.293391999999999973e-07
6.000000000000000000e+00 9.020585000000000409e-02 6.757183999999999847e-07
6.000000000000000000e+00 1.352297000000000082e-01 2.134633000000000133e-06
6.000000000000000000e+00 2.038964000000000054e-01 6.400978000000000025e-06
6.000000000000000000e+00 3.056348999999999871e-01 1.767334999999999910e-05
6.000000000000000000e+00 4.586450999999999723e-01 4.244330000000000070e-05
6.000000000000000000e+00 6.883943999999999619e-01 6.356631000000000228e-05
6.000000000000000000e+00 1.032767999999999908e+00 6.550283000000000114e-05
6.000000000000000000e+00 1.549323000000000006e+00 5.633030999999999905e-05
6.000000000000000000e+00 2.237315999999999860e+00 7.086731000000000573e-05
6.000000000000000000e+00 2.922752000000000017e+00 8.534053000000000266e-05
6.349999999999999645e+00 2.628257999999999983e-02 3.829372999999999767e-05
6.349999999999999645e+00 4.415427999999999714e-02 1.833592000000000045e-04
6.349999999999999645e+00 6.232185999999999976e-02 4.217409999999999996e-04
6.349999999999999645e+00 9.020585000000000409e-02 1.044582000000000063e-03
6.349999999999999645e+00 1.352297000000000082e-01 2.456602999999999912e-03
6.349999999999999645e+00 2.038964000000000054e-01 3.293495999999999924e-03
6.349999999999999645e+00 3.056348999999999871e-01 3.504262000000000175e-03
6.349999999999999645e+00 4.586450999999999723e-01 3.488811000000000082e-03
6.349999999999999645e+00 6.883943999999999619e-01 2.974791999999999974e-03
6.349999999999999645e+00 1.032767999999999908e+00 2.702459999999999845e-03
6.349999999999999645e+00 1.549323000000000006e+00 3.084987999999999880e-03
6.349999999999999645e+00 2.237315999999999860e+00 4.539747000000000227e-03
6.349999999999999645e+00 2.922752000000000017e+00 6.703767999999999706e-03
6.719999999999999751e+00 2.628257999999999983e-02 8.806960000000000396e-04
6.719999999999999751e+00 4.415427999999999714e-02 3.981850000000000320e-03
6.719999999999999751e+00 6.232185999999999976e-02 8.432078000000000836e-03
6.719999999999999751e+00 9.020585000000000409e-02 1.922917000000000029e-02
6.719999999999999751e+00 1.352297000000000082e-01 4.584212000000000009e-02
6.719999999999999751e+00 2.038964000000000054e-01 5.679275999999999769e-02
6.719999999999999751e+00 3.056348999999999871e-01 4.797677999999999665e-02
6.719999999999999751e+00 4.586450999999999723e-01 3.232155999999999918e-02
6.719999999999999751e+00 6.883943999999999619e-01 2.791799000000000017e-02
6.719999999999999751e+00 1.032767999999999908e+00 2.650761999999999910e-02
6.719999999999999751e+00 1.549323000000000006e+00 2.993668000000000023e-02
6.719999999999999751e+00 2.237315999999999860e+00 4.459077000000000179e-02
6.719999999999999751e+00 2.922752000000000017e+00 7.177242999999999817e-02
7.099999999999999645e+00 2.628257999999999983e-02 5.368625999999999607e-03
7.099999999999999645e+00 4.415427999999999714e-02 2.322008000000000058e-02
7.099999999999999645e+00 6.232185999999999976e-02 5.116506999999999999e-02
7.099999999999999645e+00 9.020585000000000409e-02 8.378823000000000520e-02
7.099999999999999645e+00 1.352297000000000082e-01 1.867833000000000132e-01
7.099999999999999645e+00 2.038964000000000054e-01 1.880581000000000058e-01
7.099999999999999645e+00 3.056348999999999871e-01 1.398558000000000023e-01
7.099999999999999645e+00 4.586450999999999723e-01 1.131352999999999942e-01
7.099999999999999645e+00 6.883943999999999619e-01 9.801337000000000244e-02
7.099999999999999645e+00 1.032767999999999908e+00 9.319558000000000009e-02
7.099999999999999645e+00 1.549323000000000006e+00 1.054691999999999991e-01
7.099999999999999645e+00 2.237315999999999860e+00 1.587129999999999930e-01
7.099999999999999645e+00 2.922752000000000017e+00 2.504762999999999851e-01
7.509999999999999787e+00 2.628257999999999983e-02 9.911513000000000267e-03
7.509999999999999787e+00 4.415427999999999714e-02 3.861066999999999971e-02
7.509999999999999787e+00 6.232185999999999976e-02 8.019938999999999540e-02
7.509999999999999787e+00 9.020585000000000409e-02 1.482787999999999884e-01
7.509999999999999787e+00 1.352297000000000082e-01 2.756558000000000064e-01
7.509999999999999787e+00 2.038964000000000054e-01 2.461848000000000092e-01
7.509999999999999787e+00 3.056348999999999871e-01 1.915800000000000003e-01
7.509999999999999787e+00 4.586450999999999723e-01 1.577986000000000111e-01
7.509999999999999787e+00 6.883943999999999619e-01 1.394644999999999913e-01
7.509999999999999787e+00 1.032767999999999908e+00 1.369869999999999977e-01
7.509999999999999787e+00 1.549323000000000006e+00 1.546905000000000086e-01
7.509999999999999787e+00 2.237315999999999860e+00 2.344817999999999902e-01
7.509999999999999787e+00 2.922752000000000017e+00 3.736231999999999887e-01
7.929999999999999716e+00 2.628257999999999983e-02 2.002176000000000042e-03
7.929999999999999716e+00 4.415427999999999714e-02 3.134554999999999807e-03
7.929999999999999716e+00 6.232185999999999976e-02 8.739600999999999620e-03
7.929999999999999716e+00 9.020585000000000409e-02 2.517840000000000009e-02
7.929999999999999716e+00 1.352297000000000082e-01 5.268940999999999902e-02
7.929999999999999716e+00 2.038964000000000054e-01 4.111686999999999981e-02
7.929999999999999716e+00 3.056348999999999871e-01 3.784276000000000306e-02
7.929999999999999716e+00 4.586450999999999723e-01 3.423385999999999790e-02
7.929999999999999716e+00 6.883943999999999619e-01 3.468535999999999841e-02
7.929999999999999716e+00 1.032767999999999908e+00 3.758844000000000074e-02
7.929999999999999716e+00 1.549323000000000006e+00 4.538545000000000079e-02
7.929999999999999716e+00 2.237315999999999860e+00 6.743970999999999993e-02
7.929999999999999716e+00 2.922752000000000017e+00 1.058609999999999968e-01
8.380000000000000782e+00 2.628257999999999983e-02 2.914810999999999930e-01
8.380000000000000782e+00 4.415427999999999714e-02 5.146452000000000249e-01
8.380000000000000782e+00 6.232185999999999976e-02 7.015367000000000131e-01
8.380000000000000782e+00 9.020585000000000409e-02 1.008111999999999897e+00
8.380000000000000782e+00 1.352297000000000082e-01 1.395289999999999919e+00
8.380000000000000782e+00 2.038964000000000054e-01 9.675618000000000274e-01
8.380000000000000782e+00 3.056348999999999871e-01 7.823329999999999451e-01
8.380000000000000782e+00 4.586450999999999723e-01 6.166549000000000058e-01
8.380000000000000782e+00 6.883943999999999619e-01 5.170460000000000056e-01
8.380000000000000782e+00 1.032767999999999908e+00 4.786479000000000150e-01
8.380000000000000782e+00 1.549323000000000006e+00 5.479720999999999620e-01
8.380000000000000782e+00 2.237315999999999860e+00 8.607664000000000426e-01
8.380000000000000782e+00 2.922752000000000017e+00 1.343158999999999992e+00
8.849999999999999645e+00 2.628257999999999983e-02 2.934902000000000122e+00
8.849999999999999645e+00 4.415427999999999714e-02 5.532480999999999760e+00
8.849999999999999645e+00 6.232185999999999976e-02 8.162722999999999729e+00
8.849999999999999645e+00 9.020585000000000409e-02 1.160366999999999926e+01
8.849999999999999645e+00 1.352297000000000082e-01 1.738238000000000127e+01
8.849999999999999645e+00 2.038964000000000054e-01 1.343942000000000014e+01
8.849999999999999645e+00 3.056348999999999871e-01 1.089935000000000009e+01
8.849999999999999645e+00 4.586450999999999723e-01 8.883539999999999992e+00
8.849999999999999645e+00 6.883943999999999619e-01 7.859747999999999735e+00
8.849999999999999645e+00 1.032767999999999908e+00 7.567421000000000397e+00
8.849999999999999645e+00 1.549323000000000006e+00 8.749478999999999118e+00
8.849999999999999645e+00 2.237315999999999860e+00 1.366300000000000026e+01
8.849999999999999645e+00 2.922752000000000017e+00 2.137780000000000058e+01
9.339999999999999858e+00 2.628257999999999983e-02 1.299671000000000021e+01
9.339999999999999858e+00 4.415427999999999714e-02 2.552487999999999957e+01
9.339999999999999858e+00 6.232185999999999976e-02 3.820853000000000321e+01
9.339999999999999858e+00 9.020585000000000409e-02 5.076874000000000109e+01
9.339999999999999858e+00 1.352297000000000082e-01 7.616472000000000264e+01
9.339999999999999858e+00 2.038964000000000054e-01 6.956166000000000338e+01
9.339999999999999858e+00 3.056348999999999871e-01 5.750686999999999927e+01
9.339999999999999858e+00 4.586450999999999723e-01 4.869872000000000156e+01
9.339999999999999858e+00 6.883943999999999619e-01 4.464768000000000114e+01
9.339999999999999858e+00 1.032767999999999908e+00 4.434087999999999852e+01
9.339999999999999858e+00 1.549323000000000006e+00 5.236809000000000225e+01
9.339999999999999858e+00 2.237315999999999860e+00 8.226306999999999903e+01
9.339999999999999858e+00 2.922752000000000017e+00 1.277115000000000009e+02
9.859999999999999432e+00 2.628257999999999983e-02 3.149405000000000143e+01
9.859999999999999432e+00 4.415427999999999714e-02 6.239582999999999657e+01
9.859999999999999432e+00 6.232185999999999976e-02 9.027134999999999820e+01
9.859999999999999432e+00 9.020585000000000409e-02 1.114993000000000052e+02
9.859999999999999432e+00 1.352297000000000082e-01 1.695389999999999873e+02
9.859999999999999432e+00 2.038964000000000054e-01 1.783702000000000112e+02
9.859999999999999432e+00 3.056348999999999871e-01 1.600937000000000126e+02
9.859999999999999432e+00 4.586450999999999723e-01 1.437230999999999881e+02
9.859999999999999432e+00 6.883943999999999619e-01 1.353489999999999895e+02
9.859999999999999432e+00 1.032767999999999908e+00 1.392456999999999994e+02
9.859999999999999432e+00 1.549323000000000006e+00 1.691254999999999882e+02
9.859999999999999432e+00 2.237315999999999860e+00 2.675362000000000080e+02
9.859999999999999432e+00 2.922752000000000017e+00 4.108691999999999780e+02
