1.757000000000000028e+01 2.628257999999999983e-02 1.397395999999999994e+01
1.757000000000000028e+01 4.415427999999999714e-02 1.965259000000000000e+01
1.757000000000000028e+01 6.232185999999999976e-02 3.432939999999999969e+01
1.757000000000000028e+01 9.020585000000000409e-02 3.719915000000000305e+01
1.757000000000000028e+01 1.352297000000000082e-01 5.116743000000000308e+01
1.757000000000000028e+01 2.038964000000000054e-01 6.733029000000000508e+01
1.757000000000000028e+01 3.056348999999999871e-01 8.945395999999999503e+01
1.757000000000000028e+01 4.586450999999999723e-01 1.186315000000000026e+02
1.757000000000000028e+01 6.883943999999999619e-01 1.696478999999999928e+02
1.757000000000000028e+01 1.032767999999999908e+00 2.657370999999999981e+02
1.757000000000000028e+01 1.549323000000000006e+00 4.424381999999999948e+02
1.757000000000000028e+01 2.237315999999999860e+00 6.239822000000000344e+02
1.757000000000000028e+01 2.922752000000000017e+00 7.232508000000000266e+02
