1.948000000000000043e+01 2.628257999999999983e-02 1.237629999999999980e-02
1.948000000000000043e+01 4.415427999999999714e-02 2.460189999999999946e-02
1.948000000000000043e+01 6.232185999999999976e-02 4.495427999999999924e-02
1.948000000000000043e+01 9.020585000000000409e-02 5.952943000000000123e-02
1.948000000000000043e+01 1.352297000000000082e-01 9.960845000000000116e-02
1.948000000000000043e+01 2.038964000000000054e-01 1.581420000000000048e-01
1.948000000000000043e+01 3.056348999999999871e-01 2.234987999999999975e-01
1.948000000000000043e+01 4.586450999999999723e-01 3.099061000000000177e-01
1.948000000000000043e+01 6.883943999999999619e-01 3.775356000000000267e-01
1.948000000000000043e+01 1.032767999999999908e+00 3.924076000000000231e-01
1.948000000000000043e+01 1.549323000000000006e+00 4.226249999999999729e-01
1.948000000000000043e+01 2.237315999999999860e+00 5.232238999999999640e-01
1.948000000000000043e+01 2.922752000000000017e+00 6.312259999999999538e-01
