1.948000000000000043e+01 2.628257999999999983e-02 2.783727999999999980e+00
1.948000000000000043e+01 4.415427999999999714e-02 4.351291999999999938e+00
1.948000000000000043e+01 6.232185999999999976e-02 6.809803999999999746e+00
1.948000000000000043e+01 9.020585000000000409e-02 7.039944000000000202e+00
1.948000000000000043e+01 1.352297000000000082e-01 8.723990999999999829e+00
1.948000000000000043e+01 2.038964000000000054e-01 1.010352999999999923e+01
1.948000000000000043e+01 3.056348999999999871e-01 1.106138999999999939e+01
1.948000000000000043e+01 4.586450999999999723e-01 1.258744000000000085e+01
1.948000000000000043e+01 6.883943999999999619e-01 1.658436000000000021e+01
1.948000000000000043e+01 1.032767999999999908e+00 2.565891999999999840e+01
1.948000000000000043e+01 1.549323000000000006e+00 4.198113000000000028e+01
1.948000000000000043e+01 2.237315999999999860e+00 5.426133000000000095e+01
1.948000000000000043e+01 2.922752000000000017e+00 5.394218999999999653e+01
