1.757000000000000028e+01 2.628257999999999983e-02 3.061894000000000116e+00
1.757000000000000028e+01 4.415427999999999714e-02 7.399268000000000178e+00
1.757000000000000028e+01 6.232185999999999976e-02 1.226645000000000074e+01
1.757000000000000028e+01 9.020585000000000409e-02 2.042642999999999986e+01
1.757000000000000028e+01 1.352297000000000082e-01 4.794870000000000232e+01
1.757000000000000028e+01 2.038964000000000054e-01 1.028499999999999943e+02
1.757000000000000028e+01 3.056348999999999871e-01 2.077360999999999933e+02
1.757000000000000028e+01 4.586450999999999723e-01 4.003238999999999805e+02
1.757000000000000028e+01 6.883943999999999619e-01 7.131385000000000218e+02
1.757000000000000028e+01 1.032767999999999908e+00 1.218243999999999915e+03
1.757000000000000028e+01 1.549323000000000006e+00 2.070489000000000033e+03
1.757000000000000028e+01 2.237315999999999860e+00 3.200137999999999920e+03
1.757000000000000028e+01 2.922752000000000017e+00 4.286782000000000153e+03
