1.040000000000000036e+01 2.628257999999999983e-02 3.522977999999999810e+01
1.040000000000000036e+01 4.415427999999999714e-02 6.530540999999999485e+01
1.040000000000000036e+01 6.232185999999999976e-02 7.763352000000000430e+01
1.040000000000000036e+01 9.020585000000000409e-02 7.729397000000000162e+01
1.040000000000000036e+01 1.352297000000000082e-01 9.870296000000000447e+01
1.040000000000000036e+01 2.038964000000000054e-01 1.373129000000000133e+02
1.040000000000000036e+01 3.056348999999999871e-01 1.764105999999999881e+02
1.040000000000000036e+01 4.586450999999999723e-01 2.193459000000000003e+02
1.040000000000000036e+01 6.883943999999999619e-01 2.586702000000000226e+02
1.040000000000000036e+01 1.032767999999999908e+00 3.073030999999999722e+02
1.040000000000000036e+01 1.549323000000000006e+00 4.077545999999999822e+02
1.040000000000000036e+01 2.237315999999999860e+00 6.375809000000000424e+02
1.040000000000000036e+01 2.922752000000000017e+00 9.281032999999999902e+02
1.097000000000000064e+01 2.628257999999999983e-02 2.820874999999999844e+01
1.097000000000000064e+01 4.415427999999999714e-02 5.595217999999999847e+01
1.097000000000000064e+01 6.232185999999999976e-02 6.804604999999999393e+01
1.097000000000000064e+01 9.020585000000000409e-02 7.037395999999999674e+01
1.097000000000000064e+01 1.352297000000000082e-01 9.092762999999999352e+01
1.097000000000000064e+01 2.038964000000000054e-01 1.332194000000000074e+02
1.097000000000000064e+01 3.056348999999999871e-01 1.911624999999999943e+02
1.097000000000000064e+01 4.586450999999999723e-01 2.728763000000000147e+02
1.097000000000000064e+01 6.883943999999999619e-01 3.511591999999999985e+02
1.097000000000000064e+01 1.032767999999999908e+00 4.411524999999999750e+02
1.097000000000000064e+01 1.549323000000000006e+00 6.119728999999999814e+02
1.097000000000000064e+01 2.237315999999999860e+00 9.621599999999999682e+02
1.097000000000000064e+01 2.922752000000000017e+00 1.357415999999999940e+03
1.157000000000000028e+01 2.628257999999999983e-02 1.244913999999999987e+01
1.157000000000000028e+01 4.415427999999999714e-02 2.962677000000000049e+01
1.157000000000000028e+01 6.232185999999999976e-02 3.789385999999999655e+01
1.157000000000000028e+01 9.020585000000000409e-02 4.431577999999999662e+01
1.157000000000000028e+01 1.352297000000000082e-01 6.552933000000000163e+01
1.157000000000000028e+01 2.038964000000000054e-01 1.077038000000000011e+02
1.157000000000000028e+01 3.056348999999999871e-01 1.750975999999999999e+02
1.157000000000000028e+01 4.586450999999999723e-01 2.826456000000000017e+02
1.157000000000000028e+01 6.883943999999999619e-01 3.974062000000000126e+02
1.157000000000000028e+01 1.032767999999999908e+00 5.288554000000000315e+02
1.157000000000000028e+01 1.549323000000000006e+00 7.729483999999999924e+02
1.157000000000000028e+01 2.237315999999999860e+00 1.220265000000000100e+03
1.157000000000000028e+01 2.922752000000000017e+00 1.670311999999999898e+03
1.219999999999999929e+01 2.628257999999999983e-02 1.423629000000000033e+00
1.219999999999999929e+01 4.415427999999999714e-02 6.474861999999999895e+00
1.219999999999999929e+01 6.232185999999999976e-02 1.149028000000000027e+01
1.219999999999999929e+01 9.020585000000000409e-02 1.969783999999999935e+01
1.219999999999999929e+01 1.352297000000000082e-01 3.975961000000000212e+01
1.219999999999999929e+01 2.038964000000000054e-01 7.738706999999999425e+01
1.219999999999999929e+01 3.056348999999999871e-01 1.430701999999999998e+02
1.219999999999999929e+01 4.586450999999999723e-01 2.506656999999999869e+02
1.219999999999999929e+01 6.883943999999999619e-01 3.779734000000000265e+02
1.219999999999999929e+01 1.032767999999999908e+00 5.338365000000000009e+02
1.219999999999999929e+01 1.549323000000000006e+00 8.157003999999999451e+02
1.219999999999999929e+01 2.237315999999999860e+00 1.283093000000000075e+03
1.219999999999999929e+01 2.922752000000000017e+00 1.712237000000000080e+03
1.285999999999999943e+01 2.628257999999999983e-02 3.095276999999999834e+00
1.285999999999999943e+01 4.415427999999999714e-02 3.395576999999999845e+00
1.285999999999999943e+01 6.232185999999999976e-02 1.040990000000000038e+01
1.285999999999999943e+01 9.020585000000000409e-02 1.613222999999999985e+01
1.285999999999999943e+01 1.352297000000000082e-01 3.244494999999999862e+01
1.285999999999999943e+01 2.038964000000000054e-01 6.087225000000000108e+01
1.285999999999999943e+01 3.056348999999999871e-01 1.117629000000000019e+02
1.285999999999999943e+01 4.586450999999999723e-01 1.949478000000000009e+02
1.285999999999999943e+01 6.883943999999999619e-01 3.062364999999999782e+02
1.285999999999999943e+01 1.032767999999999908e+00 4.529162999999999784e+02
1.285999999999999943e+01 1.549323000000000006e+00 7.178279999999999745e+02
1.285999999999999943e+01 2.237315999999999860e+00 1.124250999999999976e+03
1.285999999999999943e+01 2.922752000000000017e+00 1.471673000000000002e+03
1.355000000000000071e+01 2.628257999999999983e-02 1.260968000000000089e+01
1.355000000000000071e+01 4.415427999999999714e-02 1.530676000000000059e+01
1.355000000000000071e+01 6.232185999999999976e-02 2.764234000000000080e+01
1.355000000000000071e+01 9.020585000000000409e-02 3.018310999999999922e+01
1.355000000000000071e+01 1.352297000000000082e-01 4.348928999999999689e+01
1.355000000000000071e+01 2.038964000000000054e-01 6.092573999999999756e+01
1.355000000000000071e+01 3.056348999999999871e-01 9.162238000000000682e+01
1.355000000000000071e+01 4.586450999999999723e-01 1.410749000000000137e+02
1.355000000000000071e+01 6.883943999999999619e-01 2.181993999999999971e+02
1.355000000000000071e+01 1.032767999999999908e+00 3.317474000000000274e+02
1.355000000000000071e+01 1.549323000000000006e+00 5.419043000000000347e+02
1.355000000000000071e+01 2.237315999999999860e+00 8.483988000000000511e+02
1.355000000000000071e+01 2.922752000000000017e+00 1.089218000000000075e+03
1.427999999999999936e+01 2.628257999999999983e-02 2.122546000000000177e+01
1.427999999999999936e+01 4.415427999999999714e-02 2.847653000000000034e+01
1.427999999999999936e+01 6.232185999999999976e-02 4.462068000000000012e+01
1.427999999999999936e+01 9.020585000000000409e-02 4.459597000000000122e+01
1.427999999999999936e+01 1.352297000000000082e-01 5.520944000000000074e+01
1.427999999999999936e+01 2.038964000000000054e-01 6.381989000000000090e+01
1.427999999999999936e+01 3.056348999999999871e-01 7.519432000000000471e+01
1.427999999999999936e+01 4.586450999999999723e-01 9.361705999999999506e+01
1.427999999999999936e+01 6.883943999999999619e-01 1.311250000000000000e+02
1.427999999999999936e+01 1.032767999999999908e+00 1.963168000000000006e+02
1.427999999999999936e+01 1.549323000000000006e+00 3.256057999999999879e+02
1.427999999999999936e+01 2.237315999999999860e+00 5.046225000000000023e+02
1.427999999999999936e+01 2.922752000000000017e+00 6.444874999999999545e+02
1.505000000000000071e+01 2.628257999999999983e-02 2.056312000000000140e+01
1.505000000000000071e+01 4.415427999999999714e-02 2.916266999999999854e+01
1.505000000000000071e+01 6.232185999999999976e-02 4.437407999999999930e+01
1.505000000000000071e+01 9.020585000000000409e-02 4.421162000000000347e+01
1.505000000000000071e+01 1.352297000000000082e-01 5.362272999999999712e+01
1.505000000000000071e+01 2.038964000000000054e-01 5.885620999999999725e+01
1.505000000000000071e+01 3.056348999999999871e-01 6.086048999999999864e+01
1.505000000000000071e+01 4.586450999999999723e-01 6.437510000000000332e+01
1.505000000000000071e+01 6.883943999999999619e-01 7.796268000000000598e+01
1.505000000000000071e+01 1.032767999999999908e+00 1.112891999999999939e+02
1.505000000000000071e+01 1.549323000000000006e+00 1.843332000000000050e+02
1.505000000000000071e+01 2.237315999999999860e+00 2.802180999999999926e+02
1.505000000000000071e+01 2.922752000000000017e+00 3.563335999999999899e+02
1.584999999999999964e+01 2.628257999999999983e-02 1.479706999999999972e+01
1.584999999999999964e+01 4.415427999999999714e-02 2.192755999999999972e+01
1.584999999999999964e+01 6.232185999999999976e-02 3.313315000000000055e+01
1.584999999999999964e+01 9.020585000000000409e-02 3.370412999999999926e+01
1.584999999999999964e+01 1.352297000000000082e-01 4.124815000000000254e+01
1.584999999999999964e+01 2.038964000000000054e-01 4.557124999999999915e+01
1.584999999999999964e+01 3.056348999999999871e-01 4.473205000000000098e+01
1.584999999999999964e+01 4.586450999999999723e-01 4.322240000000000038e+01
1.584999999999999964e+01 6.883943999999999619e-01 4.491087999999999880e+01
1.584999999999999964e+01 1.032767999999999908e+00 5.792810999999999666e+01
1.584999999999999964e+01 1.549323000000000006e+00 9.383834000000000231e+01
1.584999999999999964e+01 2.237315999999999860e+00 1.416135999999999910e+02
1.584999999999999964e+01 2.922752000000000017e+00 1.801367999999999938e+02
1.669000000000000128e+01 2.628257999999999983e-02 8.349719999999999587e+00
1.669000000000000128e+01 4.415427999999999714e-02 1.280099000000000053e+01
1.669000000000000128e+01 6.232185999999999976e-02 1.943887000000000143e+01
1.669000000000000128e+01 9.020585000000000409e-02 2.035234000000000165e+01
1.669000000000000128e+01 1.352297000000000082e-01 2.565748999999999924e+01
1.669000000000000128e+01 2.038964000000000054e-01 2.959205000000000041e+01
1.669000000000000128e+01 3.056348999999999871e-01 2.953501999999999938e+01
1.669000000000000128e+01 4.586450999999999723e-01 2.837465999999999866e+01
1.669000000000000128e+01 6.883943999999999619e-01 2.667634999999999934e+01
1.669000000000000128e+01 1.032767999999999908e+00 2.952792000000000172e+01
1.669000000000000128e+01 1.549323000000000006e+00 4.385112999999999772e+01
1.669000000000000128e+01 2.237315999999999860e+00 6.580607000000000539e+01
1.669000000000000128e+01 2.922752000000000017e+00 8.433034000000000674e+01
1.757000000000000028e+01 2.628257999999999983e-02 3.693680000000000074e+00
1.757000000000000028e+01 4.415427999999999714e-02 5.853049000000000390e+00
1.757000000000000028e+01 6.232185999999999976e-02 9.065808000000000533e+00
1.757000000000000028e+01 9.020585000000000409e-02 9.924357999999999791e+00
1.757000000000000028e+01 1.352297000000000082e-01 1.316149000000000058e+01
1.757000000000000028e+01 2.038964000000000054e-01 1.614883000000000024e+01
1.757000000000000028e+01 3.056348999999999871e-01 1.700753999999999877e+01
1.757000000000000028e+01 4.586450999999999723e-01 1.742409999999999926e+01
1.757000000000000028e+01 6.883943999999999619e-01 1.623783999999999850e+01
1.757000000000000028e+01 1.032767999999999908e+00 1.557895000000000074e+01
1.757000000000000028e+01 1.549323000000000006e+00 1.991836999999999946e+01
1.757000000000000028e+01 2.237315999999999860e+00 2.937903999999999982e+01
1.757000000000000028e+01 2.922752000000000017e+00 3.919192000000000320e+01
1.850000000000000000e+01 2.628257999999999983e-02 1.435051999999999994e+00
1.850000000000000000e+01 4.415427999999999714e-02 2.386111000000000093e+00
1.850000000000000000e+01 6.232185999999999976e-02 3.778017000000000181e+00
1.850000000000000000e+01 9.020585000000000409e-02 4.367310999999999943e+00
1.850000000000000000e+01 1.352297000000000082e-01 6.264721999999999902e+00
1.850000000000000000e+01 2.038964000000000054e-01 8.491424000000000305e+00
1.850000000000000000e+01 3.056348999999999871e-01 1.026046000000000014e+01
1.850000000000000000e+01 4.586450999999999723e-01 1.240544000000000047e+01
1.850000000000000000e+01 6.883943999999999619e-01 1.347760000000000069e+01
1.850000000000000000e+01 1.032767999999999908e+00 1.284028999999999954e+01
1.850000000000000000e+01 1.549323000000000006e+00 1.311617999999999995e+01
1.850000000000000000e+01 2.237315999999999860e+00 1.543228000000000044e+01
1.850000000000000000e+01 2.922752000000000017e+00 1.737608000000000175e+01
1.948000000000000043e+01 2.628257999999999983e-02 4.501081000000000110e-01
1.948000000000000043e+01 4.415427999999999714e-02 7.797288999999999470e-01
1.948000000000000043e+01 6.232185999999999976e-02 1.271544999999999925e+00
1.948000000000000043e+01 9.020585000000000409e-02 1.533268000000000075e+00
1.948000000000000043e+01 1.352297000000000082e-01 2.337912999999999908e+00
1.948000000000000043e+01 2.038964000000000054e-01 3.410089000000000148e+00
1.948000000000000043e+01 3.056348999999999871e-01 4.522162999999999933e+00
1.948000000000000043e+01 4.586450999999999723e-01 6.048534000000000077e+00
1.948000000000000043e+01 6.883943999999999619e-01 7.192598000000000269e+00
1.948000000000000043e+01 1.032767999999999908e+00 7.122645000000000337e+00
1.948000000000000043e+01 1.549323000000000006e+00 6.859243000000000201e+00
1.948000000000000043e+01 2.237315999999999860e+00 7.975310999999999595e+00
1.948000000000000043e+01 2.922752000000000017e+00 9.399782000000000082e+00
2.050000000000000000e+01 2.628257999999999983e-02 1.216669999999999974e-01
2.050000000000000000e+01 4.415427999999999714e-02 2.212559000000000053e-01
2.050000000000000000e+01 6.232185999999999976e-02 3.735739000000000143e-01
2.050000000000000000e+01 9.020585000000000409e-02 4.715532000000000057e-01
2.050000000000000000e+01 1.352297000000000082e-01 7.683995000000000131e-01
2.050000000000000000e+01 2.038964000000000054e-01 1.209499000000000102e+00
2.050000000000000000e+01 3.056348999999999871e-01 1.774038999999999922e+00
2.050000000000000000e+01 4.586450999999999723e-01 2.649043999999999954e+00
2.050000000000000000e+01 6.883943999999999619e-01 3.525005000000000166e+00
2.050000000000000000e+01 1.032767999999999908e+00 3.807478000000000140e+00
2.050000000000000000e+01 1.549323000000000006e+00 3.596795999999999882e+00
2.050000000000000000e+01 2.237315999999999860e+00 4.145108999999999710e+00
2.050000000000000000e+01 2.922752000000000017e+00 5.019881999999999955e+00
2.157999999999999829e+01 2.628257999999999983e-02 3.055164999999999964e-02
2.157999999999999829e+01 4.415427999999999714e-02 5.920335999999999654e-02
2.157999999999999829e+01 6.232185999999999976e-02 1.044974999999999932e-01
2.157999999999999829e+01 9.020585000000000409e-02 1.382655999999999885e-01
2.157999999999999829e+01 1.352297000000000082e-01 2.402623000000000120e-01
2.157999999999999829e+01 2.038964000000000054e-01 4.054189000000000265e-01
2.157999999999999829e+01 3.056348999999999871e-01 6.546644000000000352e-01
2.157999999999999829e+01 4.586450999999999723e-01 1.087744000000000044e+00
2.157999999999999829e+01 6.883943999999999619e-01 1.629947999999999952e+00
2.157999999999999829e+01 1.032767999999999908e+00 1.957988999999999979e+00
2.157999999999999829e+01 1.549323000000000006e+00 1.864303000000000043e+00
2.157999999999999829e+01 2.237315999999999860e+00 2.090662000000000020e+00
2.157999999999999829e+01 2.922752000000000017e+00 2.472002999999999950e+00
2.271000000000000085e+01 2.628257999999999983e-02 8.302369000000000415e-03
2.271000000000000085e+01 4.415427999999999714e-02 1.754783999999999858e-02
2.271000000000000085e+01 6.232185999999999976e-02 3.253087999999999813e-02
2.271000000000000085e+01 9.020585000000000409e-02 4.497596000000000233e-02
2.271000000000000085e+01 1.352297000000000082e-01 8.108419000000000043e-02
2.271000000000000085e+01 2.038964000000000054e-01 1.426804999999999879e-01
2.271000000000000085e+01 3.056348999999999871e-01 2.449581000000000119e-01
2.271000000000000085e+01 4.586450999999999723e-01 4.386381999999999781e-01
2.271000000000000085e+01 6.883943999999999619e-01 7.282720000000000304e-01
2.271000000000000085e+01 1.032767999999999908e+00 9.803600999999999566e-01
2.271000000000000085e+01 1.549323000000000006e+00 9.852762999999999938e-01
2.271000000000000085e+01 2.237315999999999860e+00 1.085134000000000043e+00
2.271000000000000085e+01 2.922752000000000017e+00 1.245187999999999962e+00
2.389000000000000057e+01 2.628257999999999983e-02 3.357797999999999946e-03
2.389000000000000057e+01 4.415427999999999714e-02 7.822964999999999433e-03
2.389000000000000057e+01 6.232185999999999976e-02 1.538534000000000082e-02
2.389000000000000057e+01 9.020585000000000409e-02 2.198390000000000066e-02
2.389000000000000057e+01 1.352297000000000082e-01 3.940587000000000256e-02
2.389000000000000057e+01 2.038964000000000054e-01 6.807807000000000441e-02
2.389000000000000057e+01 3.056348999999999871e-01 1.141028000000000042e-01
2.389000000000000057e+01 4.586450999999999723e-01 2.007186999999999999e-01
2.389000000000000057e+01 6.883943999999999619e-01 3.437605000000000244e-01
2.389000000000000057e+01 1.032767999999999908e+00 5.019597000000000087e-01
2.389000000000000057e+01 1.549323000000000006e+00 5.500049000000000188e-01
2.389000000000000057e+01 2.237315999999999860e+00 5.879697000000000395e-01
2.389000000000000057e+01 2.922752000000000017e+00 6.683219000000000243e-01
2.514000000000000057e+01 2.628257999999999983e-02 2.569907000000000181e-03
2.514000000000000057e+01 4.415427999999999714e-02 6.369215999999999593e-03
2.514000000000000057e+01 6.232185999999999976e-02 1.333861000000000074e-02
2.514000000000000057e+01 9.020585000000000409e-02 1.958290999999999851e-02
2.514000000000000057e+01 1.352297000000000082e-01 3.493878000000000261e-02
2.514000000000000057e+01 2.038964000000000054e-01 5.789558999999999678e-02
2.514000000000000057e+01 3.056348999999999871e-01 9.050437000000000065e-02
2.514000000000000057e+01 4.586450999999999723e-01 1.415939999999999976e-01
2.514000000000000057e+01 6.883943999999999619e-01 2.213390000000000080e-01
2.514000000000000057e+01 1.032767999999999908e+00 3.149391999999999747e-01
2.514000000000000057e+01 1.549323000000000006e+00 3.635602000000000000e-01
2.514000000000000057e+01 2.237315999999999860e+00 3.860026999999999764e-01
2.514000000000000057e+01 2.922752000000000017e+00 4.330747999999999820e-01
2.644000000000000128e+01 2.628257999999999983e-02 3.085520000000000016e-03
2.644000000000000128e+01 4.415427999999999714e-02 7.762803000000000411e-03
2.644000000000000128e+01 6.232185999999999976e-02 1.693648000000000028e-02
2.644000000000000128e+01 9.020585000000000409e-02 2.510383999999999879e-02
2.644000000000000128e+01 1.352297000000000082e-01 4.499808000000000280e-02
2.644000000000000128e+01 2.038964000000000054e-01 7.309250000000000469e-02
2.644000000000000128e+01 3.056348999999999871e-01 1.104298999999999975e-01
2.644000000000000128e+01 4.586450999999999723e-01 1.590588000000000002e-01
2.644000000000000128e+01 6.883943999999999619e-01 2.241323000000000065e-01
2.644000000000000128e+01 1.032767999999999908e+00 2.910001999999999867e-01
2.644000000000000128e+01 1.549323000000000006e+00 3.330254000000000270e-01
2.644000000000000128e+01 2.237315999999999860e+00 3.615439999999999765e-01
2.644000000000000128e+01 2.922752000000000017e+00 3.896737000000000117e-01
2.782000000000000028e+01 2.628257999999999983e-02 4.419468000000000181e-03
2.782000000000000028e+01 4.415427999999999714e-02 1.113219000000000014e-02
2.782000000000000028e+01 6.232185999999999976e-02 2.482198999999999864e-02
2.782000000000000028e+01 9.020585000000000409e-02 3.674691000000000068e-02
2.782000000000000028e+01 1.352297000000000082e-01 6.624889999999999946e-02
2.782000000000000028e+01 2.038964000000000054e-01 1.068979000000000040e-01
2.782000000000000028e+01 3.056348999999999871e-01 1.603594000000000130e-01
2.782000000000000028e+01 4.586450999999999723e-01 2.255774000000000112e-01
2.782000000000000028e+01 6.883943999999999619e-01 3.069973999999999759e-01
2.782000000000000028e+01 1.032767999999999908e+00 3.786545000000000050e-01
2.782000000000000028e+01 1.549323000000000006e+00 4.266077999999999815e-01
2.782000000000000028e+01 2.237315999999999860e+00 4.765666000000000069e-01
2.782000000000000028e+01 2.922752000000000017e+00 5.129272000000000276e-01
2.926000000000000156e+01 2.628257999999999983e-02 6.466201000000000414e-03
2.926000000000000156e+01 4.415427999999999714e-02 1.628515999999999991e-02
2.926000000000000156e+01 6.232185999999999976e-02 3.669889999999999958e-02
2.926000000000000156e+01 9.020585000000000409e-02 5.416007999999999933e-02
2.926000000000000156e+01 1.352297000000000082e-01 9.797356999999999594e-02
2.926000000000000156e+01 2.038964000000000054e-01 1.575547999999999949e-01
2.926000000000000156e+01 3.056348999999999871e-01 2.366840000000000055e-01
2.926000000000000156e+01 4.586450999999999723e-01 3.326749999999999985e-01
2.926000000000000156e+01 6.883943999999999619e-01 4.507989000000000024e-01
2.926000000000000156e+01 1.032767999999999908e+00 5.500979999999999759e-01
2.926000000000000156e+01 1.549323000000000006e+00 6.207616000000000245e-01
2.926000000000000156e+01 2.237315999999999860e+00 7.147052000000000405e-01
2.926000000000000156e+01 2.922752000000000017e+00 8.082086000000000547e-01
3.076999999999999957e+01 2.628257999999999983e-02 9.340664000000000258e-03
3.076999999999999957e+01 4.415427999999999714e-02 2.344459999999999947e-02
3.076999999999999957e+01 6.232185999999999976e-02 5.318545999999999691e-02
3.076999999999999957e+01 9.020585000000000409e-02 7.823230000000000461e-02
3.076999999999999957e+01 1.352297000000000082e-01 1.417728000000000044e-01
3.076999999999999957e+01 2.038964000000000054e-01 2.281768999999999881e-01
3.076999999999999957e+01 3.056348999999999871e-01 3.435033000000000114e-01
3.076999999999999957e+01 4.586450999999999723e-01 4.859055999999999931e-01
3.076999999999999957e+01 6.883943999999999619e-01 6.628545999999999605e-01
3.076999999999999957e+01 1.032767999999999908e+00 8.113337000000000465e-01
3.076999999999999957e+01 1.549323000000000006e+00 9.278505000000000225e-01
3.076999999999999957e+01 2.237315999999999860e+00 1.094044000000000016e+00
3.076999999999999957e+01 2.922752000000000017e+00 1.268936000000000064e+00
3.235999999999999943e+01 2.628257999999999983e-02 1.300493999999999956e-02
3.235999999999999943e+01 4.415427999999999714e-02 3.280896999999999980e-02
3.235999999999999943e+01 6.232185999999999976e-02 7.524504999999999388e-02
3.235999999999999943e+01 9.020585000000000409e-02 1.101152999999999993e-01
3.235999999999999943e+01 1.352297000000000082e-01 1.999713999999999936e-01
3.235999999999999943e+01 2.038964000000000054e-01 3.219102999999999826e-01
3.235999999999999943e+01 3.056348999999999871e-01 4.865389999999999993e-01
3.235999999999999943e+01 4.586450999999999723e-01 6.948058000000000289e-01
3.235999999999999943e+01 6.883943999999999619e-01 9.536453000000000291e-01
3.235999999999999943e+01 1.032767999999999908e+00 1.172193999999999958e+00
3.235999999999999943e+01 1.549323000000000006e+00 1.360328999999999899e+00
3.235999999999999943e+01 2.237315999999999860e+00 1.634549000000000030e+00
3.235999999999999943e+01 2.922752000000000017e+00 1.956059999999999910e+00
3.403000000000000114e+01 2.628257999999999983e-02 2.061411000000000104e+00
3.403000000000000114e+01 4.415427999999999714e-02 5.162838999999999956e+00
3.403000000000000114e+01 6.232185999999999976e-02 1.396441000000000088e+01
3.403000000000000114e+01 9.020585000000000409e-02 1.986757000000000062e+01
3.403000000000000114e+01 1.352297000000000082e-01 3.666405000000000314e+01
3.403000000000000114e+01 2.038964000000000054e-01 6.040037000000000234e+01
3.403000000000000114e+01 3.056348999999999871e-01 9.774412999999999840e+01
3.403000000000000114e+01 4.586450999999999723e-01 1.608968999999999880e+02
3.403000000000000114e+01 6.883943999999999619e-01 2.623018000000000143e+02
3.403000000000000114e+01 1.032767999999999908e+00 3.916539999999999964e+02
3.403000000000000114e+01 1.549323000000000006e+00 5.639986000000000104e+02
3.403000000000000114e+01 2.237315999999999860e+00 8.040777000000000498e+02
3.403000000000000114e+01 2.922752000000000017e+00 1.059263999999999896e+03
6.000000000000000000e+00 2.628257999999999983e-02 9.532057999999999504e-03
6.000000000000000000e+00 4.415427999999999714e-02 4.012501000000000262e-02
6.000000000000000000e+00 6.232185999999999976e-02 8.577458999999999778e-02
6.000000000000000000e+00 9.020585000000000409e-02 1.395414000000000099e-01
6.000000000000000000e+00 1.352297000000000082e-01 2.978761999999999799e-01
6.000000000000000000e+00 2.038964000000000054e-01 2.883595999999999937e-01
6.000000000000000000e+00 3.056348999999999871e-01 2.171433000000000113e-01
6.000000000000000000e+00 4.586450999999999723e-01 1.778881999999999963e-01
6.000000000000000000e+00 6.883943999999999619e-01 1.536926999999999877e-01
6.000000000000000000e+00 1.032767999999999908e+00 1.492880000000000040e-01
6.000000000000000000e+00 1.549323000000000006e+00 1.758809000000000067e-01
6.000000000000000000e+00 2.237315999999999860e+00 2.670466000000000228e-01
6.000000000000000000e+00 2.922752000000000017e+00 4.195844000000000240e-01
6.349999999999999645e+00 2.628257999999999983e-02 3.873603999999999936e-02
6.349999999999999645e+00 4.415427999999999714e-02 1.335475999999999885e-01
6.349999999999999645e+00 6.232185999999999976e-02 2.515699000000000130e-01
6.349999999999999645e+00 9.020585000000000409e-02 4.359689999999999954e-01
6.349999999999999645e+00 1.352297000000000082e-01 7.854539000000000382e-01
6.349999999999999645e+00 2.038964000000000054e-01 7.186012999999999984e-01
6.349999999999999645e+00 3.056348999999999871e-01 5.616628999999999650e-01
6.349999999999999645e+00 4.586450999999999723e-01 4.538482999999999823e-01
6.349999999999999645e+00 6.883943999999999619e-01 3.955543000000000253e-01
6.349999999999999645e+00 1.032767999999999908e+00 3.849067999999999934e-01
6.349999999999999645e+00 1.549323000000000006e+00 4.454116000000000186e-01
6.349999999999999645e+00 2.237315999999999860e+00 6.769749000000000461e-01
6.349999999999999645e+00 2.922752000000000017e+00 1.084416999999999964e+00
6.719999999999999751e+00 2.628257999999999983e-02 7.785296999999999357e-02
6.719999999999999751e+00 4.415427999999999714e-02 2.314500999999999920e-01
6.719999999999999751e+00 6.232185999999999976e-02 4.428679999999999839e-01
6.719999999999999751e+00 9.020585000000000409e-02 8.296059000000000072e-01
6.719999999999999751e+00 1.352297000000000082e-01 1.445311000000000012e+00
6.719999999999999751e+00 2.038964000000000054e-01 1.120179999999999954e+00
6.719999999999999751e+00 3.056348999999999871e-01 9.382095999999999769e-01
6.719999999999999751e+00 4.586450999999999723e-01 7.649593000000000087e-01
6.719999999999999751e+00 6.883943999999999619e-01 6.817733000000000265e-01
6.719999999999999751e+00 1.032767999999999908e+00 6.634571000000000218e-01
6.719999999999999751e+00 1.549323000000000006e+00 7.674345999999999668e-01
6.719999999999999751e+00 2.237315999999999860e+00 1.177076000000000011e+00
6.719999999999999751e+00 2.922752000000000017e+00 1.881607999999999947e+00
7.099999999999999645e+00 2.628257999999999983e-02 6.429332000000000102e-02
7.099999999999999645e+00 4.415427999999999714e-02 2.197006999999999988e-01
7.099999999999999645e+00 6.232185999999999976e-02 4.741838999999999915e-01
7.099999999999999645e+00 9.020585000000000409e-02 9.086767999999999512e-01
7.099999999999999645e+00 1.352297000000000082e-01 1.596438000000000024e+00
7.099999999999999645e+00 2.038964000000000054e-01 1.150819999999999954e+00
7.099999999999999645e+00 3.056348999999999871e-01 1.008847999999999967e+00
7.099999999999999645e+00 4.586450999999999723e-01 8.485730999999999691e-01
7.099999999999999645e+00 6.883943999999999619e-01 7.726821000000000383e-01
7.099999999999999645e+00 1.032767999999999908e+00 7.736617999999999551e-01
7.099999999999999645e+00 1.549323000000000006e+00 8.930837000000000359e-01
7.099999999999999645e+00 2.237315999999999860e+00 1.369909000000000043e+00
7.099999999999999645e+00 2.922752000000000017e+00 2.183326000000000100e+00
7.509999999999999787e+00 2.628257999999999983e-02 3.038683999999999830e-03
7.509999999999999787e+00 4.415427999999999714e-02 2.828307999999999864e-02
7.509999999999999787e+00 6.232185999999999976e-02 1.231890999999999958e-01
7.509999999999999787e+00 9.020585000000000409e-02 2.926187000000000094e-01
7.509999999999999787e+00 1.352297000000000082e-01 6.298723000000000516e-01
7.509999999999999787e+00 2.038964000000000054e-01 4.996295000000000042e-01
7.509999999999999787e+00 3.056348999999999871e-01 4.360142000000000184e-01
7.509999999999999787e+00 4.586450999999999723e-01 3.937107000000000245e-01
7.509999999999999787e+00 6.883943999999999619e-01 3.747035000000000227e-01
7.509999999999999787e+00 1.032767999999999908e+00 3.899981000000000142e-01
7.509999999999999787e+00 1.549323000000000006e+00 4.581677000000000111e-01
7.509999999999999787e+00 2.237315999999999860e+00 6.952066000000000079e-01
7.509999999999999787e+00 2.922752000000000017e+00 1.110595999999999917e+00
7.929999999999999716e+00 2.628257999999999983e-02 3.606268000000000251e-01
7.929999999999999716e+00 4.415427999999999714e-02 4.620286000000000115e-01
7.929999999999999716e+00 6.232185999999999976e-02 4.644154999999999811e-01
7.929999999999999716e+00 9.020585000000000409e-02 4.753511999999999738e-01
7.929999999999999716e+00 1.352297000000000082e-01 4.812797999999999798e-01
7.929999999999999716e+00 2.038964000000000054e-01 3.947855000000000114e-01
7.929999999999999716e+00 3.056348999999999871e-01 3.183482999999999730e-01
7.929999999999999716e+00 4.586450999999999723e-01 2.475854000000000110e-01
7.929999999999999716e+00 6.883943999999999619e-01 2.139548000000000005e-01
7.929999999999999716e+00 1.032767999999999908e+00 2.078986999999999918e-01
7.929999999999999716e+00 1.549323000000000006e+00 2.564276999999999807e-01
7.929999999999999716e+00 2.237315999999999860e+00 4.147309000000000134e-01
7.929999999999999716e+00 2.922752000000000017e+00 6.194060000000000121e-01
8.380000000000000782e+00 2.628257999999999983e-02 2.780793000000000070e+00
8.380000000000000782e+00 4.415427999999999714e-02 4.579883999999999844e+00
8.380000000000000782e+00 6.232185999999999976e-02 5.801593999999999696e+00
8.380000000000000782e+00 9.020585000000000409e-02 6.717202999999999591e+00
8.380000000000000782e+00 1.352297000000000082e-01 8.776315000000000310e+00
8.380000000000000782e+00 2.038964000000000054e-01 8.299936999999999898e+00
8.380000000000000782e+00 3.056348999999999871e-01 7.129997000000000362e+00
8.380000000000000782e+00 4.586450999999999723e-01 6.089482000000000284e+00
8.380000000000000782e+00 6.883943999999999619e-01 5.620656999999999570e+00
8.380000000000000782e+00 1.032767999999999908e+00 5.667993000000000059e+00
8.380000000000000782e+00 1.549323000000000006e+00 6.775231999999999921e+00
8.380000000000000782e+00 2.237315999999999860e+00 1.064953000000000038e+01
8.380000000000000782e+00 2.922752000000000017e+00 1.641189999999999927e+01
8.849999999999999645e+00 2.628257999999999983e-02 9.306492999999999682e+00
8.849999999999999645e+00 4.415427999999999714e-02 1.593868999999999936e+01
8.849999999999999645e+00 6.232185999999999976e-02 2.027128000000000085e+01
8.849999999999999645e+00 9.020585000000000409e-02 2.272831000000000046e+01
8.849999999999999645e+00 1.352297000000000082e-01 3.105721000000000132e+01
8.849999999999999645e+00 2.038964000000000054e-01 3.310365000000000180e+01
8.849999999999999645e+00 3.056348999999999871e-01 3.080593999999999966e+01
8.849999999999999645e+00 4.586450999999999723e-01 2.824274000000000129e+01
8.849999999999999645e+00 6.883943999999999619e-01 2.719338000000000122e+01
8.849999999999999645e+00 1.032767999999999908e+00 2.836746000000000123e+01
8.849999999999999645e+00 1.549323000000000006e+00 3.441694999999999993e+01
8.849999999999999645e+00 2.237315999999999860e+00 5.403296000000000276e+01
8.849999999999999645e+00 2.922752000000000017e+00 8.299022999999999683e+01
9.339999999999999858e+00 2.628257999999999983e-02 2.056129999999999924e+01
9.339999999999999858e+00 4.415427999999999714e-02 3.532081000000000159e+01
9.339999999999999858e+00 6.232185999999999976e-02 4.335746000000000322e+01
9.339999999999999858e+00 9.020585000000000409e-02 4.571940000000000026e+01
9.339999999999999858e+00 1.352297000000000082e-01 6.237946999999999775e+01
9.339999999999999858e+00 2.038964000000000054e-01 7.534641999999999484e+01
9.339999999999999858e+00 3.056348999999999871e-01 7.734073999999999671e+01
9.339999999999999858e+00 4.586450999999999723e-01 7.690426999999999680e+01
9.339999999999999858e+00 6.883943999999999619e-01 7.811861000000000388e+01
9.339999999999999858e+00 1.032767999999999908e+00 8.438630000000000564e+01
9.339999999999999858e+00 1.549323000000000006e+00 1.052625000000000028e+02
9.339999999999999858e+00 2.237315999999999860e+00 1.655079000000000065e+02
9.339999999999999858e+00 2.922752000000000017e+00 2.508457999999999970e+02
9.859999999999999432e+00 2.628257999999999983e-02 3.296703999999999724e+01
9.859999999999999432e+00 4.415427999999999714e-02 5.770156999999999670e+01
9.859999999999999432e+00 6.232185999999999976e-02 6.908751999999999782e+01
9.859999999999999432e+00 9.020585000000000409e-02 6.914073000000000491e+01
9.859999999999999432e+00 1.352297000000000082e-01 8.947405000000000541e+01
9.859999999999999432e+00 2.038964000000000054e-01 1.195155000000000030e+02
9.859999999999999432e+00 3.056348999999999871e-01 1.360120000000000005e+02
9.859999999999999432e+00 4.586450999999999723e-01 1.507159000000000049e+02
9.859999999999999432e+00 6.883943999999999619e-01 1.635660000000000025e+02
9.859999999999999432e+00 1.032767999999999908e+00 1.846115000000000066e+02
9.859999999999999432e+00 1.549323000000000006e+00 2.377341999999999871e+02
9.859999999999999432e+00 2.237315999999999860e+00 3.745063000000000102e+02
9.859999999999999432e+00 2.922752000000000017e+00 5.576097999999999502e+02
