1.040000000000000036e+01 2.628257999999999983e-02 3.520711000000000257e-01
1.040000000000000036e+01 4.415427999999999714e-02 4.154054999999999831e-01
1.040000000000000036e+01 6.232185999999999976e-02 3.609810999999999992e-01
1.040000000000000036e+01 9.020585000000000409e-02 2.616974000000000244e-01
1.040000000000000036e+01 1.352297000000000082e-01 1.899367000000000139e-01
1.040000000000000036e+01 2.038964000000000054e-01 2.480818999999999941e-01
1.040000000000000036e+01 3.056348999999999871e-01 3.040074999999999861e-01
1.040000000000000036e+01 4.586450999999999723e-01 3.405070000000000041e-01
1.040000000000000036e+01 6.883943999999999619e-01 3.656279000000000057e-01
1.040000000000000036e+01 1.032767999999999908e+00 4.102513999999999883e-01
1.040000000000000036e+01 1.549323000000000006e+00 5.119468999999999825e-01
1.040000000000000036e+01 2.237315999999999860e+00 7.896589999999999998e-01
1.040000000000000036e+01 2.922752000000000017e+00 1.233224000000000098e+00
1.097000000000000064e+01 2.628257999999999983e-02 9.675597000000000225e-01
1.097000000000000064e+01 4.415427999999999714e-02 1.484858999999999929e+00
1.097000000000000064e+01 6.232185999999999976e-02 1.637794999999999890e+00
1.097000000000000064e+01 9.020585000000000409e-02 1.407694999999999919e+00
1.097000000000000064e+01 1.352297000000000082e-01 1.186544999999999961e+00
1.097000000000000064e+01 2.038964000000000054e-01 9.516443999999999459e-01
1.097000000000000064e+01 3.056348999999999871e-01 8.414580999999999866e-01
1.097000000000000064e+01 4.586450999999999723e-01 7.567411000000000554e-01
1.097000000000000064e+01 6.883943999999999619e-01 7.387850000000000250e-01
1.097000000000000064e+01 1.032767999999999908e+00 7.671850000000000058e-01
1.097000000000000064e+01 1.549323000000000006e+00 9.319967999999999586e-01
1.097000000000000064e+01 2.237315999999999860e+00 1.357067000000000023e+00
1.097000000000000064e+01 2.922752000000000017e+00 1.854506999999999906e+00
1.157000000000000028e+01 2.628257999999999983e-02 1.632988000000000106e+00
1.157000000000000028e+01 4.415427999999999714e-02 2.781077999999999939e+00
1.157000000000000028e+01 6.232185999999999976e-02 3.345521000000000189e+00
1.157000000000000028e+01 9.020585000000000409e-02 3.111604999999999954e+00
1.157000000000000028e+01 1.352297000000000082e-01 3.042993000000000059e+00
1.157000000000000028e+01 2.038964000000000054e-01 2.895245000000000068e+00
1.157000000000000028e+01 3.056348999999999871e-01 2.896091000000000193e+00
1.157000000000000028e+01 4.586450999999999723e-01 2.992593999999999976e+00
1.157000000000000028e+01 6.883943999999999619e-01 3.209976999999999858e+00
1.157000000000000028e+01 1.032767999999999908e+00 3.550288999999999806e+00
1.157000000000000028e+01 1.549323000000000006e+00 4.559184000000000125e+00
1.157000000000000028e+01 2.237315999999999860e+00 7.006898999999999766e+00
1.157000000000000028e+01 2.922752000000000017e+00 9.973091999999999402e+00
1.219999999999999929e+01 2.628257999999999983e-02 2.038466999999999807e+00
1.219999999999999929e+01 4.415427999999999714e-02 3.665185000000000137e+00
1.219999999999999929e+01 6.232185999999999976e-02 4.562895000000000145e+00
1.219999999999999929e+01 9.020585000000000409e-02 4.448498999999999981e+00
1.219999999999999929e+01 1.352297000000000082e-01 4.665513999999999939e+00
1.219999999999999929e+01 2.038964000000000054e-01 4.788332999999999728e+00
1.219999999999999929e+01 3.056348999999999871e-01 5.185633000000000159e+00
1.219999999999999929e+01 4.586450999999999723e-01 6.083882000000000012e+00
1.219999999999999929e+01 6.883943999999999619e-01 7.233380999999999617e+00
1.219999999999999929e+01 1.032767999999999908e+00 8.679792000000000840e+00
1.219999999999999929e+01 1.549323000000000006e+00 1.181020000000000003e+01
1.219999999999999929e+01 2.237315999999999860e+00 1.849878000000000000e+01
1.219999999999999929e+01 2.922752000000000017e+00 2.636841000000000079e+01
1.285999999999999943e+01 2.628257999999999983e-02 2.005141000000000062e+00
1.285999999999999943e+01 4.415427999999999714e-02 3.742601000000000067e+00
1.285999999999999943e+01 6.232185999999999976e-02 4.696728000000000236e+00
1.285999999999999943e+01 9.020585000000000409e-02 4.747137999999999636e+00
1.285999999999999943e+01 1.352297000000000082e-01 5.262766000000000055e+00
1.285999999999999943e+01 2.038964000000000054e-01 5.722977000000000203e+00
1.285999999999999943e+01 3.056348999999999871e-01 6.673778000000000432e+00
1.285999999999999943e+01 4.586450999999999723e-01 8.825668000000000291e+00
1.285999999999999943e+01 6.883943999999999619e-01 1.159867999999999988e+01
1.285999999999999943e+01 1.032767999999999908e+00 1.517095999999999911e+01
1.285999999999999943e+01 1.549323000000000006e+00 2.183054999999999879e+01
1.285999999999999943e+01 2.237315999999999860e+00 3.457822999999999780e+01
1.285999999999999943e+01 2.922752000000000017e+00 4.886059000000000196e+01
1.355000000000000071e+01 2.628257999999999983e-02 1.599426999999999932e+00
1.355000000000000071e+01 4.415427999999999714e-02 3.060032999999999781e+00
1.355000000000000071e+01 6.232185999999999976e-02 3.802315999999999807e+00
1.355000000000000071e+01 9.020585000000000409e-02 3.955274000000000179e+00
1.355000000000000071e+01 1.352297000000000082e-01 4.655108000000000246e+00
1.355000000000000071e+01 2.038964000000000054e-01 5.489556999999999576e+00
1.355000000000000071e+01 3.056348999999999871e-01 7.077162000000000397e+00
1.355000000000000071e+01 4.586450999999999723e-01 1.054302999999999990e+01
1.355000000000000071e+01 6.883943999999999619e-01 1.531470999999999982e+01
1.355000000000000071e+01 1.032767999999999908e+00 2.171427999999999869e+01
1.355000000000000071e+01 1.549323000000000006e+00 3.313378000000000156e+01
1.355000000000000071e+01 2.237315999999999860e+00 5.285257000000000005e+01
1.355000000000000071e+01 2.922752000000000017e+00 7.365840000000000032e+01
1.427999999999999936e+01 2.628257999999999983e-02 1.035747999999999891e+00
1.427999999999999936e+01 4.415427999999999714e-02 2.034218000000000082e+00
1.427999999999999936e+01 6.232185999999999976e-02 2.429877999999999982e+00
1.427999999999999936e+01 9.020585000000000409e-02 2.650908999999999960e+00
1.427999999999999936e+01 1.352297000000000082e-01 3.403582000000000107e+00
1.427999999999999936e+01 2.038964000000000054e-01 4.581401999999999752e+00
1.427999999999999936e+01 3.056348999999999871e-01 6.808251000000000275e+00
1.427999999999999936e+01 4.586450999999999723e-01 1.140168000000000070e+01
1.427999999999999936e+01 6.883943999999999619e-01 1.806365999999999872e+01
1.427999999999999936e+01 1.032767999999999908e+00 2.747435000000000116e+01
1.427999999999999936e+01 1.549323000000000006e+00 4.371479999999999677e+01
1.427999999999999936e+01 2.237315999999999860e+00 6.909386000000000649e+01
1.427999999999999936e+01 2.922752000000000017e+00 9.370556000000000552e+01
1.505000000000000071e+01 2.628257999999999983e-02 5.302980999999999945e-01
1.505000000000000071e+01 4.415427999999999714e-02 1.078673999999999911e+00
1.505000000000000071e+01 6.232185999999999976e-02 1.228523999999999949e+00
1.505000000000000071e+01 9.020585000000000409e-02 1.464377000000000040e+00
1.505000000000000071e+01 1.352297000000000082e-01 2.240635999999999850e+00
1.505000000000000071e+01 2.038964000000000054e-01 3.736183000000000032e+00
1.505000000000000071e+01 3.056348999999999871e-01 6.546541000000000388e+00
1.505000000000000071e+01 4.586450999999999723e-01 1.194022000000000006e+01
1.505000000000000071e+01 6.883943999999999619e-01 2.011201000000000150e+01
1.505000000000000071e+01 1.032767999999999908e+00 3.238085999999999842e+01
1.505000000000000071e+01 1.549323000000000006e+00 5.323537999999999926e+01
1.505000000000000071e+01 2.237315999999999860e+00 8.228055999999999415e+01
1.505000000000000071e+01 2.922752000000000017e+00 1.086700000000000017e+02
1.584999999999999964e+01 2.628257999999999983e-02 1.979422000000000126e-01
1.584999999999999964e+01 4.415427999999999714e-02 4.366836000000000051e-01
1.584999999999999964e+01 6.232185999999999976e-02 5.493694999999999551e-01
1.584999999999999964e+01 9.020585000000000409e-02 8.101871999999999963e-01
1.584999999999999964e+01 1.352297000000000082e-01 1.682101999999999986e+00
1.584999999999999964e+01 2.038964000000000054e-01 3.430952000000000002e+00
1.584999999999999964e+01 3.056348999999999871e-01 6.709061000000000163e+00
1.584999999999999964e+01 4.586450999999999723e-01 1.258803999999999945e+01
1.584999999999999964e+01 6.883943999999999619e-01 2.190893000000000157e+01
1.584999999999999964e+01 1.032767999999999908e+00 3.656472999999999729e+01
1.584999999999999964e+01 1.549323000000000006e+00 6.196059999999999945e+01
1.584999999999999964e+01 2.237315999999999860e+00 9.381409999999999627e+01
1.584999999999999964e+01 2.922752000000000017e+00 1.201193999999999988e+02
1.669000000000000128e+01 2.628257999999999983e-02 5.019193000000000265e-02
1.669000000000000128e+01 4.415427999999999714e-02 1.463579000000000130e-01
1.669000000000000128e+01 6.232185999999999976e-02 4.145478000000000218e-01
1.669000000000000128e+01 9.020585000000000409e-02 7.221823000000000548e-01
1.669000000000000128e+01 1.352297000000000082e-01 1.776461000000000068e+00
1.669000000000000128e+01 2.038964000000000054e-01 3.750712000000000046e+00
1.669000000000000128e+01 3.056348999999999871e-01 7.362786999999999971e+00
1.669000000000000128e+01 4.586450999999999723e-01 1.340474000000000032e+01
1.669000000000000128e+01 6.883943999999999619e-01 2.338501000000000118e+01
1.669000000000000128e+01 1.032767999999999908e+00 4.007791999999999888e+01
1.669000000000000128e+01 1.549323000000000006e+00 6.890906999999999982e+01
1.669000000000000128e+01 2.237315999999999860e+00 1.024491000000000014e+02
1.669000000000000128e+01 2.922752000000000017e+00 1.275148999999999972e+02
1.757000000000000028e+01 2.628257999999999983e-02 2.983152000000000026e-02
1.757000000000000028e+01 4.415427999999999714e-02 1.201732999999999968e-01
1.757000000000000028e+01 6.232185999999999976e-02 6.360561999999999605e-01
1.757000000000000028e+01 9.020585000000000409e-02 1.033986999999999989e+00
1.757000000000000028e+01 1.352297000000000082e-01 2.320952999999999822e+00
1.757000000000000028e+01 2.038964000000000054e-01 4.462016000000000204e+00
1.757000000000000028e+01 3.056348999999999871e-01 8.258514999999999162e+00
1.757000000000000028e+01 4.586450999999999723e-01 1.427594000000000030e+01
1.757000000000000028e+01 6.883943999999999619e-01 2.461271999999999949e+01
1.757000000000000028e+01 1.032767999999999908e+00 4.275130000000000052e+01
1.757000000000000028e+01 1.549323000000000006e+00 7.361063000000000045e+01
1.757000000000000028e+01 2.237315999999999860e+00 1.063859999999999957e+02
1.757000000000000028e+01 2.922752000000000017e+00 1.286497999999999990e+02
1.850000000000000000e+01 2.628257999999999983e-02 7.840729000000000448e-02
1.850000000000000000e+01 4.415427999999999714e-02 2.314807999999999866e-01
1.850000000000000000e+01 6.232185999999999976e-02 9.977953999999999990e-01
1.850000000000000000e+01 9.020585000000000409e-02 1.487373999999999974e+00
1.850000000000000000e+01 1.352297000000000082e-01 3.020586999999999911e+00
1.850000000000000000e+01 2.038964000000000054e-01 5.318124000000000073e+00
1.850000000000000000e+01 3.056348999999999871e-01 9.101777999999999480e+00
1.850000000000000000e+01 4.586450999999999723e-01 1.499610999999999983e+01
1.850000000000000000e+01 6.883943999999999619e-01 2.552140999999999948e+01
1.850000000000000000e+01 1.032767999999999908e+00 4.448995000000000033e+01
1.850000000000000000e+01 1.549323000000000006e+00 7.630321000000000708e+01
1.850000000000000000e+01 2.237315999999999860e+00 1.074307000000000016e+02
1.850000000000000000e+01 2.922752000000000017e+00 1.254314999999999998e+02
1.948000000000000043e+01 2.628257999999999983e-02 1.532852000000000103e-01
1.948000000000000043e+01 4.415427999999999714e-02 3.872890999999999972e-01
1.948000000000000043e+01 6.232185999999999976e-02 1.344683999999999990e+00
1.948000000000000043e+01 9.020585000000000409e-02 1.930498000000000047e+00
1.948000000000000043e+01 1.352297000000000082e-01 3.630892999999999926e+00
1.948000000000000043e+01 2.038964000000000054e-01 6.050474999999999604e+00
1.948000000000000043e+01 3.056348999999999871e-01 9.703504000000000573e+00
1.948000000000000043e+01 4.586450999999999723e-01 1.535553999999999952e+01
1.948000000000000043e+01 6.883943999999999619e-01 2.593326000000000064e+01
1.948000000000000043e+01 1.032767999999999908e+00 4.524723000000000184e+01
1.948000000000000043e+01 1.549323000000000006e+00 7.649522000000000332e+01
1.948000000000000043e+01 2.237315999999999860e+00 1.051975999999999942e+02
1.948000000000000043e+01 2.922752000000000017e+00 1.200408000000000044e+02
2.050000000000000000e+01 2.628257999999999983e-02 2.558203000000000005e-01
2.050000000000000000e+01 4.415427999999999714e-02 5.713137999999999828e-01
2.050000000000000000e+01 6.232185999999999976e-02 1.690299999999999914e+00
2.050000000000000000e+01 9.020585000000000409e-02 2.317811999999999983e+00
2.050000000000000000e+01 1.352297000000000082e-01 4.125217000000000134e+00
2.050000000000000000e+01 2.038964000000000054e-01 6.536969000000000030e+00
2.050000000000000000e+01 3.056348999999999871e-01 9.946453999999999240e+00
2.050000000000000000e+01 4.586450999999999723e-01 1.523025999999999947e+01
2.050000000000000000e+01 6.883943999999999619e-01 2.563481000000000165e+01
2.050000000000000000e+01 1.032767999999999908e+00 4.467506999999999806e+01
2.050000000000000000e+01 1.549323000000000006e+00 7.390370000000000061e+01
2.050000000000000000e+01 2.237315999999999860e+00 9.932918999999999699e+01
2.050000000000000000e+01 2.922752000000000017e+00 1.118601000000000028e+02
2.157999999999999829e+01 2.628257999999999983e-02 3.984056000000000264e-01
2.157999999999999829e+01 4.415427999999999714e-02 8.116980000000000306e-01
2.157999999999999829e+01 6.232185999999999976e-02 2.060815999999999981e+00
2.157999999999999829e+01 9.020585000000000409e-02 2.685010999999999814e+00
2.157999999999999829e+01 1.352297000000000082e-01 4.510194000000000258e+00
2.157999999999999829e+01 2.038964000000000054e-01 6.794044000000000416e+00
2.157999999999999829e+01 3.056348999999999871e-01 9.905827999999999633e+00
2.157999999999999829e+01 4.586450999999999723e-01 1.468807999999999936e+01
2.157999999999999829e+01 6.883943999999999619e-01 2.451736999999999966e+01
2.157999999999999829e+01 1.032767999999999908e+00 4.235878000000000299e+01
2.157999999999999829e+01 1.549323000000000006e+00 6.874446000000000367e+01
2.157999999999999829e+01 2.237315999999999860e+00 9.122979999999999734e+01
2.157999999999999829e+01 2.922752000000000017e+00 1.015694000000000017e+02
2.271000000000000085e+01 2.628257999999999983e-02 6.916995000000000227e-01
2.271000000000000085e+01 4.415427999999999714e-02 1.283009999999999984e+00
2.271000000000000085e+01 6.232185999999999976e-02 2.710319999999999840e+00
2.271000000000000085e+01 9.020585000000000409e-02 3.321308999999999845e+00
2.271000000000000085e+01 1.352297000000000082e-01 5.136015000000000441e+00
2.271000000000000085e+01 2.038964000000000054e-01 7.267229999999999634e+00
2.271000000000000085e+01 3.056348999999999871e-01 1.001665000000000028e+01
2.271000000000000085e+01 4.586450999999999723e-01 1.418979000000000035e+01
2.271000000000000085e+01 6.883943999999999619e-01 2.305462999999999951e+01
2.271000000000000085e+01 1.032767999999999908e+00 3.889822999999999809e+01
2.271000000000000085e+01 1.549323000000000006e+00 6.191295999999999822e+01
2.271000000000000085e+01 2.237315999999999860e+00 8.133620000000000516e+01
2.271000000000000085e+01 2.922752000000000017e+00 8.763155000000000427e+01
2.389000000000000057e+01 2.628257999999999983e-02 1.238688000000000011e+00
2.389000000000000057e+01 4.415427999999999714e-02 2.119476999999999833e+00
2.389000000000000057e+01 6.232185999999999976e-02 3.735660000000000203e+00
2.389000000000000057e+01 9.020585000000000409e-02 4.193293999999999855e+00
2.389000000000000057e+01 1.352297000000000082e-01 5.781914999999999694e+00
2.389000000000000057e+01 2.038964000000000054e-01 7.398774000000000406e+00
2.389000000000000057e+01 3.056348999999999871e-01 9.290969000000000477e+00
2.389000000000000057e+01 4.586450999999999723e-01 1.221809000000000012e+01
2.389000000000000057e+01 6.883943999999999619e-01 1.887465999999999866e+01
2.389000000000000057e+01 1.032767999999999908e+00 3.083438999999999908e+01
2.389000000000000057e+01 1.549323000000000006e+00 4.827758999999999645e+01
2.389000000000000057e+01 2.237315999999999860e+00 6.407053000000000509e+01
2.389000000000000057e+01 2.922752000000000017e+00 7.109278000000000475e+01
2.514000000000000057e+01 2.628257999999999983e-02 2.089885999999999910e+00
2.514000000000000057e+01 4.415427999999999714e-02 3.402474000000000220e+00
2.514000000000000057e+01 6.232185999999999976e-02 5.234299000000000035e+00
2.514000000000000057e+01 9.020585000000000409e-02 5.448284000000000127e+00
2.514000000000000057e+01 1.352297000000000082e-01 6.765546999999999755e+00
2.514000000000000057e+01 2.038964000000000054e-01 7.721105999999999803e+00
2.514000000000000057e+01 3.056348999999999871e-01 8.504457999999999629e+00
2.514000000000000057e+01 4.586450999999999723e-01 9.806219000000000463e+00
2.514000000000000057e+01 6.883943999999999619e-01 1.352458000000000027e+01
2.514000000000000057e+01 1.032767999999999908e+00 2.060861999999999838e+01
2.514000000000000057e+01 1.549323000000000006e+00 3.142142000000000124e+01
2.514000000000000057e+01 2.237315999999999860e+00 4.213918000000000319e+01
2.514000000000000057e+01 2.922752000000000017e+00 4.793242000000000047e+01
2.644000000000000128e+01 2.628257999999999983e-02 2.390886000000000067e+00
2.644000000000000128e+01 4.415427999999999714e-02 3.906664000000000136e+00
2.644000000000000128e+01 6.232185999999999976e-02 5.688247999999999749e+00
2.644000000000000128e+01 9.020585000000000409e-02 5.729631000000000363e+00
2.644000000000000128e+01 1.352297000000000082e-01 6.736366000000000298e+00
2.644000000000000128e+01 2.038964000000000054e-01 7.179657999999999873e+00
2.644000000000000128e+01 3.056348999999999871e-01 7.102153999999999634e+00
2.644000000000000128e+01 4.586450999999999723e-01 7.140798000000000201e+00
2.644000000000000128e+01 6.883943999999999619e-01 8.257965999999999696e+00
2.644000000000000128e+01 1.032767999999999908e+00 1.101310999999999929e+01
2.644000000000000128e+01 1.549323000000000006e+00 1.591308000000000078e+01
2.644000000000000128e+01 2.237315999999999860e+00 2.136446000000000112e+01
2.644000000000000128e+01 2.922752000000000017e+00 2.482235999999999976e+01
2.782000000000000028e+01 2.628257999999999983e-02 1.434943999999999997e+00
2.782000000000000028e+01 4.415427999999999714e-02 2.458629000000000175e+00
2.782000000000000028e+01 6.232185999999999976e-02 3.640448000000000128e+00
2.782000000000000028e+01 9.020585000000000409e-02 3.753182999999999936e+00
2.782000000000000028e+01 1.352297000000000082e-01 4.527644999999999698e+00
2.782000000000000028e+01 2.038964000000000054e-01 4.908876000000000239e+00
2.782000000000000028e+01 3.056348999999999871e-01 4.757247999999999699e+00
2.782000000000000028e+01 4.586450999999999723e-01 4.548712000000000089e+00
2.782000000000000028e+01 6.883943999999999619e-01 4.541548999999999836e+00
2.782000000000000028e+01 1.032767999999999908e+00 5.003218999999999639e+00
2.782000000000000028e+01 1.549323000000000006e+00 6.448457999999999579e+00
2.782000000000000028e+01 2.237315999999999860e+00 8.399257000000000417e+00
2.782000000000000028e+01 2.922752000000000017e+00 9.780310999999999311e+00
2.926000000000000156e+01 2.628257999999999983e-02 4.467146000000000172e-01
2.926000000000000156e+01 4.415427999999999714e-02 8.281958999999999849e-01
2.926000000000000156e+01 6.232185999999999976e-02 1.313310999999999895e+00
2.926000000000000156e+01 9.020585000000000409e-02 1.449294000000000082e+00
2.926000000000000156e+01 1.352297000000000082e-01 1.907408999999999910e+00
2.926000000000000156e+01 2.038964000000000054e-01 2.263201000000000018e+00
2.926000000000000156e+01 3.056348999999999871e-01 2.371287999999999840e+00
2.926000000000000156e+01 4.586450999999999723e-01 2.442886999999999809e+00
2.926000000000000156e+01 6.883943999999999619e-01 2.452116999999999880e+00
2.926000000000000156e+01 1.032767999999999908e+00 2.444843999999999795e+00
2.926000000000000156e+01 1.549323000000000006e+00 2.738802000000000181e+00
2.926000000000000156e+01 2.237315999999999860e+00 3.351487999999999801e+00
2.926000000000000156e+01 2.922752000000000017e+00 3.924307999999999907e+00
3.076999999999999957e+01 2.628257999999999983e-02 1.003911999999999999e-01
3.076999999999999957e+01 4.415427999999999714e-02 2.050299999999999900e-01
3.076999999999999957e+01 6.232185999999999976e-02 3.610275000000000012e-01
3.076999999999999957e+01 9.020585000000000409e-02 4.360258000000000189e-01
3.076999999999999957e+01 1.352297000000000082e-01 6.426591999999999860e-01
3.076999999999999957e+01 2.038964000000000054e-01 8.624559000000000530e-01
3.076999999999999957e+01 3.056348999999999871e-01 1.036038000000000014e+00
3.076999999999999957e+01 4.586450999999999723e-01 1.232434999999999947e+00
3.076999999999999957e+01 6.883943999999999619e-01 1.399378000000000011e+00
3.076999999999999957e+01 1.032767999999999908e+00 1.473867000000000038e+00
3.076999999999999957e+01 1.549323000000000006e+00 1.581860999999999962e+00
3.076999999999999957e+01 2.237315999999999860e+00 1.880366999999999900e+00
3.076999999999999957e+01 2.922752000000000017e+00 2.205461000000000116e+00
3.235999999999999943e+01 2.628257999999999983e-02 2.735945999999999864e-02
3.235999999999999943e+01 4.415427999999999714e-02 6.224073000000000105e-02
3.235999999999999943e+01 6.232185999999999976e-02 1.246856999999999965e-01
3.235999999999999943e+01 9.020585000000000409e-02 1.648714000000000013e-01
3.235999999999999943e+01 1.352297000000000082e-01 2.702435999999999727e-01
3.235999999999999943e+01 2.038964000000000054e-01 4.026774000000000187e-01
3.235999999999999943e+01 3.056348999999999871e-01 5.502046000000000436e-01
3.235999999999999943e+01 4.586450999999999723e-01 7.424039000000000055e-01
3.235999999999999943e+01 6.883943999999999619e-01 9.603021999999999947e-01
3.235999999999999943e+01 1.032767999999999908e+00 1.127388999999999974e+00
3.235999999999999943e+01 1.549323000000000006e+00 1.271096000000000004e+00
3.235999999999999943e+01 2.237315999999999860e+00 1.534334000000000087e+00
3.235999999999999943e+01 2.922752000000000017e+00 1.851015000000000077e+00
3.403000000000000114e+01 2.628257999999999983e-02 1.391879000000000033e-02
3.403000000000000114e+01 4.415427999999999714e-02 3.411045000000000049e-02
3.403000000000000114e+01 6.232185999999999976e-02 7.577668999999999377e-02
3.403000000000000114e+01 9.020585000000000409e-02 1.066870000000000041e-01
3.403000000000000114e+01 1.352297000000000082e-01 1.873871000000000009e-01
3.403000000000000114e+01 2.038964000000000054e-01 2.959852000000000039e-01
3.403000000000000114e+01 3.056348999999999871e-01 4.375145999999999757e-01
3.403000000000000114e+01 4.586450999999999723e-01 6.270839999999999748e-01
3.403000000000000114e+01 6.883943999999999619e-01 8.620653999999999817e-01
3.403000000000000114e+01 1.032767999999999908e+00 1.069382000000000055e+00
3.403000000000000114e+01 1.549323000000000006e+00 1.265520999999999896e+00
3.403000000000000114e+01 2.237315999999999860e+00 1.570354000000000028e+00
3.403000000000000114e+01 2.922752000000000017e+00 1.945179999999999909e+00
6.000000000000000000e+00 2.628257999999999983e-02 6.932283000000000480e-07
6.000000000000000000e+00 4.415427999999999714e-02 3.479216000000000097e-06
6.000000000000000000e+00 6.232185999999999976e-02 8.489478999999999835e-06
6.000000000000000000e+00 9.020585000000000409e-02 2.154290000000000003e-05
6.000000000000000000e+00 1.352297000000000082e-01 4.564709999999999872e-05
6.000000000000000000e+00 2.038964000000000054e-01 7.336146999999999677e-05
6.000000000000000000e+00 3.056348999999999871e-01 1.680196000000000066e-04
6.000000000000000000e+00 4.586450999999999723e-01 2.310125999999999911e-04
6.000000000000000000e+00 6.883943999999999619e-01 3.302630999999999991e-04
6.000000000000000000e+00 1.032767999999999908e+00 3.668314999999999792e-04
6.000000000000000000e+00 1.549323000000000006e+00 3.856287000000000235e-04
6.000000000000000000e+00 2.237315999999999860e+00 6.411795000000000298e-04
6.000000000000000000e+00 2.922752000000000017e+00 1.054706999999999997e-03
6.349999999999999645e+00 2.628257999999999983e-02 8.640945999999999718e-05
6.349999999999999645e+00 4.415427999999999714e-02 5.986153999999999607e-04
6.349999999999999645e+00 6.232185999999999976e-02 8.926698999999999962e-04
6.349999999999999645e+00 9.020585000000000409e-02 2.113503999999999990e-03
6.349999999999999645e+00 1.352297000000000082e-01 4.841777000000000233e-03
6.349999999999999645e+00 2.038964000000000054e-01 5.441332999999999587e-03
6.349999999999999645e+00 3.056348999999999871e-01 6.995587999999999633e-03
6.349999999999999645e+00 4.586450999999999723e-01 7.907868000000000189e-03
6.349999999999999645e+00 6.883943999999999619e-01 7.294242999999999734e-03
6.349999999999999645e+00 1.032767999999999908e+00 6.346107999999999610e-03
6.349999999999999645e+00 1.549323000000000006e+00 7.493338000000000429e-03
6.349999999999999645e+00 2.237315999999999860e+00 1.170986000000000075e-02
6.349999999999999645e+00 2.922752000000000017e+00 1.898897000000000085e-02
6.719999999999999751e+00 2.628257999999999983e-02 2.390250999999999921e-03
6.719999999999999751e+00 4.415427999999999714e-02 1.195191999999999956e-02
6.719999999999999751e+00 6.232185999999999976e-02 2.114459999999999951e-02
6.719999999999999751e+00 9.020585000000000409e-02 4.343183999999999934e-02
6.719999999999999751e+00 1.352297000000000082e-01 9.088421000000000693e-02
6.719999999999999751e+00 2.038964000000000054e-01 1.005602000000000024e-01
6.719999999999999751e+00 3.056348999999999871e-01 8.292670000000000596e-02
6.719999999999999751e+00 4.586450999999999723e-01 7.199311999999999379e-02
6.719999999999999751e+00 6.883943999999999619e-01 6.432907999999999682e-02
6.719999999999999751e+00 1.032767999999999908e+00 5.937339999999999979e-02
6.719999999999999751e+00 1.549323000000000006e+00 6.622453999999999841e-02
6.719999999999999751e+00 2.237315999999999860e+00 1.067306999999999978e-01
6.719999999999999751e+00 2.922752000000000017e+00 1.753326000000000051e-01
7.099999999999999645e+00 2.628257999999999983e-02 2.170651999999999998e-02
7.099999999999999645e+00 4.415427999999999714e-02 8.032939000000000052e-02
7.099999999999999645e+00 6.232185999999999976e-02 1.554921999999999971e-01
7.099999999999999645e+00 9.020585000000000409e-02 2.516951000000000049e-01
7.099999999999999645e+00 1.352297000000000082e-01 4.788398999999999850e-01
7.099999999999999645e+00 2.038964000000000054e-01 4.897580999999999740e-01
7.099999999999999645e+00 3.056348999999999871e-01 4.234774000000000038e-01
7.099999999999999645e+00 4.586450999999999723e-01 3.634003000000000094e-01
7.099999999999999645e+00 6.883943999999999619e-01 3.085760000000000169e-01
7.099999999999999645e+00 1.032767999999999908e+00 2.769192999999999794e-01
7.099999999999999645e+00 1.549323000000000006e+00 3.098407000000000244e-01
7.099999999999999645e+00 2.237315999999999860e+00 4.986838000000000104e-01
7.099999999999999645e+00 2.922752000000000017e+00 8.441931000000000296e-01
7.509999999999999787e+00 2.628257999999999983e-02 8.871606999999999410e-02
7.509999999999999787e+00 4.415427999999999714e-02 2.635810000000000097e-01
7.509999999999999787e+00 6.232185999999999976e-02 4.755043999999999937e-01
7.509999999999999787e+00 9.020585000000000409e-02 8.624853000000000103e-01
7.509999999999999787e+00 1.352297000000000082e-01 1.506849000000000105e+00
7.509999999999999787e+00 2.038964000000000054e-01 1.378891000000000089e+00
7.509999999999999787e+00 3.056348999999999871e-01 1.251465999999999967e+00
7.509999999999999787e+00 4.586450999999999723e-01 1.067598999999999965e+00
7.509999999999999787e+00 6.883943999999999619e-01 8.960803000000000518e-01
7.509999999999999787e+00 1.032767999999999908e+00 7.998747000000000495e-01
7.509999999999999787e+00 1.549323000000000006e+00 8.768226999999999549e-01
7.509999999999999787e+00 2.237315999999999860e+00 1.389007000000000103e+00
7.509999999999999787e+00 2.922752000000000017e+00 2.324537999999999993e+00
7.929999999999999716e+00 2.628257999999999983e-02 1.942012999999999934e-01
7.929999999999999716e+00 4.415427999999999714e-02 5.556465999999999905e-01
7.929999999999999716e+00 6.232185999999999976e-02 1.054343999999999948e+00
7.929999999999999716e+00 9.020585000000000409e-02 1.889329999999999954e+00
7.929999999999999716e+00 1.352297000000000082e-01 3.201353999999999811e+00
7.929999999999999716e+00 2.038964000000000054e-01 2.682812999999999892e+00
7.929999999999999716e+00 3.056348999999999871e-01 2.553062000000000165e+00
7.929999999999999716e+00 4.586450999999999723e-01 2.155231000000000119e+00
7.929999999999999716e+00 6.883943999999999619e-01 1.863297999999999899e+00
7.929999999999999716e+00 1.032767999999999908e+00 1.681688999999999989e+00
7.929999999999999716e+00 1.549323000000000006e+00 1.844602999999999993e+00
7.929999999999999716e+00 2.237315999999999860e+00 2.900424000000000113e+00
7.929999999999999716e+00 2.922752000000000017e+00 4.805373999999999590e+00
8.380000000000000782e+00 2.628257999999999983e-02 2.796927000000000163e-01
8.380000000000000782e+00 4.415427999999999714e-02 7.933812000000000086e-01
8.380000000000000782e+00 6.232185999999999976e-02 1.567771999999999943e+00
8.380000000000000782e+00 9.020585000000000409e-02 2.723326999999999831e+00
8.380000000000000782e+00 1.352297000000000082e-01 4.796185999999999616e+00
8.380000000000000782e+00 2.038964000000000054e-01 4.242335999999999885e+00
8.380000000000000782e+00 3.056348999999999871e-01 3.986619000000000135e+00
8.380000000000000782e+00 4.586450999999999723e-01 3.488129999999999953e+00
8.380000000000000782e+00 6.883943999999999619e-01 3.067461000000000215e+00
8.380000000000000782e+00 1.032767999999999908e+00 2.810922999999999838e+00
8.380000000000000782e+00 1.549323000000000006e+00 3.103740000000000165e+00
8.380000000000000782e+00 2.237315999999999860e+00 4.878781000000000034e+00
8.380000000000000782e+00 2.922752000000000017e+00 8.020747999999999323e+00
8.849999999999999645e+00 2.628257999999999983e-02 2.062456000000000012e-01
8.849999999999999645e+00 4.415427999999999714e-02 6.984308999999999656e-01
8.849999999999999645e+00 6.232185999999999976e-02 1.505427000000000071e+00
8.849999999999999645e+00 9.020585000000000409e-02 2.621302000000000021e+00
8.849999999999999645e+00 1.352297000000000082e-01 4.817674000000000234e+00
8.849999999999999645e+00 2.038964000000000054e-01 4.917688000000000059e+00
8.849999999999999645e+00 3.056348999999999871e-01 4.605268999999999835e+00
8.849999999999999645e+00 4.586450999999999723e-01 4.122997999999999941e+00
8.849999999999999645e+00 6.883943999999999619e-01 3.735256999999999827e+00
8.849999999999999645e+00 1.032767999999999908e+00 3.493675000000000086e+00
8.849999999999999645e+00 1.549323000000000006e+00 3.923233000000000192e+00
8.849999999999999645e+00 2.237315999999999860e+00 6.208023999999999987e+00
8.849999999999999645e+00 2.922752000000000017e+00 1.019638999999999918e+01
9.339999999999999858e+00 2.628257999999999983e-02 4.543483000000000244e-02
9.339999999999999858e+00 4.415427999999999714e-02 2.816246000000000027e-01
9.339999999999999858e+00 6.232185999999999976e-02 7.458476000000000550e-01
9.339999999999999858e+00 9.020585000000000409e-02 1.402277999999999913e+00
9.339999999999999858e+00 1.352297000000000082e-01 2.936967999999999801e+00
9.339999999999999858e+00 2.038964000000000054e-01 3.560696000000000083e+00
9.339999999999999858e+00 3.056348999999999871e-01 3.522374999999999812e+00
9.339999999999999858e+00 4.586450999999999723e-01 3.268187999999999871e+00
9.339999999999999858e+00 6.883943999999999619e-01 3.051236999999999977e+00
9.339999999999999858e+00 1.032767999999999908e+00 2.968945000000000167e+00
9.339999999999999858e+00 1.549323000000000006e+00 3.415398000000000156e+00
9.339999999999999858e+00 2.237315999999999860e+00 5.412950999999999624e+00
9.339999999999999858e+00 2.922752000000000017e+00 8.820384000000000668e+00
9.859999999999999432e+00 2.628257999999999983e-02 3.406014000000000264e-02
9.859999999999999432e+00 4.415427999999999714e-02 2.893439999999999901e-02
9.859999999999999432e+00 6.232185999999999976e-02 8.887649000000000243e-02
9.859999999999999432e+00 9.020585000000000409e-02 2.767294000000000143e-01
9.859999999999999432e+00 1.352297000000000082e-01 8.581005999999999911e-01
9.859999999999999432e+00 2.038964000000000054e-01 1.409858000000000056e+00
9.859999999999999432e+00 3.056348999999999871e-01 1.562006000000000006e+00
9.859999999999999432e+00 4.586450999999999723e-01 1.571091999999999933e+00
9.859999999999999432e+00 6.883943999999999619e-01 1.550145000000000106e+00
9.859999999999999432e+00 1.032767999999999908e+00 1.586103999999999958e+00
9.859999999999999432e+00 1.549323000000000006e+00 1.882751999999999981e+00
9.859999999999999432e+00 2.237315999999999860e+00 2.973662000000000027e+00
9.859999999999999432e+00 2.922752000000000017e+00 4.786963000000000079e+00
