1.948000000000000043e+01 2.628257999999999983e-02 3.251527000000000167e-01
1.948000000000000043e+01 4.415427999999999714e-02 6.672493000000000452e-01
1.948000000000000043e+01 6.232185999999999976e-02 1.828686999999999951e+00
1.948000000000000043e+01 9.020585000000000409e-02 2.438117000000000090e+00
1.948000000000000043e+01 1.352297000000000082e-01 4.210606000000000293e+00
1.948000000000000043e+01 2.038964000000000054e-01 6.591950999999999894e+00
1.948000000000000043e+01 3.056348999999999871e-01 9.977560000000000429e+00
1.948000000000000043e+01 4.586450999999999723e-01 1.505602999999999980e+01
1.948000000000000043e+01 6.883943999999999619e-01 2.456445000000000078e+01
1.948000000000000043e+01 1.032767999999999908e+00 4.196840999999999866e+01
1.948000000000000043e+01 1.549323000000000006e+00 6.992691000000000656e+01
1.948000000000000043e+01 2.237315999999999860e+00 9.289400999999999442e+01
1.948000000000000043e+01 2.922752000000000017e+00 9.919348999999999705e+01
