1.757000000000000028e+01 2.628257999999999983e-02 5.137187999999999732e+01
1.757000000000000028e+01 4.415427999999999714e-02 6.339511999999999858e+01
1.757000000000000028e+01 6.232185999999999976e-02 8.603040000000000020e+01
1.757000000000000028e+01 9.020585000000000409e-02 8.207851999999999748e+01
1.757000000000000028e+01 1.352297000000000082e-01 9.521568000000000609e+01
1.757000000000000028e+01 2.038964000000000054e-01 1.153883000000000010e+02
1.757000000000000028e+01 3.056348999999999871e-01 1.514037999999999897e+02
1.757000000000000028e+01 4.586450999999999723e-01 1.989036000000000115e+02
1.757000000000000028e+01 6.883943999999999619e-01 2.806644999999999754e+02
1.757000000000000028e+01 1.032767999999999908e+00 4.253548999999999864e+02
1.757000000000000028e+01 1.549323000000000006e+00 6.809505000000000337e+02
1.757000000000000028e+01 2.237315999999999860e+00 8.826032999999999902e+02
1.757000000000000028e+01 2.922752000000000017e+00 8.607250000000000227e+02
