1.040000000000000036e+01 2.628257999999999983e-02 1.292248000000000019e+01
1.040000000000000036e+01 4.415427999999999714e-02 2.003291000000000111e+01
1.040000000000000036e+01 6.232185999999999976e-02 2.255086000000000013e+01
1.040000000000000036e+01 9.020585000000000409e-02 1.755386000000000024e+01
1.040000000000000036e+01 1.352297000000000082e-01 1.316760000000000019e+01
1.040000000000000036e+01 2.038964000000000054e-01 8.771312999999999249e+00
1.040000000000000036e+01 3.056348999999999871e-01 5.959061000000000163e+00
1.040000000000000036e+01 4.586450999999999723e-01 4.497812999999999839e+00
1.040000000000000036e+01 6.883943999999999619e-01 4.308790000000000120e+00
1.040000000000000036e+01 1.032767999999999908e+00 4.782695000000000363e+00
1.040000000000000036e+01 1.549323000000000006e+00 6.052910999999999930e+00
1.040000000000000036e+01 2.237315999999999860e+00 9.278980999999999923e+00
1.040000000000000036e+01 2.922752000000000017e+00 1.372397999999999918e+01
1.097000000000000064e+01 2.628257999999999983e-02 2.655854000000000070e+01
1.097000000000000064e+01 4.415427999999999714e-02 4.185976999999999748e+01
1.097000000000000064e+01 6.232185999999999976e-02 4.564817000000000036e+01
1.097000000000000064e+01 9.020585000000000409e-02 3.463866000000000156e+01
1.097000000000000064e+01 1.352297000000000082e-01 2.440331000000000117e+01
1.097000000000000064e+01 2.038964000000000054e-01 1.559002000000000088e+01
1.097000000000000064e+01 3.056348999999999871e-01 1.142417000000000016e+01
1.097000000000000064e+01 4.586450999999999723e-01 1.148677999999999955e+01
1.097000000000000064e+01 6.883943999999999619e-01 1.370804000000000045e+01
1.097000000000000064e+01 1.032767999999999908e+00 1.690642000000000067e+01
1.097000000000000064e+01 1.549323000000000006e+00 2.241432999999999964e+01
1.097000000000000064e+01 2.237315999999999860e+00 3.069444999999999979e+01
1.097000000000000064e+01 2.922752000000000017e+00 3.554043999999999670e+01
1.157000000000000028e+01 2.628257999999999983e-02 4.894071000000000282e+01
1.157000000000000028e+01 4.415427999999999714e-02 7.873919999999999675e+01
1.157000000000000028e+01 6.232185999999999976e-02 8.494698999999999955e+01
1.157000000000000028e+01 9.020585000000000409e-02 6.409874000000000649e+01
1.157000000000000028e+01 1.352297000000000082e-01 4.411773000000000167e+01
1.157000000000000028e+01 2.038964000000000054e-01 2.895371000000000095e+01
1.157000000000000028e+01 3.056348999999999871e-01 2.650900000000000034e+01
1.157000000000000028e+01 4.586450999999999723e-01 3.605698999999999899e+01
1.157000000000000028e+01 6.883943999999999619e-01 5.013716999999999757e+01
1.157000000000000028e+01 1.032767999999999908e+00 6.561524000000000001e+01
1.157000000000000028e+01 1.549323000000000006e+00 9.000441999999999609e+01
1.157000000000000028e+01 2.237315999999999860e+00 1.221436999999999955e+02
1.157000000000000028e+01 2.922752000000000017e+00 1.320883000000000038e+02
1.219999999999999929e+01 2.628257999999999983e-02 7.250530000000000541e+01
1.219999999999999929e+01 4.415427999999999714e-02 1.202956999999999965e+02
1.219999999999999929e+01 6.232185999999999976e-02 1.303538000000000068e+02
1.219999999999999929e+01 9.020585000000000409e-02 9.957622000000000639e+01
1.219999999999999929e+01 1.352297000000000082e-01 7.001429000000000258e+01
1.219999999999999929e+01 2.038964000000000054e-01 5.017329999999999757e+01
1.219999999999999929e+01 3.056348999999999871e-01 5.689602000000000004e+01
1.219999999999999929e+01 4.586450999999999723e-01 8.996139999999999759e+01
1.219999999999999929e+01 6.883943999999999619e-01 1.324353999999999871e+02
1.219999999999999929e+01 1.032767999999999908e+00 1.786517000000000053e+02
1.219999999999999929e+01 1.549323000000000006e+00 2.525208000000000084e+02
1.219999999999999929e+01 2.237315999999999860e+00 3.402420999999999935e+02
1.219999999999999929e+01 2.922752000000000017e+00 3.593419000000000096e+02
1.285999999999999943e+01 2.628257999999999983e-02 7.494450000000000500e+01
1.285999999999999943e+01 4.415427999999999714e-02 1.311742000000000132e+02
1.285999999999999943e+01 6.232185999999999976e-02 1.439627999999999872e+02
1.285999999999999943e+01 9.020585000000000409e-02 1.139458999999999946e+02
1.285999999999999943e+01 1.352297000000000082e-01 8.666214999999999691e+01
1.285999999999999943e+01 2.038964000000000054e-01 7.402217000000000269e+01
1.285999999999999943e+01 3.056348999999999871e-01 1.016548999999999978e+02
1.285999999999999943e+01 4.586450999999999723e-01 1.727488999999999919e+02
1.285999999999999943e+01 6.883943999999999619e-01 2.610830000000000268e+02
1.285999999999999943e+01 1.032767999999999908e+00 3.605283000000000015e+02
1.285999999999999943e+01 1.549323000000000006e+00 5.264822000000000344e+02
1.285999999999999943e+01 2.237315999999999860e+00 7.092608999999999924e+02
1.285999999999999943e+01 2.922752000000000017e+00 7.356852000000000089e+02
1.355000000000000071e+01 2.628257999999999983e-02 4.101550000000000296e+01
1.355000000000000071e+01 4.415427999999999714e-02 8.066790000000000305e+01
1.355000000000000071e+01 6.232185999999999976e-02 9.128043999999999869e+01
1.355000000000000071e+01 9.020585000000000409e-02 7.939744000000000312e+01
1.355000000000000071e+01 1.352297000000000082e-01 7.427527999999999508e+01
1.355000000000000071e+01 2.038964000000000054e-01 8.823301999999999623e+01
1.355000000000000071e+01 3.056348999999999871e-01 1.466015999999999906e+02
1.355000000000000071e+01 4.586450999999999723e-01 2.553170000000000073e+02
1.355000000000000071e+01 6.883943999999999619e-01 3.902966000000000122e+02
1.355000000000000071e+01 1.032767999999999908e+00 5.510239000000000260e+02
1.355000000000000071e+01 1.549323000000000006e+00 8.301997999999999820e+02
1.355000000000000071e+01 2.237315999999999860e+00 1.128797000000000025e+03
1.355000000000000071e+01 2.922752000000000017e+00 1.155123000000000047e+03
1.427999999999999936e+01 2.628257999999999983e-02 3.205389999999999961e+00
1.427999999999999936e+01 4.415427999999999714e-02 1.226199000000000083e+01
1.427999999999999936e+01 6.232185999999999976e-02 1.870788999999999902e+01
1.427999999999999936e+01 9.020585000000000409e-02 2.704692999999999969e+01
1.427999999999999936e+01 1.352297000000000082e-01 4.714589999999999748e+01
1.427999999999999936e+01 2.038964000000000054e-01 8.982120000000000459e+01
1.427999999999999936e+01 3.056348999999999871e-01 1.680552000000000135e+02
1.427999999999999936e+01 4.586450999999999723e-01 2.830928000000000111e+02
1.427999999999999936e+01 6.883943999999999619e-01 4.305941000000000258e+02
1.427999999999999936e+01 1.032767999999999908e+00 6.188963999999999714e+02
1.427999999999999936e+01 1.549323000000000006e+00 9.516932000000000471e+02
1.427999999999999936e+01 2.237315999999999860e+00 1.288047000000000025e+03
1.427999999999999936e+01 2.922752000000000017e+00 1.313834000000000060e+03
1.505000000000000071e+01 2.628257999999999983e-02 1.121171999999999969e+01
1.505000000000000071e+01 4.415427999999999714e-02 1.196255999999999986e+01
1.505000000000000071e+01 6.232185999999999976e-02 2.442884000000000100e+01
1.505000000000000071e+01 9.020585000000000409e-02 3.258982000000000312e+01
1.505000000000000071e+01 1.352297000000000082e-01 5.755393999999999721e+01
1.505000000000000071e+01 2.038964000000000054e-01 1.000473999999999961e+02
1.505000000000000071e+01 3.056348999999999871e-01 1.667689000000000021e+02
1.505000000000000071e+01 4.586450999999999723e-01 2.535608000000000004e+02
1.505000000000000071e+01 6.883943999999999619e-01 3.728840000000000146e+02
1.505000000000000071e+01 1.032767999999999908e+00 5.423505000000000109e+02
1.505000000000000071e+01 1.549323000000000006e+00 8.483406999999999698e+02
1.505000000000000071e+01 2.237315999999999860e+00 1.129494999999999891e+03
1.505000000000000071e+01 2.922752000000000017e+00 1.140165999999999940e+03
1.584999999999999964e+01 2.628257999999999983e-02 4.006533000000000300e+01
1.584999999999999964e+01 4.415427999999999714e-02 5.213275999999999755e+01
1.584999999999999964e+01 6.232185999999999976e-02 7.746005999999999858e+01
1.584999999999999964e+01 9.020585000000000409e-02 7.736851000000000056e+01
1.584999999999999964e+01 1.352297000000000082e-01 9.696787999999999386e+01
1.584999999999999964e+01 2.038964000000000054e-01 1.208614000000000033e+02
1.584999999999999964e+01 3.056348999999999871e-01 1.533789999999999907e+02
1.584999999999999964e+01 4.586450999999999723e-01 1.944438000000000102e+02
1.584999999999999964e+01 6.883943999999999619e-01 2.629941999999999780e+02
1.584999999999999964e+01 1.032767999999999908e+00 3.780210000000000150e+02
1.584999999999999964e+01 1.549323000000000006e+00 5.949996999999999616e+02
1.584999999999999964e+01 2.237315999999999860e+00 7.811092999999999620e+02
1.584999999999999964e+01 2.922752000000000017e+00 7.578311999999999671e+02
1.669000000000000128e+01 2.628257999999999983e-02 4.821533999999999764e+01
1.669000000000000128e+01 4.415427999999999714e-02 6.804561999999999955e+01
1.669000000000000128e+01 6.232185999999999976e-02 9.710021999999999309e+01
1.669000000000000128e+01 9.020585000000000409e-02 9.400915999999999428e+01
1.669000000000000128e+01 1.352297000000000082e-01 1.088807999999999936e+02
1.669000000000000128e+01 2.038964000000000054e-01 1.181783999999999963e+02
1.669000000000000128e+01 3.056348999999999871e-01 1.220750000000000028e+02
1.669000000000000128e+01 4.586450999999999723e-01 1.277330000000000041e+02
1.669000000000000128e+01 6.883943999999999619e-01 1.485238999999999976e+02
1.669000000000000128e+01 1.032767999999999908e+00 2.023547000000000082e+02
1.669000000000000128e+01 1.549323000000000006e+00 3.155581000000000245e+02
1.669000000000000128e+01 2.237315999999999860e+00 4.133039999999999736e+02
1.669000000000000128e+01 2.922752000000000017e+00 4.003387999999999920e+02
1.757000000000000028e+01 2.628257999999999983e-02 3.222794999999999987e+01
1.757000000000000028e+01 4.415427999999999714e-02 4.806423000000000201e+01
1.757000000000000028e+01 6.232185999999999976e-02 6.932146000000000186e+01
1.757000000000000028e+01 9.020585000000000409e-02 6.948018000000000427e+01
1.757000000000000028e+01 1.352297000000000082e-01 8.224630999999999403e+01
1.757000000000000028e+01 2.038964000000000054e-01 8.813199000000000183e+01
1.757000000000000028e+01 3.056348999999999871e-01 8.326211000000000695e+01
1.757000000000000028e+01 4.586450999999999723e-01 7.768892999999999915e+01
1.757000000000000028e+01 6.883943999999999619e-01 7.589481000000000677e+01
1.757000000000000028e+01 1.032767999999999908e+00 9.004793999999999699e+01
1.757000000000000028e+01 1.549323000000000006e+00 1.323987999999999943e+02
1.757000000000000028e+01 2.237315999999999860e+00 1.700289999999999964e+02
1.757000000000000028e+01 2.922752000000000017e+00 1.668949000000000069e+02
1.850000000000000000e+01 2.628257999999999983e-02 1.447546999999999962e+01
1.850000000000000000e+01 4.415427999999999714e-02 2.282607000000000141e+01
1.850000000000000000e+01 6.232185999999999976e-02 3.384599999999999653e+01
1.850000000000000000e+01 9.020585000000000409e-02 3.554715999999999809e+01
1.850000000000000000e+01 1.352297000000000082e-01 4.429010000000000247e+01
1.850000000000000000e+01 2.038964000000000054e-01 4.986234999999999928e+01
1.850000000000000000e+01 3.056348999999999871e-01 4.781181000000000125e+01
1.850000000000000000e+01 4.586450999999999723e-01 4.430893999999999977e+01
1.850000000000000000e+01 6.883943999999999619e-01 3.905602999999999980e+01
1.850000000000000000e+01 1.032767999999999908e+00 3.838783999999999708e+01
1.850000000000000000e+01 1.549323000000000006e+00 4.978833999999999804e+01
1.850000000000000000e+01 2.237315999999999860e+00 6.216291999999999973e+01
1.850000000000000000e+01 2.922752000000000017e+00 6.338085999999999842e+01
1.948000000000000043e+01 2.628257999999999983e-02 4.649949000000000332e+00
1.948000000000000043e+01 4.415427999999999714e-02 7.754922999999999789e+00
1.948000000000000043e+01 6.232185999999999976e-02 1.198390000000000022e+01
1.948000000000000043e+01 9.020585000000000409e-02 1.337212000000000067e+01
1.948000000000000043e+01 1.352297000000000082e-01 1.794807000000000130e+01
1.948000000000000043e+01 2.038964000000000054e-01 2.205547999999999931e+01
1.948000000000000043e+01 3.056348999999999871e-01 2.303353999999999857e+01
1.948000000000000043e+01 4.586450999999999723e-01 2.309802000000000177e+01
1.948000000000000043e+01 6.883943999999999619e-01 2.055837999999999965e+01
1.948000000000000043e+01 1.032767999999999908e+00 1.758747999999999934e+01
1.948000000000000043e+01 1.549323000000000006e+00 1.926433000000000106e+01
1.948000000000000043e+01 2.237315999999999860e+00 2.322298999999999936e+01
1.948000000000000043e+01 2.922752000000000017e+00 2.545097000000000165e+01
2.050000000000000000e+01 2.628257999999999983e-02 1.138333999999999957e+00
2.050000000000000000e+01 4.415427999999999714e-02 2.012109000000000147e+00
2.050000000000000000e+01 6.232185999999999976e-02 3.266021999999999981e+00
2.050000000000000000e+01 9.020585000000000409e-02 3.897759000000000196e+00
2.050000000000000000e+01 1.352297000000000082e-01 5.718639999999999723e+00
2.050000000000000000e+01 2.038964000000000054e-01 7.824417000000000399e+00
2.050000000000000000e+01 3.056348999999999871e-01 9.264782999999999547e+00
2.050000000000000000e+01 4.586450999999999723e-01 1.056476999999999933e+01
2.050000000000000000e+01 6.883943999999999619e-01 1.036077000000000048e+01
2.050000000000000000e+01 1.032767999999999908e+00 8.780682999999999794e+00
2.050000000000000000e+01 1.549323000000000006e+00 8.470098000000000127e+00
2.050000000000000000e+01 2.237315999999999860e+00 1.003767999999999994e+01
2.050000000000000000e+01 2.922752000000000017e+00 1.188138000000000005e+01
2.157999999999999829e+01 2.628257999999999983e-02 2.285230000000000039e-01
2.157999999999999829e+01 4.415427999999999714e-02 4.305339999999999723e-01
2.157999999999999829e+01 6.232185999999999976e-02 7.405707999999999736e-01
2.157999999999999829e+01 9.020585000000000409e-02 9.473527000000000475e-01
2.157999999999999829e+01 1.352297000000000082e-01 1.534116999999999953e+00
2.157999999999999829e+01 2.038964000000000054e-01 2.354518000000000111e+00
2.157999999999999829e+01 3.056348999999999871e-01 3.224349999999999827e+00
2.157999999999999829e+01 4.586450999999999723e-01 4.290231000000000350e+00
2.157999999999999829e+01 6.883943999999999619e-01 4.874737999999999793e+00
2.157999999999999829e+01 1.032767999999999908e+00 4.477759999999999962e+00
2.157999999999999829e+01 1.549323000000000006e+00 4.076073000000000057e+00
2.157999999999999829e+01 2.237315999999999860e+00 4.823090999999999795e+00
2.157999999999999829e+01 2.922752000000000017e+00 5.978429000000000215e+00
2.271000000000000085e+01 2.628257999999999983e-02 4.163502000000000175e-02
2.271000000000000085e+01 4.415427999999999714e-02 8.468889999999999751e-02
2.271000000000000085e+01 6.232185999999999976e-02 1.547424000000000022e-01
2.271000000000000085e+01 9.020585000000000409e-02 2.112153999999999976e-01
2.271000000000000085e+01 1.352297000000000082e-01 3.743671000000000082e-01
2.271000000000000085e+01 2.038964000000000054e-01 6.373128999999999600e-01
2.271000000000000085e+01 3.056348999999999871e-01 1.003144999999999953e+00
2.271000000000000085e+01 4.586450999999999723e-01 1.559898000000000007e+00
2.271000000000000085e+01 6.883943999999999619e-01 2.098434000000000133e+00
2.271000000000000085e+01 1.032767999999999908e+00 2.227297999999999778e+00
2.271000000000000085e+01 1.549323000000000006e+00 2.046510000000000051e+00
2.271000000000000085e+01 2.237315999999999860e+00 2.484306999999999821e+00
2.271000000000000085e+01 2.922752000000000017e+00 3.082920999999999800e+00
2.389000000000000057e+01 2.628257999999999983e-02 9.008659000000000458e-03
2.389000000000000057e+01 4.415427999999999714e-02 2.022387999999999963e-02
2.389000000000000057e+01 6.232185999999999976e-02 3.896009999999999751e-02
2.389000000000000057e+01 9.020585000000000409e-02 5.550780000000000297e-02
2.389000000000000057e+01 1.352297000000000082e-01 1.023868000000000000e-01
2.389000000000000057e+01 2.038964000000000054e-01 1.829401999999999973e-01
2.389000000000000057e+01 3.056348999999999871e-01 3.121612000000000275e-01
2.389000000000000057e+01 4.586450999999999723e-01 5.439308999999999950e-01
2.389000000000000057e+01 6.883943999999999619e-01 8.558276999999999690e-01
2.389000000000000057e+01 1.032767999999999908e+00 1.080684999999999896e+00
2.389000000000000057e+01 1.549323000000000006e+00 1.071720999999999924e+00
2.389000000000000057e+01 2.237315999999999860e+00 1.303040999999999894e+00
2.389000000000000057e+01 2.922752000000000017e+00 1.561372999999999900e+00
2.514000000000000057e+01 2.628257999999999983e-02 3.713314000000000111e-03
2.514000000000000057e+01 4.415427999999999714e-02 9.127371999999999916e-03
2.514000000000000057e+01 6.232185999999999976e-02 1.855520999999999907e-02
2.514000000000000057e+01 9.020585000000000409e-02 2.715580000000000077e-02
2.514000000000000057e+01 1.352297000000000082e-01 4.920580000000000093e-02
2.514000000000000057e+01 2.038964000000000054e-01 8.465432999999999986e-02
2.514000000000000057e+01 3.056348999999999871e-01 1.397703999999999891e-01
2.514000000000000057e+01 4.586450999999999723e-01 2.377886999999999917e-01
2.514000000000000057e+01 6.883943999999999619e-01 3.924566999999999917e-01
2.514000000000000057e+01 1.032767999999999908e+00 5.539905000000000523e-01
2.514000000000000057e+01 1.549323000000000006e+00 6.132638999999999729e-01
2.514000000000000057e+01 2.237315999999999860e+00 7.366217000000000459e-01
2.514000000000000057e+01 2.922752000000000017e+00 8.973484000000000460e-01
2.644000000000000128e+01 2.628257999999999983e-02 3.355575999999999871e-03
2.644000000000000128e+01 4.415427999999999714e-02 8.481735000000000663e-03
2.644000000000000128e+01 6.232185999999999976e-02 1.821168999999999913e-02
2.644000000000000128e+01 9.020585000000000409e-02 2.698953000000000116e-02
2.644000000000000128e+01 1.352297000000000082e-01 4.838623999999999703e-02
2.644000000000000128e+01 2.038964000000000054e-01 7.942459999999999798e-02
2.644000000000000128e+01 3.056348999999999871e-01 1.224726000000000009e-01
2.644000000000000128e+01 4.586450999999999723e-01 1.845918000000000003e-01
2.644000000000000128e+01 6.883943999999999619e-01 2.757031999999999816e-01
2.644000000000000128e+01 1.032767999999999908e+00 3.767067000000000054e-01
2.644000000000000128e+01 1.549323000000000006e+00 4.379122999999999766e-01
2.644000000000000128e+01 2.237315999999999860e+00 5.164056000000000202e-01
2.644000000000000128e+01 2.922752000000000017e+00 6.333533000000000079e-01
2.782000000000000028e+01 2.628257999999999983e-02 4.464983999999999967e-03
2.782000000000000028e+01 4.415427999999999714e-02 1.128723000000000053e-02
2.782000000000000028e+01 6.232185999999999976e-02 2.503568000000000113e-02
2.782000000000000028e+01 9.020585000000000409e-02 3.707894999999999941e-02
2.782000000000000028e+01 1.352297000000000082e-01 6.682470000000000077e-02
2.782000000000000028e+01 2.038964000000000054e-01 1.080378000000000033e-01
2.782000000000000028e+01 3.056348999999999871e-01 1.628930000000000100e-01
2.782000000000000028e+01 4.586450999999999723e-01 2.317935999999999885e-01
2.782000000000000028e+01 6.883943999999999619e-01 3.209775000000000267e-01
2.782000000000000028e+01 1.032767999999999908e+00 4.054692999999999770e-01
2.782000000000000028e+01 1.549323000000000006e+00 4.636537000000000019e-01
2.782000000000000028e+01 2.237315999999999860e+00 5.288051000000000279e-01
2.782000000000000028e+01 2.922752000000000017e+00 5.983015000000000416e-01
2.926000000000000156e+01 2.628257999999999983e-02 6.446552999999999832e-03
2.926000000000000156e+01 4.415427999999999714e-02 1.625721000000000110e-02
2.926000000000000156e+01 6.232185999999999976e-02 3.657650999999999958e-02
2.926000000000000156e+01 9.020585000000000409e-02 5.401108000000000298e-02
2.926000000000000156e+01 1.352297000000000082e-01 9.767167000000000210e-02
2.926000000000000156e+01 2.038964000000000054e-01 1.571934000000000109e-01
2.926000000000000156e+01 3.056348999999999871e-01 2.365220000000000100e-01
2.926000000000000156e+01 4.586450999999999723e-01 3.335482000000000169e-01
2.926000000000000156e+01 6.883943999999999619e-01 4.539941000000000115e-01
2.926000000000000156e+01 1.032767999999999908e+00 5.588024999999999798e-01
2.926000000000000156e+01 1.549323000000000006e+00 6.357699999999999463e-01
2.926000000000000156e+01 2.237315999999999860e+00 7.321157999999999832e-01
2.926000000000000156e+01 2.922752000000000017e+00 8.235578000000000065e-01
3.076999999999999957e+01 2.628257999999999983e-02 9.302275999999999948e-03
3.076999999999999957e+01 4.415427999999999714e-02 2.335299999999999876e-02
3.076999999999999957e+01 6.232185999999999976e-02 5.294861000000000012e-02
3.076999999999999957e+01 9.020585000000000409e-02 7.792727000000000681e-02
3.076999999999999957e+01 1.352297000000000082e-01 1.411458999999999908e-01
3.076999999999999957e+01 2.038964000000000054e-01 2.273286999999999947e-01
3.076999999999999957e+01 3.056348999999999871e-01 3.424542999999999893e-01
3.076999999999999957e+01 4.586450999999999723e-01 4.850659999999999972e-01
3.076999999999999957e+01 6.883943999999999619e-01 6.626206000000000040e-01
3.076999999999999957e+01 1.032767999999999908e+00 8.141323000000000309e-01
3.076999999999999957e+01 1.549323000000000006e+00 9.359477000000000491e-01
3.076999999999999957e+01 2.237315999999999860e+00 1.106394000000000100e+00
3.076999999999999957e+01 2.922752000000000017e+00 1.276531000000000082e+00
3.235999999999999943e+01 2.628257999999999983e-02 1.294607000000000049e-02
3.235999999999999943e+01 4.415427999999999714e-02 3.266729000000000160e-02
3.235999999999999943e+01 6.232185999999999976e-02 7.492704999999999504e-02
3.235999999999999943e+01 9.020585000000000409e-02 1.096011000000000069e-01
3.235999999999999943e+01 1.352297000000000082e-01 1.991597999999999979e-01
3.235999999999999943e+01 2.038964000000000054e-01 3.204137000000000235e-01
3.235999999999999943e+01 3.056348999999999871e-01 4.841441000000000217e-01
3.235999999999999943e+01 4.586450999999999723e-01 6.909942000000000029e-01
3.235999999999999943e+01 6.883943999999999619e-01 9.483072999999999642e-01
3.235999999999999943e+01 1.032767999999999908e+00 1.164639999999999898e+00
3.235999999999999943e+01 1.549323000000000006e+00 1.350182999999999911e+00
3.235999999999999943e+01 2.237315999999999860e+00 1.620179999999999954e+00
3.235999999999999943e+01 2.922752000000000017e+00 1.937415000000000109e+00
3.403000000000000114e+01 2.628257999999999983e-02 1.761197000000000110e-02
3.403000000000000114e+01 4.415427999999999714e-02 4.454575999999999675e-02
3.403000000000000114e+01 6.232185999999999976e-02 1.032693999999999973e-01
3.403000000000000114e+01 9.020585000000000409e-02 1.503276000000000057e-01
3.403000000000000114e+01 1.352297000000000082e-01 2.733356000000000119e-01
3.403000000000000114e+01 2.038964000000000054e-01 4.407555000000000223e-01
3.403000000000000114e+01 3.056348999999999871e-01 6.700251000000000401e-01
3.403000000000000114e+01 4.586450999999999723e-01 9.653370999999999480e-01
3.403000000000000114e+01 6.883943999999999619e-01 1.331220999999999988e+00
3.403000000000000114e+01 1.032767999999999908e+00 1.641591000000000022e+00
3.403000000000000114e+01 1.549323000000000006e+00 1.934426999999999897e+00
3.403000000000000114e+01 2.237315999999999860e+00 2.375633000000000106e+00
3.403000000000000114e+01 2.922752000000000017e+00 2.913218000000000085e+00
6.000000000000000000e+00 2.628257999999999983e-02 6.359437999999999480e-01
6.000000000000000000e+00 4.415427999999999714e-02 2.051578999999999819e+00
6.000000000000000000e+00 6.232185999999999976e-02 3.753500999999999976e+00
6.000000000000000000e+00 9.020585000000000409e-02 6.013727000000000267e+00
6.000000000000000000e+00 1.352297000000000082e-01 1.176679999999999993e+01
6.000000000000000000e+00 2.038964000000000054e-01 1.596559000000000061e+01
6.000000000000000000e+00 3.056348999999999871e-01 1.674089999999999989e+01
6.000000000000000000e+00 4.586450999999999723e-01 1.709384999999999977e+01
6.000000000000000000e+00 6.883943999999999619e-01 1.810313000000000017e+01
6.000000000000000000e+00 1.032767999999999908e+00 2.037012999999999963e+01
6.000000000000000000e+00 1.549323000000000006e+00 2.512086000000000041e+01
6.000000000000000000e+00 2.237315999999999860e+00 3.837268000000000256e+01
6.000000000000000000e+00 2.922752000000000017e+00 5.973167000000000115e+01
6.349999999999999645e+00 2.628257999999999983e-02 4.840089000000000197e-01
6.349999999999999645e+00 4.415427999999999714e-02 1.577614000000000072e+00
6.349999999999999645e+00 6.232185999999999976e-02 2.853353999999999946e+00
6.349999999999999645e+00 9.020585000000000409e-02 4.652953000000000117e+00
6.349999999999999645e+00 1.352297000000000082e-01 9.746807000000000443e+00
6.349999999999999645e+00 2.038964000000000054e-01 1.518575000000000053e+01
6.349999999999999645e+00 3.056348999999999871e-01 1.749926999999999921e+01
6.349999999999999645e+00 4.586450999999999723e-01 1.902899000000000029e+01
6.349999999999999645e+00 6.883943999999999619e-01 2.080313999999999908e+01
6.349999999999999645e+00 1.032767999999999908e+00 2.372776999999999958e+01
6.349999999999999645e+00 1.549323000000000006e+00 2.932218999999999909e+01
6.349999999999999645e+00 2.237315999999999860e+00 4.466127999999999787e+01
6.349999999999999645e+00 2.922752000000000017e+00 6.914764999999999873e+01
6.719999999999999751e+00 2.628257999999999983e-02 2.906275999999999859e-01
6.719999999999999751e+00 4.415427999999999714e-02 1.064360999999999891e+00
6.719999999999999751e+00 6.232185999999999976e-02 1.940711000000000075e+00
6.719999999999999751e+00 9.020585000000000409e-02 3.305356000000000183e+00
6.719999999999999751e+00 1.352297000000000082e-01 7.371923999999999921e+00
6.719999999999999751e+00 2.038964000000000054e-01 1.323221999999999987e+01
6.719999999999999751e+00 3.056348999999999871e-01 1.705105000000000004e+01
6.719999999999999751e+00 4.586450999999999723e-01 2.016938000000000031e+01
6.719999999999999751e+00 6.883943999999999619e-01 2.290445000000000064e+01
6.719999999999999751e+00 1.032767999999999908e+00 2.660632000000000019e+01
6.719999999999999751e+00 1.549323000000000006e+00 3.284655000000000058e+01
6.719999999999999751e+00 2.237315999999999860e+00 4.991754000000000246e+01
6.719999999999999751e+00 2.922752000000000017e+00 7.675451999999999941e+01
7.099999999999999645e+00 2.628257999999999983e-02 1.246455999999999953e-01
7.099999999999999645e+00 4.415427999999999714e-02 5.934044000000000540e-01
7.099999999999999645e+00 6.232185999999999976e-02 1.188898000000000010e+00
7.099999999999999645e+00 9.020585000000000409e-02 2.237973000000000212e+00
7.099999999999999645e+00 1.352297000000000082e-01 5.318399999999999572e+00
7.099999999999999645e+00 2.038964000000000054e-01 1.078373000000000026e+01
7.099999999999999645e+00 3.056348999999999871e-01 1.561119000000000057e+01
7.099999999999999645e+00 4.586450999999999723e-01 2.014097999999999900e+01
7.099999999999999645e+00 6.883943999999999619e-01 2.404568000000000083e+01
7.099999999999999645e+00 1.032767999999999908e+00 2.842078000000000060e+01
7.099999999999999645e+00 1.549323000000000006e+00 3.524938000000000216e+01
7.099999999999999645e+00 2.237315999999999860e+00 5.337657999999999703e+01
7.099999999999999645e+00 2.922752000000000017e+00 8.147749000000000308e+01
7.509999999999999787e+00 2.628257999999999983e-02 4.094596999999999820e-02
7.509999999999999787e+00 4.415427999999999714e-02 2.848275000000000112e-01
7.509999999999999787e+00 6.232185999999999976e-02 6.760391999999999513e-01
7.509999999999999787e+00 9.020585000000000409e-02 1.472197999999999896e+00
7.509999999999999787e+00 1.352297000000000082e-01 3.769562000000000079e+00
7.509999999999999787e+00 2.038964000000000054e-01 8.274388000000000076e+00
7.509999999999999787e+00 3.056348999999999871e-01 1.351219999999999999e+01
7.509999999999999787e+00 4.586450999999999723e-01 1.916276999999999830e+01
7.509999999999999787e+00 6.883943999999999619e-01 2.408778999999999826e+01
7.509999999999999787e+00 1.032767999999999908e+00 2.904797999999999902e+01
7.509999999999999787e+00 1.549323000000000006e+00 3.618354000000000070e+01
7.509999999999999787e+00 2.237315999999999860e+00 5.461193000000000097e+01
7.509999999999999787e+00 2.922752000000000017e+00 8.301349000000000444e+01
7.929999999999999716e+00 2.628257999999999983e-02 8.594293000000000071e-02
7.929999999999999716e+00 4.415427999999999714e-02 1.891436999999999979e-01
7.929999999999999716e+00 6.232185999999999976e-02 5.149877999999999956e-01
7.929999999999999716e+00 9.020585000000000409e-02 1.120346999999999982e+00
7.929999999999999716e+00 1.352297000000000082e-01 2.791250999999999927e+00
7.929999999999999716e+00 2.038964000000000054e-01 6.210515000000000008e+00
7.929999999999999716e+00 3.056348999999999871e-01 1.116408999999999985e+01
7.929999999999999716e+00 4.586450999999999723e-01 1.737581000000000131e+01
7.929999999999999716e+00 6.883943999999999619e-01 2.297305000000000064e+01
7.929999999999999716e+00 1.032767999999999908e+00 2.819033999999999907e+01
7.929999999999999716e+00 1.549323000000000006e+00 3.525668999999999897e+01
7.929999999999999716e+00 2.237315999999999860e+00 5.293392999999999660e+01
7.929999999999999716e+00 2.922752000000000017e+00 7.947746999999999673e+01
8.380000000000000782e+00 2.628257999999999983e-02 3.614095999999999975e-01
8.380000000000000782e+00 4.415427999999999714e-02 4.720258999999999983e-01
8.380000000000000782e+00 6.232185999999999976e-02 8.731932999999999501e-01
8.380000000000000782e+00 9.020585000000000409e-02 1.276307000000000080e+00
8.380000000000000782e+00 1.352297000000000082e-01 2.407737000000000016e+00
8.380000000000000782e+00 2.038964000000000054e-01 4.789392000000000316e+00
8.380000000000000782e+00 3.056348999999999871e-01 8.902497999999999578e+00
8.380000000000000782e+00 4.586450999999999723e-01 1.477599000000000018e+01
8.380000000000000782e+00 6.883943999999999619e-01 2.045147000000000048e+01
8.380000000000000782e+00 1.032767999999999908e+00 2.545708000000000126e+01
8.380000000000000782e+00 1.549323000000000006e+00 3.206653000000000020e+01
8.380000000000000782e+00 2.237315999999999860e+00 4.810580999999999818e+01
8.380000000000000782e+00 2.922752000000000017e+00 7.160438999999999510e+01
8.849999999999999645e+00 2.628257999999999983e-02 1.050286000000000053e+00
8.849999999999999645e+00 4.415427999999999714e-02 1.443942999999999977e+00
8.849999999999999645e+00 6.232185999999999976e-02 2.075819000000000081e+00
8.849999999999999645e+00 9.020585000000000409e-02 2.159832999999999892e+00
8.849999999999999645e+00 1.352297000000000082e-01 2.779628999999999905e+00
8.849999999999999645e+00 2.038964000000000054e-01 4.106596999999999831e+00
8.849999999999999645e+00 3.056348999999999871e-01 7.063380000000000436e+00
8.849999999999999645e+00 4.586450999999999723e-01 1.159645000000000081e+01
8.849999999999999645e+00 6.883943999999999619e-01 1.650191999999999837e+01
8.849999999999999645e+00 1.032767999999999908e+00 2.078613000000000000e+01
8.849999999999999645e+00 1.549323000000000006e+00 2.630866999999999933e+01
8.849999999999999645e+00 2.237315999999999860e+00 3.961209000000000202e+01
8.849999999999999645e+00 2.922752000000000017e+00 5.851268000000000313e+01
9.339999999999999858e+00 2.628257999999999983e-02 2.602862000000000009e+00
9.339999999999999858e+00 4.415427999999999714e-02 3.804450000000000109e+00
9.339999999999999858e+00 6.232185999999999976e-02 4.832424999999999748e+00
9.339999999999999858e+00 9.020585000000000409e-02 4.260593000000000075e+00
9.339999999999999858e+00 1.352297000000000082e-01 4.153914000000000328e+00
9.339999999999999858e+00 2.038964000000000054e-01 4.251439999999999664e+00
9.339999999999999858e+00 3.056348999999999871e-01 5.657124999999999737e+00
9.339999999999999858e+00 4.586450999999999723e-01 8.181844999999999146e+00
9.339999999999999858e+00 6.883943999999999619e-01 1.147272000000000070e+01
9.339999999999999858e+00 1.032767999999999908e+00 1.442183999999999955e+01
9.339999999999999858e+00 1.549323000000000006e+00 1.828760000000000119e+01
9.339999999999999858e+00 2.237315999999999860e+00 2.774027999999999849e+01
9.339999999999999858e+00 2.922752000000000017e+00 4.136739000000000033e+01
9.859999999999999432e+00 2.628257999999999983e-02 6.018068999999999669e+00
9.859999999999999432e+00 4.415427999999999714e-02 9.147738000000000369e+00
9.859999999999999432e+00 6.232185999999999976e-02 1.077201999999999948e+01
9.859999999999999432e+00 9.020585000000000409e-02 8.780084000000000444e+00
9.859999999999999432e+00 1.352297000000000082e-01 7.244285999999999781e+00
9.859999999999999432e+00 2.038964000000000054e-01 5.570237999999999801e+00
9.859999999999999432e+00 3.056348999999999871e-01 4.947026000000000145e+00
9.859999999999999432e+00 4.586450999999999723e-01 5.145650999999999975e+00
9.859999999999999432e+00 6.883943999999999619e-01 6.322709999999999830e+00
9.859999999999999432e+00 1.032767999999999908e+00 7.635737999999999914e+00
9.859999999999999432e+00 1.549323000000000006e+00 9.619652999999999565e+00
9.859999999999999432e+00 2.237315999999999860e+00 1.503278000000000070e+01
9.859999999999999432e+00 2.922752000000000017e+00 2.321049000000000007e+01
