1.757000000000000028e+01 2.628257999999999983e-02 2.602346999999999966e+01
1.757000000000000028e+01 4.415427999999999714e-02 4.593493999999999744e+01
1.757000000000000028e+01 6.232185999999999976e-02 9.525938999999999623e+01
1.757000000000000028e+01 9.020585000000000409e-02 1.132793000000000063e+02
1.757000000000000028e+01 1.352297000000000082e-01 1.703326999999999884e+02
1.757000000000000028e+01 2.038964000000000054e-01 2.362921000000000049e+02
1.757000000000000028e+01 3.056348999999999871e-01 3.182371999999999730e+02
1.757000000000000028e+01 4.586450999999999723e-01 4.324372999999999934e+02
1.757000000000000028e+01 6.883943999999999619e-01 6.370394000000000005e+02
1.757000000000000028e+01 1.032767999999999908e+00 1.025075000000000045e+03
1.757000000000000028e+01 1.549323000000000006e+00 1.714970000000000027e+03
1.757000000000000028e+01 2.237315999999999860e+00 2.322681999999999789e+03
1.757000000000000028e+01 2.922752000000000017e+00 2.453284999999999854e+03
