1.040000000000000036e+01 2.628257999999999983e-02 1.831307999999999936e+01
1.040000000000000036e+01 4.415427999999999714e-02 2.654873999999999867e+01
1.040000000000000036e+01 6.232185999999999976e-02 2.647473000000000098e+01
1.040000000000000036e+01 9.020585000000000409e-02 1.858246000000000109e+01
1.040000000000000036e+01 1.352297000000000082e-01 1.148183000000000042e+01
1.040000000000000036e+01 2.038964000000000054e-01 6.843106999999999829e+00
1.040000000000000036e+01 3.056348999999999871e-01 5.227174999999999905e+00
1.040000000000000036e+01 4.586450999999999723e-01 5.718084000000000167e+00
1.040000000000000036e+01 6.883943999999999619e-01 7.245496000000000159e+00
1.040000000000000036e+01 1.032767999999999908e+00 9.138970000000000482e+00
1.040000000000000036e+01 1.549323000000000006e+00 1.241816000000000031e+01
1.040000000000000036e+01 2.237315999999999860e+00 1.816106999999999871e+01
1.040000000000000036e+01 2.922752000000000017e+00 2.341437000000000168e+01
1.040000000000000036e+01 2.628257999999999983e-02 1.831307999999999936e+01
1.040000000000000036e+01 4.415427999999999714e-02 2.654873999999999867e+01
1.040000000000000036e+01 6.232185999999999976e-02 2.647473000000000098e+01
1.040000000000000036e+01 9.020585000000000409e-02 1.858246000000000109e+01
1.040000000000000036e+01 1.352297000000000082e-01 1.148183000000000042e+01
1.040000000000000036e+01 2.038964000000000054e-01 6.843106999999999829e+00
1.040000000000000036e+01 3.056348999999999871e-01 5.227174999999999905e+00
1.040000000000000036e+01 4.586450999999999723e-01 5.718084000000000167e+00
1.040000000000000036e+01 6.883943999999999619e-01 7.245496000000000159e+00
1.040000000000000036e+01 1.032767999999999908e+00 9.138970000000000482e+00
1.040000000000000036e+01 1.549323000000000006e+00 1.241816000000000031e+01
1.040000000000000036e+01 2.237315999999999860e+00 1.816106999999999871e+01
1.040000000000000036e+01 2.922752000000000017e+00 2.341437000000000168e+01
1.097000000000000064e+01 2.628257999999999983e-02 4.142533999999999850e+01
1.097000000000000064e+01 4.415427999999999714e-02 6.363020999999999816e+01
1.097000000000000064e+01 6.232185999999999976e-02 6.585114000000000090e+01
1.097000000000000064e+01 9.020585000000000409e-02 4.806784999999999997e+01
1.097000000000000064e+01 1.352297000000000082e-01 3.242914999999999992e+01
1.097000000000000064e+01 2.038964000000000054e-01 2.310733000000000104e+01
1.097000000000000064e+01 3.056348999999999871e-01 2.219055000000000177e+01
1.097000000000000064e+01 4.586450999999999723e-01 2.928462000000000032e+01
1.097000000000000064e+01 6.883943999999999619e-01 3.969127000000000294e+01
1.097000000000000064e+01 1.032767999999999908e+00 5.151861000000000246e+01
1.097000000000000064e+01 1.549323000000000006e+00 7.080706999999999596e+01
1.097000000000000064e+01 2.237315999999999860e+00 1.036747000000000014e+02
1.097000000000000064e+01 2.922752000000000017e+00 1.313029999999999973e+02
1.097000000000000064e+01 2.628257999999999983e-02 4.142533999999999850e+01
1.097000000000000064e+01 4.415427999999999714e-02 6.363020999999999816e+01
1.097000000000000064e+01 6.232185999999999976e-02 6.585114000000000090e+01
1.097000000000000064e+01 9.020585000000000409e-02 4.806784999999999997e+01
1.097000000000000064e+01 1.352297000000000082e-01 3.242914999999999992e+01
1.097000000000000064e+01 2.038964000000000054e-01 2.310733000000000104e+01
1.097000000000000064e+01 3.056348999999999871e-01 2.219055000000000177e+01
1.097000000000000064e+01 4.586450999999999723e-01 2.928462000000000032e+01
1.097000000000000064e+01 6.883943999999999619e-01 3.969127000000000294e+01
1.097000000000000064e+01 1.032767999999999908e+00 5.151861000000000246e+01
1.097000000000000064e+01 1.549323000000000006e+00 7.080706999999999596e+01
1.097000000000000064e+01 2.237315999999999860e+00 1.036747000000000014e+02
1.097000000000000064e+01 2.922752000000000017e+00 1.313029999999999973e+02
1.157000000000000028e+01 2.628257999999999983e-02 6.935541999999999518e+01
1.157000000000000028e+01 4.415427999999999714e-02 1.116663000000000068e+02
1.157000000000000028e+01 6.232185999999999976e-02 1.182259999999999991e+02
1.157000000000000028e+01 9.020585000000000409e-02 8.865525999999999840e+01
1.157000000000000028e+01 1.352297000000000082e-01 6.294145999999999930e+01
1.157000000000000028e+01 2.038964000000000054e-01 4.957236999999999938e+01
1.157000000000000028e+01 3.056348999999999871e-01 5.633984000000000236e+01
1.157000000000000028e+01 4.586450999999999723e-01 8.380886999999999887e+01
1.157000000000000028e+01 6.883943999999999619e-01 1.185443999999999960e+02
1.157000000000000028e+01 1.032767999999999908e+00 1.576237999999999886e+02
1.157000000000000028e+01 1.549323000000000006e+00 2.233318999999999903e+02
1.157000000000000028e+01 2.237315999999999860e+00 3.274463000000000079e+02
1.157000000000000028e+01 2.922752000000000017e+00 4.034313000000000216e+02
1.157000000000000028e+01 2.628257999999999983e-02 6.935541999999999518e+01
1.157000000000000028e+01 4.415427999999999714e-02 1.116663000000000068e+02
1.157000000000000028e+01 6.232185999999999976e-02 1.182259999999999991e+02
1.157000000000000028e+01 9.020585000000000409e-02 8.865525999999999840e+01
1.157000000000000028e+01 1.352297000000000082e-01 6.294145999999999930e+01
1.157000000000000028e+01 2.038964000000000054e-01 4.957236999999999938e+01
1.157000000000000028e+01 3.056348999999999871e-01 5.633984000000000236e+01
1.157000000000000028e+01 4.586450999999999723e-01 8.380886999999999887e+01
1.157000000000000028e+01 6.883943999999999619e-01 1.185443999999999960e+02
1.157000000000000028e+01 1.032767999999999908e+00 1.576237999999999886e+02
1.157000000000000028e+01 1.549323000000000006e+00 2.233318999999999903e+02
1.157000000000000028e+01 2.237315999999999860e+00 3.274463000000000079e+02
1.157000000000000028e+01 2.922752000000000017e+00 4.034313000000000216e+02
1.219999999999999929e+01 2.628257999999999983e-02 7.883229000000000042e+01
1.219999999999999929e+01 4.415427999999999714e-02 1.342832999999999970e+02
1.219999999999999929e+01 6.232185999999999976e-02 1.457899999999999920e+02
1.219999999999999929e+01 9.020585000000000409e-02 1.138603999999999985e+02
1.219999999999999929e+01 1.352297000000000082e-01 8.766562999999999306e+01
1.219999999999999929e+01 2.038964000000000054e-01 7.854211999999999705e+01
1.219999999999999929e+01 3.056348999999999871e-01 1.041370000000000005e+02
1.219999999999999929e+01 4.586450999999999723e-01 1.681323999999999899e+02
1.219999999999999929e+01 6.883943999999999619e-01 2.454430000000000121e+02
1.219999999999999929e+01 1.032767999999999908e+00 3.358165999999999940e+02
1.219999999999999929e+01 1.549323000000000006e+00 4.923414000000000215e+02
1.219999999999999929e+01 2.237315999999999860e+00 7.160394000000000005e+02
1.219999999999999929e+01 2.922752000000000017e+00 8.557143999999999551e+02
1.219999999999999929e+01 2.628257999999999983e-02 7.883229000000000042e+01
1.219999999999999929e+01 4.415427999999999714e-02 1.342832999999999970e+02
1.219999999999999929e+01 6.232185999999999976e-02 1.457899999999999920e+02
1.219999999999999929e+01 9.020585000000000409e-02 1.138603999999999985e+02
1.219999999999999929e+01 1.352297000000000082e-01 8.766562999999999306e+01
1.219999999999999929e+01 2.038964000000000054e-01 7.854211999999999705e+01
1.219999999999999929e+01 3.056348999999999871e-01 1.041370000000000005e+02
1.219999999999999929e+01 4.586450999999999723e-01 1.681323999999999899e+02
1.219999999999999929e+01 6.883943999999999619e-01 2.454430000000000121e+02
1.219999999999999929e+01 1.032767999999999908e+00 3.358165999999999940e+02
1.219999999999999929e+01 1.549323000000000006e+00 4.923414000000000215e+02
1.219999999999999929e+01 2.237315999999999860e+00 7.160394000000000005e+02
1.219999999999999929e+01 2.922752000000000017e+00 8.557143999999999551e+02
1.285999999999999943e+01 2.628257999999999983e-02 4.757083000000000084e+01
1.285999999999999943e+01 4.415427999999999714e-02 9.075226000000000681e+01
1.285999999999999943e+01 6.232185999999999976e-02 1.022100999999999971e+02
1.285999999999999943e+01 9.020585000000000409e-02 8.759906999999999755e+01
1.285999999999999943e+01 1.352297000000000082e-01 8.091347000000000378e+01
1.285999999999999943e+01 2.038964000000000054e-01 9.445678999999999803e+01
1.285999999999999943e+01 3.056348999999999871e-01 1.486165000000000020e+02
1.285999999999999943e+01 4.586450999999999723e-01 2.514896999999999991e+02
1.285999999999999943e+01 6.883943999999999619e-01 3.753541999999999916e+02
1.285999999999999943e+01 1.032767999999999908e+00 5.268497999999999593e+02
1.285999999999999943e+01 1.549323000000000006e+00 7.987041000000000395e+02
1.285999999999999943e+01 2.237315999999999860e+00 1.152874000000000024e+03
1.285999999999999943e+01 2.922752000000000017e+00 1.334303000000000111e+03
1.285999999999999943e+01 2.628257999999999983e-02 4.757083000000000084e+01
1.285999999999999943e+01 4.415427999999999714e-02 9.075226000000000681e+01
1.285999999999999943e+01 6.232185999999999976e-02 1.022100999999999971e+02
1.285999999999999943e+01 9.020585000000000409e-02 8.759906999999999755e+01
1.285999999999999943e+01 1.352297000000000082e-01 8.091347000000000378e+01
1.285999999999999943e+01 2.038964000000000054e-01 9.445678999999999803e+01
1.285999999999999943e+01 3.056348999999999871e-01 1.486165000000000020e+02
1.285999999999999943e+01 4.586450999999999723e-01 2.514896999999999991e+02
1.285999999999999943e+01 6.883943999999999619e-01 3.753541999999999916e+02
1.285999999999999943e+01 1.032767999999999908e+00 5.268497999999999593e+02
1.285999999999999943e+01 1.549323000000000006e+00 7.987041000000000395e+02
1.285999999999999943e+01 2.237315999999999860e+00 1.152874000000000024e+03
1.285999999999999943e+01 2.922752000000000017e+00 1.334303000000000111e+03
1.355000000000000071e+01 2.628257999999999983e-02 6.563596999999999682e+00
1.355000000000000071e+01 4.415427999999999714e-02 1.999116000000000071e+01
1.355000000000000071e+01 6.232185999999999976e-02 2.715492000000000061e+01
1.355000000000000071e+01 9.020585000000000409e-02 3.427850999999999715e+01
1.355000000000000071e+01 1.352297000000000082e-01 5.328833999999999804e+01
1.355000000000000071e+01 2.038964000000000054e-01 9.392149999999999466e+01
1.355000000000000071e+01 3.056348999999999871e-01 1.697319999999999993e+02
1.355000000000000071e+01 4.586450999999999723e-01 2.855957000000000221e+02
1.355000000000000071e+01 6.883943999999999619e-01 4.299757000000000176e+02
1.355000000000000071e+01 1.032767999999999908e+00 6.166476999999999862e+02
1.355000000000000071e+01 1.549323000000000006e+00 9.633627999999999929e+02
1.355000000000000071e+01 2.237315999999999860e+00 1.387858999999999924e+03
1.355000000000000071e+01 2.922752000000000017e+00 1.559534000000000106e+03
1.355000000000000071e+01 2.628257999999999983e-02 6.563596999999999682e+00
1.355000000000000071e+01 4.415427999999999714e-02 1.999116000000000071e+01
1.355000000000000071e+01 6.232185999999999976e-02 2.715492000000000061e+01
1.355000000000000071e+01 9.020585000000000409e-02 3.427850999999999715e+01
1.355000000000000071e+01 1.352297000000000082e-01 5.328833999999999804e+01
1.355000000000000071e+01 2.038964000000000054e-01 9.392149999999999466e+01
1.355000000000000071e+01 3.056348999999999871e-01 1.697319999999999993e+02
1.355000000000000071e+01 4.586450999999999723e-01 2.855957000000000221e+02
1.355000000000000071e+01 6.883943999999999619e-01 4.299757000000000176e+02
1.355000000000000071e+01 1.032767999999999908e+00 6.166476999999999862e+02
1.355000000000000071e+01 1.549323000000000006e+00 9.633627999999999929e+02
1.355000000000000071e+01 2.237315999999999860e+00 1.387858999999999924e+03
1.355000000000000071e+01 2.922752000000000017e+00 1.559534000000000106e+03
1.427999999999999936e+01 2.628257999999999983e-02 9.691117000000000203e+00
1.427999999999999936e+01 4.415427999999999714e-02 9.833012999999999337e+00
1.427999999999999936e+01 6.232185999999999976e-02 2.124002000000000123e+01
1.427999999999999936e+01 9.020585000000000409e-02 3.030237999999999943e+01
1.427999999999999936e+01 1.352297000000000082e-01 5.476666000000000167e+01
1.427999999999999936e+01 2.038964000000000054e-01 9.572782999999999731e+01
1.427999999999999936e+01 3.056348999999999871e-01 1.602435000000000116e+02
1.427999999999999936e+01 4.586450999999999723e-01 2.451090000000000089e+02
1.427999999999999936e+01 6.883943999999999619e-01 3.607502999999999815e+02
1.427999999999999936e+01 1.032767999999999908e+00 5.230137999999999465e+02
1.427999999999999936e+01 1.549323000000000006e+00 8.311761999999999944e+02
1.427999999999999936e+01 2.237315999999999860e+00 1.183865999999999985e+03
1.427999999999999936e+01 2.922752000000000017e+00 1.317373000000000047e+03
1.427999999999999936e+01 2.628257999999999983e-02 9.691117000000000203e+00
1.427999999999999936e+01 4.415427999999999714e-02 9.833012999999999337e+00
1.427999999999999936e+01 6.232185999999999976e-02 2.124002000000000123e+01
1.427999999999999936e+01 9.020585000000000409e-02 3.030237999999999943e+01
1.427999999999999936e+01 1.352297000000000082e-01 5.476666000000000167e+01
1.427999999999999936e+01 2.038964000000000054e-01 9.572782999999999731e+01
1.427999999999999936e+01 3.056348999999999871e-01 1.602435000000000116e+02
1.427999999999999936e+01 4.586450999999999723e-01 2.451090000000000089e+02
1.427999999999999936e+01 6.883943999999999619e-01 3.607502999999999815e+02
1.427999999999999936e+01 1.032767999999999908e+00 5.230137999999999465e+02
1.427999999999999936e+01 1.549323000000000006e+00 8.311761999999999944e+02
1.427999999999999936e+01 2.237315999999999860e+00 1.183865999999999985e+03
1.427999999999999936e+01 2.922752000000000017e+00 1.317373000000000047e+03
1.505000000000000071e+01 2.628257999999999983e-02 3.866819000000000273e+01
1.505000000000000071e+01 4.415427999999999714e-02 4.866405000000000314e+01
1.505000000000000071e+01 6.232185999999999976e-02 7.204751000000000261e+01
1.505000000000000071e+01 9.020585000000000409e-02 7.117786999999999864e+01
1.505000000000000071e+01 1.352297000000000082e-01 8.869930999999999699e+01
1.505000000000000071e+01 2.038964000000000054e-01 1.095514000000000010e+02
1.505000000000000071e+01 3.056348999999999871e-01 1.395594000000000108e+02
1.505000000000000071e+01 4.586450999999999723e-01 1.781433000000000106e+02
1.505000000000000071e+01 6.883943999999999619e-01 2.432185000000000059e+02
1.505000000000000071e+01 1.032767999999999908e+00 3.513944999999999936e+02
1.505000000000000071e+01 1.549323000000000006e+00 5.639664000000000215e+02
1.505000000000000071e+01 2.237315999999999860e+00 7.859633999999999787e+02
1.505000000000000071e+01 2.922752000000000017e+00 8.576113000000000284e+02
1.505000000000000071e+01 2.628257999999999983e-02 3.866819000000000273e+01
1.505000000000000071e+01 4.415427999999999714e-02 4.866405000000000314e+01
1.505000000000000071e+01 6.232185999999999976e-02 7.204751000000000261e+01
1.505000000000000071e+01 9.020585000000000409e-02 7.117786999999999864e+01
1.505000000000000071e+01 1.352297000000000082e-01 8.869930999999999699e+01
1.505000000000000071e+01 2.038964000000000054e-01 1.095514000000000010e+02
1.505000000000000071e+01 3.056348999999999871e-01 1.395594000000000108e+02
1.505000000000000071e+01 4.586450999999999723e-01 1.781433000000000106e+02
1.505000000000000071e+01 6.883943999999999619e-01 2.432185000000000059e+02
1.505000000000000071e+01 1.032767999999999908e+00 3.513944999999999936e+02
1.505000000000000071e+01 1.549323000000000006e+00 5.639664000000000215e+02
1.505000000000000071e+01 2.237315999999999860e+00 7.859633999999999787e+02
1.505000000000000071e+01 2.922752000000000017e+00 8.576113000000000284e+02
1.584999999999999964e+01 2.628257999999999983e-02 4.804581999999999908e+01
1.584999999999999964e+01 4.415427999999999714e-02 6.671389000000000635e+01
1.584999999999999964e+01 6.232185999999999976e-02 9.495557999999999765e+01
1.584999999999999964e+01 9.020585000000000409e-02 9.082975999999999317e+01
1.584999999999999964e+01 1.352297000000000082e-01 1.038920999999999992e+02
1.584999999999999964e+01 2.038964000000000054e-01 1.101250000000000000e+02
1.584999999999999964e+01 3.056348999999999871e-01 1.110164999999999935e+02
1.584999999999999964e+01 4.586450999999999723e-01 1.148033999999999963e+02
1.584999999999999964e+01 6.883943999999999619e-01 1.347232999999999947e+02
1.584999999999999964e+01 1.032767999999999908e+00 1.859404999999999859e+02
1.584999999999999964e+01 1.549323000000000006e+00 2.991707000000000107e+02
1.584999999999999964e+01 2.237315999999999860e+00 4.150742000000000189e+02
1.584999999999999964e+01 2.922752000000000017e+00 4.463335999999999899e+02
1.584999999999999964e+01 2.628257999999999983e-02 4.804581999999999908e+01
1.584999999999999964e+01 4.415427999999999714e-02 6.671389000000000635e+01
1.584999999999999964e+01 6.232185999999999976e-02 9.495557999999999765e+01
1.584999999999999964e+01 9.020585000000000409e-02 9.082975999999999317e+01
1.584999999999999964e+01 1.352297000000000082e-01 1.038920999999999992e+02
1.584999999999999964e+01 2.038964000000000054e-01 1.101250000000000000e+02
1.584999999999999964e+01 3.056348999999999871e-01 1.110164999999999935e+02
1.584999999999999964e+01 4.586450999999999723e-01 1.148033999999999963e+02
1.584999999999999964e+01 6.883943999999999619e-01 1.347232999999999947e+02
1.584999999999999964e+01 1.032767999999999908e+00 1.859404999999999859e+02
1.584999999999999964e+01 1.549323000000000006e+00 2.991707000000000107e+02
1.584999999999999964e+01 2.237315999999999860e+00 4.150742000000000189e+02
1.584999999999999964e+01 2.922752000000000017e+00 4.463335999999999899e+02
1.669000000000000128e+01 2.628257999999999983e-02 3.324643999999999977e+01
1.669000000000000128e+01 4.415427999999999714e-02 4.906546999999999770e+01
1.669000000000000128e+01 6.232185999999999976e-02 7.045771999999999480e+01
1.669000000000000128e+01 9.020585000000000409e-02 6.925332000000000221e+01
1.669000000000000128e+01 1.352297000000000082e-01 8.042548999999999637e+01
1.669000000000000128e+01 2.038964000000000054e-01 8.441607000000000482e+01
1.669000000000000128e+01 3.056348999999999871e-01 7.778047999999999718e+01
1.669000000000000128e+01 4.586450999999999723e-01 7.021656000000000120e+01
1.669000000000000128e+01 6.883943999999999619e-01 6.756963000000000363e+01
1.669000000000000128e+01 1.032767999999999908e+00 8.224938000000000216e+01
1.669000000000000128e+01 1.549323000000000006e+00 1.272022000000000048e+02
1.669000000000000128e+01 2.237315999999999860e+00 1.764579999999999984e+02
1.669000000000000128e+01 2.922752000000000017e+00 1.914879999999999995e+02
1.669000000000000128e+01 2.628257999999999983e-02 3.324643999999999977e+01
1.669000000000000128e+01 4.415427999999999714e-02 4.906546999999999770e+01
1.669000000000000128e+01 6.232185999999999976e-02 7.045771999999999480e+01
1.669000000000000128e+01 9.020585000000000409e-02 6.925332000000000221e+01
1.669000000000000128e+01 1.352297000000000082e-01 8.042548999999999637e+01
1.669000000000000128e+01 2.038964000000000054e-01 8.441607000000000482e+01
1.669000000000000128e+01 3.056348999999999871e-01 7.778047999999999718e+01
1.669000000000000128e+01 4.586450999999999723e-01 7.021656000000000120e+01
1.669000000000000128e+01 6.883943999999999619e-01 6.756963000000000363e+01
1.669000000000000128e+01 1.032767999999999908e+00 8.224938000000000216e+01
1.669000000000000128e+01 1.549323000000000006e+00 1.272022000000000048e+02
1.669000000000000128e+01 2.237315999999999860e+00 1.764579999999999984e+02
1.669000000000000128e+01 2.922752000000000017e+00 1.914879999999999995e+02
1.757000000000000028e+01 2.628257999999999983e-02 1.491005000000000003e+01
1.757000000000000028e+01 4.415427999999999714e-02 2.332522000000000162e+01
1.757000000000000028e+01 6.232185999999999976e-02 3.461337000000000330e+01
1.757000000000000028e+01 9.020585000000000409e-02 3.640370000000000061e+01
1.757000000000000028e+01 1.352297000000000082e-01 4.542716999999999672e+01
1.757000000000000028e+01 2.038964000000000054e-01 5.109781000000000262e+01
1.757000000000000028e+01 3.056348999999999871e-01 4.878405999999999665e+01
1.757000000000000028e+01 4.586450999999999723e-01 4.497560000000000002e+01
1.757000000000000028e+01 6.883943999999999619e-01 3.949929999999999808e+01
1.757000000000000028e+01 1.032767999999999908e+00 3.891131000000000029e+01
1.757000000000000028e+01 1.549323000000000006e+00 5.069830999999999932e+01
1.757000000000000028e+01 2.237315999999999860e+00 6.393430000000000035e+01
1.757000000000000028e+01 2.922752000000000017e+00 6.553766000000000247e+01
1.757000000000000028e+01 2.628257999999999983e-02 1.491005000000000003e+01
1.757000000000000028e+01 4.415427999999999714e-02 2.332522000000000162e+01
1.757000000000000028e+01 6.232185999999999976e-02 3.461337000000000330e+01
1.757000000000000028e+01 9.020585000000000409e-02 3.640370000000000061e+01
1.757000000000000028e+01 1.352297000000000082e-01 4.542716999999999672e+01
1.757000000000000028e+01 2.038964000000000054e-01 5.109781000000000262e+01
1.757000000000000028e+01 3.056348999999999871e-01 4.878405999999999665e+01
1.757000000000000028e+01 4.586450999999999723e-01 4.497560000000000002e+01
1.757000000000000028e+01 6.883943999999999619e-01 3.949929999999999808e+01
1.757000000000000028e+01 1.032767999999999908e+00 3.891131000000000029e+01
1.757000000000000028e+01 1.549323000000000006e+00 5.069830999999999932e+01
1.757000000000000028e+01 2.237315999999999860e+00 6.393430000000000035e+01
1.757000000000000028e+01 2.922752000000000017e+00 6.553766000000000247e+01
1.850000000000000000e+01 2.628257999999999983e-02 4.868660000000000210e+00
1.850000000000000000e+01 4.415427999999999714e-02 8.063261999999999929e+00
1.850000000000000000e+01 6.232185999999999976e-02 1.248343000000000025e+01
1.850000000000000000e+01 9.020585000000000409e-02 1.398287000000000013e+01
1.850000000000000000e+01 1.352297000000000082e-01 1.882114999999999938e+01
1.850000000000000000e+01 2.038964000000000054e-01 2.310304999999999964e+01
1.850000000000000000e+01 3.056348999999999871e-01 2.398083000000000098e+01
1.850000000000000000e+01 4.586450999999999723e-01 2.383118999999999943e+01
1.850000000000000000e+01 6.883943999999999619e-01 2.103111000000000175e+01
1.850000000000000000e+01 1.032767999999999908e+00 1.811007000000000033e+01
1.850000000000000000e+01 1.549323000000000006e+00 2.014654000000000167e+01
1.850000000000000000e+01 2.237315999999999860e+00 2.469697999999999993e+01
1.850000000000000000e+01 2.922752000000000017e+00 2.721780000000000044e+01
1.850000000000000000e+01 2.628257999999999983e-02 4.868660000000000210e+00
1.850000000000000000e+01 4.415427999999999714e-02 8.063261999999999929e+00
1.850000000000000000e+01 6.232185999999999976e-02 1.248343000000000025e+01
1.850000000000000000e+01 9.020585000000000409e-02 1.398287000000000013e+01
1.850000000000000000e+01 1.352297000000000082e-01 1.882114999999999938e+01
1.850000000000000000e+01 2.038964000000000054e-01 2.310304999999999964e+01
1.850000000000000000e+01 3.056348999999999871e-01 2.398083000000000098e+01
1.850000000000000000e+01 4.586450999999999723e-01 2.383118999999999943e+01
1.850000000000000000e+01 6.883943999999999619e-01 2.103111000000000175e+01
1.850000000000000000e+01 1.032767999999999908e+00 1.811007000000000033e+01
1.850000000000000000e+01 1.549323000000000006e+00 2.014654000000000167e+01
1.850000000000000000e+01 2.237315999999999860e+00 2.469697999999999993e+01
1.850000000000000000e+01 2.922752000000000017e+00 2.721780000000000044e+01
1.948000000000000043e+01 2.628257999999999983e-02 1.225093999999999905e+00
1.948000000000000043e+01 4.415427999999999714e-02 2.150733999999999924e+00
1.948000000000000043e+01 6.232185999999999976e-02 3.509351999999999805e+00
1.948000000000000043e+01 9.020585000000000409e-02 4.219420999999999644e+00
1.948000000000000043e+01 1.352297000000000082e-01 6.228315000000000268e+00
1.948000000000000043e+01 2.038964000000000054e-01 8.544562000000000879e+00
1.948000000000000043e+01 3.056348999999999871e-01 1.008403999999999989e+01
1.948000000000000043e+01 4.586450999999999723e-01 1.138105999999999973e+01
1.948000000000000043e+01 6.883943999999999619e-01 1.099707000000000079e+01
1.948000000000000043e+01 1.032767999999999908e+00 9.228935999999999140e+00
1.948000000000000043e+01 1.549323000000000006e+00 9.046227000000000018e+00
1.948000000000000043e+01 2.237315999999999860e+00 1.091652000000000022e+01
1.948000000000000043e+01 2.922752000000000017e+00 1.300817999999999941e+01
1.948000000000000043e+01 2.628257999999999983e-02 1.225093999999999905e+00
1.948000000000000043e+01 4.415427999999999714e-02 2.150733999999999924e+00
1.948000000000000043e+01 6.232185999999999976e-02 3.509351999999999805e+00
1.948000000000000043e+01 9.020585000000000409e-02 4.219420999999999644e+00
1.948000000000000043e+01 1.352297000000000082e-01 6.228315000000000268e+00
1.948000000000000043e+01 2.038964000000000054e-01 8.544562000000000879e+00
1.948000000000000043e+01 3.056348999999999871e-01 1.008403999999999989e+01
1.948000000000000043e+01 4.586450999999999723e-01 1.138105999999999973e+01
1.948000000000000043e+01 6.883943999999999619e-01 1.099707000000000079e+01
1.948000000000000043e+01 1.032767999999999908e+00 9.228935999999999140e+00
1.948000000000000043e+01 1.549323000000000006e+00 9.046227000000000018e+00
1.948000000000000043e+01 2.237315999999999860e+00 1.091652000000000022e+01
1.948000000000000043e+01 2.922752000000000017e+00 1.300817999999999941e+01
2.050000000000000000e+01 2.628257999999999983e-02 2.499188999999999994e-01
2.050000000000000000e+01 4.415427999999999714e-02 4.672386000000000039e-01
2.050000000000000000e+01 6.232185999999999976e-02 8.072272000000000336e-01
2.050000000000000000e+01 9.020585000000000409e-02 1.043328999999999951e+00
2.050000000000000000e+01 1.352297000000000082e-01 1.701805999999999930e+00
2.050000000000000000e+01 2.038964000000000054e-01 2.623470000000000191e+00
2.050000000000000000e+01 3.056348999999999871e-01 3.578031000000000184e+00
2.050000000000000000e+01 4.586450999999999723e-01 4.690152999999999572e+00
2.050000000000000000e+01 6.883943999999999619e-01 5.211121999999999588e+00
2.050000000000000000e+01 1.032767999999999908e+00 4.715936000000000128e+00
2.050000000000000000e+01 1.549323000000000006e+00 4.349374000000000073e+00
2.050000000000000000e+01 2.237315999999999860e+00 5.230871999999999744e+00
2.050000000000000000e+01 2.922752000000000017e+00 6.544248999999999761e+00
2.050000000000000000e+01 2.628257999999999983e-02 2.499188999999999994e-01
2.050000000000000000e+01 4.415427999999999714e-02 4.672386000000000039e-01
2.050000000000000000e+01 6.232185999999999976e-02 8.072272000000000336e-01
2.050000000000000000e+01 9.020585000000000409e-02 1.043328999999999951e+00
2.050000000000000000e+01 1.352297000000000082e-01 1.701805999999999930e+00
2.050000000000000000e+01 2.038964000000000054e-01 2.623470000000000191e+00
2.050000000000000000e+01 3.056348999999999871e-01 3.578031000000000184e+00
2.050000000000000000e+01 4.586450999999999723e-01 4.690152999999999572e+00
2.050000000000000000e+01 6.883943999999999619e-01 5.211121999999999588e+00
2.050000000000000000e+01 1.032767999999999908e+00 4.715936000000000128e+00
2.050000000000000000e+01 1.549323000000000006e+00 4.349374000000000073e+00
2.050000000000000000e+01 2.237315999999999860e+00 5.230871999999999744e+00
2.050000000000000000e+01 2.922752000000000017e+00 6.544248999999999761e+00
2.157999999999999829e+01 2.628257999999999983e-02 4.527827999999999714e-02
2.157999999999999829e+01 4.415427999999999714e-02 9.113282000000000327e-02
2.157999999999999829e+01 6.232185999999999976e-02 1.670667000000000124e-01
2.157999999999999829e+01 9.020585000000000409e-02 2.309564000000000061e-01
2.157999999999999829e+01 1.352297000000000082e-01 4.144036999999999860e-01
2.157999999999999829e+01 2.038964000000000054e-01 7.108082000000000011e-01
2.157999999999999829e+01 3.056348999999999871e-01 1.118320999999999898e+00
2.157999999999999829e+01 4.586450999999999723e-01 1.717923000000000089e+00
2.157999999999999829e+01 6.883943999999999619e-01 2.261226000000000180e+00
2.157999999999999829e+01 1.032767999999999908e+00 2.333890999999999938e+00
2.157999999999999829e+01 1.549323000000000006e+00 2.104921000000000042e+00
2.157999999999999829e+01 2.237315999999999860e+00 2.512748999999999899e+00
2.157999999999999829e+01 2.922752000000000017e+00 3.079708000000000112e+00
2.157999999999999829e+01 2.628257999999999983e-02 4.527827999999999714e-02
2.157999999999999829e+01 4.415427999999999714e-02 9.113282000000000327e-02
2.157999999999999829e+01 6.232185999999999976e-02 1.670667000000000124e-01
2.157999999999999829e+01 9.020585000000000409e-02 2.309564000000000061e-01
2.157999999999999829e+01 1.352297000000000082e-01 4.144036999999999860e-01
2.157999999999999829e+01 2.038964000000000054e-01 7.108082000000000011e-01
2.157999999999999829e+01 3.056348999999999871e-01 1.118320999999999898e+00
2.157999999999999829e+01 4.586450999999999723e-01 1.717923000000000089e+00
2.157999999999999829e+01 6.883943999999999619e-01 2.261226000000000180e+00
2.157999999999999829e+01 1.032767999999999908e+00 2.333890999999999938e+00
2.157999999999999829e+01 1.549323000000000006e+00 2.104921000000000042e+00
2.157999999999999829e+01 2.237315999999999860e+00 2.512748999999999899e+00
2.157999999999999829e+01 2.922752000000000017e+00 3.079708000000000112e+00
2.271000000000000085e+01 2.628257999999999983e-02 8.894920000000000604e-03
2.271000000000000085e+01 4.415427999999999714e-02 1.965644999999999892e-02
2.271000000000000085e+01 6.232185999999999976e-02 3.774759999999999921e-02
2.271000000000000085e+01 9.020585000000000409e-02 5.479411000000000004e-02
2.271000000000000085e+01 1.352297000000000082e-01 1.037838999999999984e-01
2.271000000000000085e+01 2.038964000000000054e-01 1.905561000000000060e-01
2.271000000000000085e+01 3.056348999999999871e-01 3.334198999999999913e-01
2.271000000000000085e+01 4.586450999999999723e-01 5.865749000000000102e-01
2.271000000000000085e+01 6.883943999999999619e-01 9.149564999999999504e-01
2.271000000000000085e+01 1.032767999999999908e+00 1.120438999999999963e+00
2.271000000000000085e+01 1.549323000000000006e+00 1.060661999999999994e+00
2.271000000000000085e+01 2.237315999999999860e+00 1.265344000000000024e+00
2.271000000000000085e+01 2.922752000000000017e+00 1.489298999999999928e+00
2.271000000000000085e+01 2.628257999999999983e-02 8.894920000000000604e-03
2.271000000000000085e+01 4.415427999999999714e-02 1.965644999999999892e-02
2.271000000000000085e+01 6.232185999999999976e-02 3.774759999999999921e-02
2.271000000000000085e+01 9.020585000000000409e-02 5.479411000000000004e-02
2.271000000000000085e+01 1.352297000000000082e-01 1.037838999999999984e-01
2.271000000000000085e+01 2.038964000000000054e-01 1.905561000000000060e-01
2.271000000000000085e+01 3.056348999999999871e-01 3.334198999999999913e-01
2.271000000000000085e+01 4.586450999999999723e-01 5.865749000000000102e-01
2.271000000000000085e+01 6.883943999999999619e-01 9.149564999999999504e-01
2.271000000000000085e+01 1.032767999999999908e+00 1.120438999999999963e+00
2.271000000000000085e+01 1.549323000000000006e+00 1.060661999999999994e+00
2.271000000000000085e+01 2.237315999999999860e+00 1.265344000000000024e+00
2.271000000000000085e+01 2.922752000000000017e+00 1.489298999999999928e+00
2.389000000000000057e+01 2.628257999999999983e-02 2.979620000000000098e-03
2.389000000000000057e+01 4.415427999999999714e-02 7.242516000000000058e-03
2.389000000000000057e+01 6.232185999999999976e-02 1.447584000000000024e-02
2.389000000000000057e+01 9.020585000000000409e-02 2.134501000000000107e-02
2.389000000000000057e+01 1.352297000000000082e-01 3.945872000000000268e-02
2.389000000000000057e+01 2.038964000000000054e-01 7.056381000000000459e-02
2.389000000000000057e+01 3.056348999999999871e-01 1.224536999999999987e-01
2.389000000000000057e+01 4.586450999999999723e-01 2.210460999999999954e-01
2.389000000000000057e+01 6.883943999999999619e-01 3.791694999999999927e-01
2.389000000000000057e+01 1.032767999999999908e+00 5.394972999999999574e-01
2.389000000000000057e+01 1.549323000000000006e+00 5.759077000000000224e-01
2.389000000000000057e+01 2.237315999999999860e+00 6.698606999999999756e-01
2.389000000000000057e+01 2.922752000000000017e+00 7.894255999999999496e-01
2.389000000000000057e+01 2.628257999999999983e-02 2.979620000000000098e-03
2.389000000000000057e+01 4.415427999999999714e-02 7.242516000000000058e-03
2.389000000000000057e+01 6.232185999999999976e-02 1.447584000000000024e-02
2.389000000000000057e+01 9.020585000000000409e-02 2.134501000000000107e-02
2.389000000000000057e+01 1.352297000000000082e-01 3.945872000000000268e-02
2.389000000000000057e+01 2.038964000000000054e-01 7.056381000000000459e-02
2.389000000000000057e+01 3.056348999999999871e-01 1.224536999999999987e-01
2.389000000000000057e+01 4.586450999999999723e-01 2.210460999999999954e-01
2.389000000000000057e+01 6.883943999999999619e-01 3.791694999999999927e-01
2.389000000000000057e+01 1.032767999999999908e+00 5.394972999999999574e-01
2.389000000000000057e+01 1.549323000000000006e+00 5.759077000000000224e-01
2.389000000000000057e+01 2.237315999999999860e+00 6.698606999999999756e-01
2.389000000000000057e+01 2.922752000000000017e+00 7.894255999999999496e-01
2.514000000000000057e+01 2.628257999999999983e-02 2.320369999999999985e-03
2.514000000000000057e+01 4.415427999999999714e-02 5.883084999999999704e-03
2.514000000000000057e+01 6.232185999999999976e-02 1.241275000000000017e-02
2.514000000000000057e+01 9.020585000000000409e-02 1.846249999999999974e-02
2.514000000000000057e+01 1.352297000000000082e-01 3.323960000000000109e-02
2.514000000000000057e+01 2.038964000000000054e-01 5.549886999999999876e-02
2.514000000000000057e+01 3.056348999999999871e-01 8.771481999999999890e-02
2.514000000000000057e+01 4.586450999999999723e-01 1.387683999999999862e-01
2.514000000000000057e+01 6.883943999999999619e-01 2.192971999999999977e-01
2.514000000000000057e+01 1.032767999999999908e+00 3.135844999999999883e-01
2.514000000000000057e+01 1.549323000000000006e+00 3.641216999999999926e-01
2.514000000000000057e+01 2.237315999999999860e+00 4.170002999999999904e-01
2.514000000000000057e+01 2.922752000000000017e+00 5.090268999999999489e-01
2.514000000000000057e+01 2.628257999999999983e-02 2.320369999999999985e-03
2.514000000000000057e+01 4.415427999999999714e-02 5.883084999999999704e-03
2.514000000000000057e+01 6.232185999999999976e-02 1.241275000000000017e-02
2.514000000000000057e+01 9.020585000000000409e-02 1.846249999999999974e-02
2.514000000000000057e+01 1.352297000000000082e-01 3.323960000000000109e-02
2.514000000000000057e+01 2.038964000000000054e-01 5.549886999999999876e-02
2.514000000000000057e+01 3.056348999999999871e-01 8.771481999999999890e-02
2.514000000000000057e+01 4.586450999999999723e-01 1.387683999999999862e-01
2.514000000000000057e+01 6.883943999999999619e-01 2.192971999999999977e-01
2.514000000000000057e+01 1.032767999999999908e+00 3.135844999999999883e-01
2.514000000000000057e+01 1.549323000000000006e+00 3.641216999999999926e-01
2.514000000000000057e+01 2.237315999999999860e+00 4.170002999999999904e-01
2.514000000000000057e+01 2.922752000000000017e+00 5.090268999999999489e-01
2.644000000000000128e+01 2.628257999999999983e-02 2.958586000000000028e-03
2.644000000000000128e+01 4.415427999999999714e-02 7.494311000000000028e-03
2.644000000000000128e+01 6.232185999999999976e-02 1.641938999999999899e-02
2.644000000000000128e+01 9.020585000000000409e-02 2.443274999999999961e-02
2.644000000000000128e+01 1.352297000000000082e-01 4.393811000000000244e-02
2.644000000000000128e+01 2.038964000000000054e-01 7.141144000000000658e-02
2.644000000000000128e+01 3.056348999999999871e-01 1.080438999999999983e-01
2.644000000000000128e+01 4.586450999999999723e-01 1.554400999999999977e-01
2.644000000000000128e+01 6.883943999999999619e-01 2.185976000000000030e-01
2.644000000000000128e+01 1.032767999999999908e+00 2.831886000000000125e-01
2.644000000000000128e+01 1.549323000000000006e+00 3.251033999999999868e-01
2.644000000000000128e+01 2.237315999999999860e+00 3.649913000000000185e-01
2.644000000000000128e+01 2.922752000000000017e+00 4.211507999999999918e-01
2.644000000000000128e+01 2.628257999999999983e-02 2.958586000000000028e-03
2.644000000000000128e+01 4.415427999999999714e-02 7.494311000000000028e-03
2.644000000000000128e+01 6.232185999999999976e-02 1.641938999999999899e-02
2.644000000000000128e+01 9.020585000000000409e-02 2.443274999999999961e-02
2.644000000000000128e+01 1.352297000000000082e-01 4.393811000000000244e-02
2.644000000000000128e+01 2.038964000000000054e-01 7.141144000000000658e-02
2.644000000000000128e+01 3.056348999999999871e-01 1.080438999999999983e-01
2.644000000000000128e+01 4.586450999999999723e-01 1.554400999999999977e-01
2.644000000000000128e+01 6.883943999999999619e-01 2.185976000000000030e-01
2.644000000000000128e+01 1.032767999999999908e+00 2.831886000000000125e-01
2.644000000000000128e+01 1.549323000000000006e+00 3.251033999999999868e-01
2.644000000000000128e+01 2.237315999999999860e+00 3.649913000000000185e-01
2.644000000000000128e+01 2.922752000000000017e+00 4.211507999999999918e-01
2.782000000000000028e+01 2.628257999999999983e-02 4.364152999999999956e-03
2.782000000000000028e+01 4.415427999999999714e-02 1.100710000000000056e-02
2.782000000000000028e+01 6.232185999999999976e-02 2.458404000000000145e-02
2.782000000000000028e+01 9.020585000000000409e-02 3.643062999999999857e-02
2.782000000000000028e+01 1.352297000000000082e-01 6.574486000000000219e-02
2.782000000000000028e+01 2.038964000000000054e-01 1.060902999999999985e-01
2.782000000000000028e+01 3.056348999999999871e-01 1.591760000000000119e-01
2.782000000000000028e+01 4.586450999999999723e-01 2.237436999999999898e-01
2.782000000000000028e+01 6.883943999999999619e-01 3.040835000000000066e-01
2.782000000000000028e+01 1.032767999999999908e+00 3.745241999999999738e-01
2.782000000000000028e+01 1.549323000000000006e+00 4.225714999999999888e-01
2.782000000000000028e+01 2.237315999999999860e+00 4.745511000000000035e-01
2.782000000000000028e+01 2.922752000000000017e+00 5.130090999999999957e-01
2.782000000000000028e+01 2.628257999999999983e-02 4.364152999999999956e-03
2.782000000000000028e+01 4.415427999999999714e-02 1.100710000000000056e-02
2.782000000000000028e+01 6.232185999999999976e-02 2.458404000000000145e-02
2.782000000000000028e+01 9.020585000000000409e-02 3.643062999999999857e-02
2.782000000000000028e+01 1.352297000000000082e-01 6.574486000000000219e-02
2.782000000000000028e+01 2.038964000000000054e-01 1.060902999999999985e-01
2.782000000000000028e+01 3.056348999999999871e-01 1.591760000000000119e-01
2.782000000000000028e+01 4.586450999999999723e-01 2.237436999999999898e-01
2.782000000000000028e+01 6.883943999999999619e-01 3.040835000000000066e-01
2.782000000000000028e+01 1.032767999999999908e+00 3.745241999999999738e-01
2.782000000000000028e+01 1.549323000000000006e+00 4.225714999999999888e-01
2.782000000000000028e+01 2.237315999999999860e+00 4.745511000000000035e-01
2.782000000000000028e+01 2.922752000000000017e+00 5.130090999999999957e-01
2.926000000000000156e+01 2.628257999999999983e-02 6.446724000000000031e-03
2.926000000000000156e+01 4.415427999999999714e-02 1.623515999999999848e-02
2.926000000000000156e+01 6.232185999999999976e-02 3.660768999999999829e-02
2.926000000000000156e+01 9.020585000000000409e-02 5.404180000000000095e-02
2.926000000000000156e+01 1.352297000000000082e-01 9.776906000000000485e-02
2.926000000000000156e+01 2.038964000000000054e-01 1.572585999999999984e-01
2.926000000000000156e+01 3.056348999999999871e-01 2.362557999999999880e-01
2.926000000000000156e+01 4.586450999999999723e-01 3.320934999999999859e-01
2.926000000000000156e+01 6.883943999999999619e-01 4.500515999999999961e-01
2.926000000000000156e+01 1.032767999999999908e+00 5.497471999999999914e-01
2.926000000000000156e+01 1.549323000000000006e+00 6.226256999999999486e-01
2.926000000000000156e+01 2.237315999999999860e+00 7.205470000000000486e-01
2.926000000000000156e+01 2.922752000000000017e+00 8.133808999999999623e-01
2.926000000000000156e+01 2.628257999999999983e-02 6.446724000000000031e-03
2.926000000000000156e+01 4.415427999999999714e-02 1.623515999999999848e-02
2.926000000000000156e+01 6.232185999999999976e-02 3.660768999999999829e-02
2.926000000000000156e+01 9.020585000000000409e-02 5.404180000000000095e-02
2.926000000000000156e+01 1.352297000000000082e-01 9.776906000000000485e-02
2.926000000000000156e+01 2.038964000000000054e-01 1.572585999999999984e-01
2.926000000000000156e+01 3.056348999999999871e-01 2.362557999999999880e-01
2.926000000000000156e+01 4.586450999999999723e-01 3.320934999999999859e-01
2.926000000000000156e+01 6.883943999999999619e-01 4.500515999999999961e-01
2.926000000000000156e+01 1.032767999999999908e+00 5.497471999999999914e-01
2.926000000000000156e+01 1.549323000000000006e+00 6.226256999999999486e-01
2.926000000000000156e+01 2.237315999999999860e+00 7.205470000000000486e-01
2.926000000000000156e+01 2.922752000000000017e+00 8.133808999999999623e-01
3.076999999999999957e+01 2.628257999999999983e-02 9.301337999999999273e-03
3.076999999999999957e+01 4.415427999999999714e-02 2.335332000000000033e-02
3.076999999999999957e+01 6.232185999999999976e-02 5.300946000000000130e-02
3.076999999999999957e+01 9.020585000000000409e-02 7.789330999999999339e-02
3.076999999999999957e+01 1.352297000000000082e-01 1.413457999999999937e-01
3.076999999999999957e+01 2.038964000000000054e-01 2.271758999999999862e-01
3.076999999999999957e+01 3.056348999999999871e-01 3.417331000000000119e-01
3.076999999999999957e+01 4.586450999999999723e-01 4.826093000000000188e-01
3.076999999999999957e+01 6.883943999999999619e-01 6.577587000000000295e-01
3.076999999999999957e+01 1.032767999999999908e+00 8.021829999999999794e-01
3.076999999999999957e+01 1.549323000000000006e+00 9.128844999999999876e-01
3.076999999999999957e+01 2.237315999999999860e+00 1.071685999999999916e+00
3.076999999999999957e+01 2.922752000000000017e+00 1.244906999999999986e+00
3.076999999999999957e+01 2.628257999999999983e-02 2.588947999999999805e+00
3.076999999999999957e+01 4.415427999999999714e-02 6.472782999999999731e+00
3.076999999999999957e+01 6.232185999999999976e-02 1.772707000000000122e+01
3.076999999999999957e+01 9.020585000000000409e-02 2.544468000000000174e+01
3.076999999999999957e+01 1.352297000000000082e-01 4.680037999999999698e+01
3.076999999999999957e+01 2.038964000000000054e-01 7.642132999999999754e+01
3.076999999999999957e+01 3.056348999999999871e-01 1.213825999999999965e+02
3.076999999999999957e+01 4.586450999999999723e-01 1.969607000000000028e+02
3.076999999999999957e+01 6.883943999999999619e-01 3.282814000000000192e+02
3.076999999999999957e+01 1.032767999999999908e+00 5.046807000000000016e+02
3.076999999999999957e+01 1.549323000000000006e+00 7.328953000000000202e+02
3.076999999999999957e+01 2.237315999999999860e+00 1.025275000000000091e+03
3.076999999999999957e+01 2.922752000000000017e+00 1.291394000000000005e+03
3.235999999999999943e+01 2.628257999999999983e-02 1.297353000000000048e-02
3.235999999999999943e+01 4.415427999999999714e-02 3.273651000000000338e-02
3.235999999999999943e+01 6.232185999999999976e-02 7.508881000000000583e-02
3.235999999999999943e+01 9.020585000000000409e-02 1.098370999999999931e-01
3.235999999999999943e+01 1.352297000000000082e-01 1.995889000000000135e-01
3.235999999999999943e+01 2.038964000000000054e-01 3.211041000000000034e-01
3.235999999999999943e+01 3.056348999999999871e-01 4.851908999999999805e-01
3.235999999999999943e+01 4.586450999999999723e-01 6.925035999999999969e-01
3.235999999999999943e+01 6.883943999999999619e-01 9.504135000000000222e-01
3.235999999999999943e+01 1.032767999999999908e+00 1.167288000000000103e+00
3.235999999999999943e+01 1.549323000000000006e+00 1.353355000000000086e+00
3.235999999999999943e+01 2.237315999999999860e+00 1.624103999999999992e+00
3.235999999999999943e+01 2.922752000000000017e+00 1.942191999999999918e+00
3.235999999999999943e+01 2.628257999999999983e-02 2.302894000000000219e+00
3.235999999999999943e+01 4.415427999999999714e-02 5.776248999999999967e+00
3.235999999999999943e+01 6.232185999999999976e-02 1.570213000000000036e+01
3.235999999999999943e+01 9.020585000000000409e-02 2.245189999999999841e+01
3.235999999999999943e+01 1.352297000000000082e-01 4.138692000000000348e+01
3.235999999999999943e+01 2.038964000000000054e-01 6.784489999999999554e+01
3.235999999999999943e+01 3.056348999999999871e-01 1.087102000000000004e+02
3.235999999999999943e+01 4.586450999999999723e-01 1.781062000000000012e+02
3.235999999999999943e+01 6.883943999999999619e-01 2.940951999999999771e+02
3.235999999999999943e+01 1.032767999999999908e+00 4.457013999999999783e+02
3.235999999999999943e+01 1.549323000000000006e+00 6.442142000000000053e+02
3.235999999999999943e+01 2.237315999999999860e+00 9.091381999999999834e+02
3.235999999999999943e+01 2.922752000000000017e+00 1.175413000000000011e+03
3.403000000000000114e+01 2.628257999999999983e-02 1.763454000000000063e-02
3.403000000000000114e+01 4.415427999999999714e-02 4.460276999999999992e-02
3.403000000000000114e+01 6.232185999999999976e-02 1.034042000000000017e-01
3.403000000000000114e+01 9.020585000000000409e-02 1.505232999999999988e-01
3.403000000000000114e+01 1.352297000000000082e-01 2.736915999999999793e-01
3.403000000000000114e+01 2.038964000000000054e-01 4.413298999999999972e-01
3.403000000000000114e+01 3.056348999999999871e-01 6.709026999999999630e-01
3.403000000000000114e+01 4.586450999999999723e-01 9.666171999999999542e-01
3.403000000000000114e+01 6.883943999999999619e-01 1.333018999999999954e+00
3.403000000000000114e+01 1.032767999999999908e+00 1.643866000000000049e+00
3.403000000000000114e+01 1.549323000000000006e+00 1.937203000000000008e+00
3.403000000000000114e+01 2.237315999999999860e+00 2.379156000000000049e+00
3.403000000000000114e+01 2.922752000000000017e+00 2.917622999999999855e+00
3.403000000000000114e+01 2.628257999999999983e-02 2.061411000000000104e+00
3.403000000000000114e+01 4.415427999999999714e-02 5.162838999999999956e+00
3.403000000000000114e+01 6.232185999999999976e-02 1.396441000000000088e+01
3.403000000000000114e+01 9.020585000000000409e-02 1.986757000000000062e+01
3.403000000000000114e+01 1.352297000000000082e-01 3.666405000000000314e+01
3.403000000000000114e+01 2.038964000000000054e-01 6.040037000000000234e+01
3.403000000000000114e+01 3.056348999999999871e-01 9.774412999999999840e+01
3.403000000000000114e+01 4.586450999999999723e-01 1.608968999999999880e+02
3.403000000000000114e+01 6.883943999999999619e-01 2.623018000000000143e+02
3.403000000000000114e+01 1.032767999999999908e+00 3.916539999999999964e+02
3.403000000000000114e+01 1.549323000000000006e+00 5.639986000000000104e+02
3.403000000000000114e+01 2.237315999999999860e+00 8.040777000000000498e+02
3.403000000000000114e+01 2.922752000000000017e+00 1.059263999999999896e+03
6.000000000000000000e+00 2.628257999999999983e-02 2.860922000000000118e-02
6.000000000000000000e+00 4.415427999999999714e-02 1.194226000000000038e-01
6.000000000000000000e+00 6.232185999999999976e-02 2.627475000000000227e-01
6.000000000000000000e+00 9.020585000000000409e-02 4.282445999999999753e-01
6.000000000000000000e+00 1.352297000000000082e-01 9.829495999999999789e-01
6.000000000000000000e+00 2.038964000000000054e-01 9.513538000000000272e-01
6.000000000000000000e+00 3.056348999999999871e-01 6.696056999999999704e-01
6.000000000000000000e+00 4.586450999999999723e-01 5.404187999999999770e-01
6.000000000000000000e+00 6.883943999999999619e-01 4.964418999999999915e-01
6.000000000000000000e+00 1.032767999999999908e+00 4.771845000000000114e-01
6.000000000000000000e+00 1.549323000000000006e+00 5.534622000000000153e-01
6.000000000000000000e+00 2.237315999999999860e+00 8.098554000000000030e-01
6.000000000000000000e+00 2.922752000000000017e+00 1.276801999999999992e+00
6.000000000000000000e+00 2.628257999999999983e-02 2.860922000000000118e-02
6.000000000000000000e+00 4.415427999999999714e-02 1.194226000000000038e-01
6.000000000000000000e+00 6.232185999999999976e-02 2.627475000000000227e-01
6.000000000000000000e+00 9.020585000000000409e-02 4.282445999999999753e-01
6.000000000000000000e+00 1.352297000000000082e-01 9.829495999999999789e-01
6.000000000000000000e+00 2.038964000000000054e-01 9.513538000000000272e-01
6.000000000000000000e+00 3.056348999999999871e-01 6.696056999999999704e-01
6.000000000000000000e+00 4.586450999999999723e-01 5.404187999999999770e-01
6.000000000000000000e+00 6.883943999999999619e-01 4.964418999999999915e-01
6.000000000000000000e+00 1.032767999999999908e+00 4.771845000000000114e-01
6.000000000000000000e+00 1.549323000000000006e+00 5.534622000000000153e-01
6.000000000000000000e+00 2.237315999999999860e+00 8.098554000000000030e-01
6.000000000000000000e+00 2.922752000000000017e+00 1.276801999999999992e+00
6.349999999999999645e+00 2.628257999999999983e-02 1.644977999999999996e-01
6.349999999999999645e+00 4.415427999999999714e-02 5.587163000000000546e-01
6.349999999999999645e+00 6.232185999999999976e-02 1.046904999999999974e+00
6.349999999999999645e+00 9.020585000000000409e-02 1.732043999999999917e+00
6.349999999999999645e+00 1.352297000000000082e-01 3.205013999999999807e+00
6.349999999999999645e+00 2.038964000000000054e-01 2.863389999999999880e+00
6.349999999999999645e+00 3.056348999999999871e-01 2.094176000000000037e+00
6.349999999999999645e+00 4.586450999999999723e-01 1.694101000000000079e+00
6.349999999999999645e+00 6.883943999999999619e-01 1.503260999999999958e+00
6.349999999999999645e+00 1.032767999999999908e+00 1.493055000000000021e+00
6.349999999999999645e+00 1.549323000000000006e+00 1.702776000000000067e+00
6.349999999999999645e+00 2.237315999999999860e+00 2.529170000000000140e+00
6.349999999999999645e+00 2.922752000000000017e+00 3.940854999999999997e+00
6.349999999999999645e+00 2.628257999999999983e-02 1.644977999999999996e-01
6.349999999999999645e+00 4.415427999999999714e-02 5.587163000000000546e-01
6.349999999999999645e+00 6.232185999999999976e-02 1.046904999999999974e+00
6.349999999999999645e+00 9.020585000000000409e-02 1.732043999999999917e+00
6.349999999999999645e+00 1.352297000000000082e-01 3.205013999999999807e+00
6.349999999999999645e+00 2.038964000000000054e-01 2.863389999999999880e+00
6.349999999999999645e+00 3.056348999999999871e-01 2.094176000000000037e+00
6.349999999999999645e+00 4.586450999999999723e-01 1.694101000000000079e+00
6.349999999999999645e+00 6.883943999999999619e-01 1.503260999999999958e+00
6.349999999999999645e+00 1.032767999999999908e+00 1.493055000000000021e+00
6.349999999999999645e+00 1.549323000000000006e+00 1.702776000000000067e+00
6.349999999999999645e+00 2.237315999999999860e+00 2.529170000000000140e+00
6.349999999999999645e+00 2.922752000000000017e+00 3.940854999999999997e+00
6.719999999999999751e+00 2.628257999999999983e-02 5.399988999999999484e-01
6.719999999999999751e+00 4.415427999999999714e-02 1.473433999999999910e+00
6.719999999999999751e+00 6.232185999999999976e-02 2.668950000000000156e+00
6.719999999999999751e+00 9.020585000000000409e-02 4.800595000000000390e+00
6.719999999999999751e+00 1.352297000000000082e-01 8.265945999999999572e+00
6.719999999999999751e+00 2.038964000000000054e-01 6.108416000000000068e+00
6.719999999999999751e+00 3.056348999999999871e-01 4.763600000000000279e+00
6.719999999999999751e+00 4.586450999999999723e-01 3.861905000000000143e+00
6.719999999999999751e+00 6.883943999999999619e-01 3.540836999999999790e+00
6.719999999999999751e+00 1.032767999999999908e+00 3.524678000000000200e+00
6.719999999999999751e+00 1.549323000000000006e+00 4.006658999999999970e+00
6.719999999999999751e+00 2.237315999999999860e+00 5.999572999999999823e+00
6.719999999999999751e+00 2.922752000000000017e+00 9.413629000000000246e+00
6.719999999999999751e+00 2.628257999999999983e-02 5.399988999999999484e-01
6.719999999999999751e+00 4.415427999999999714e-02 1.473433999999999910e+00
6.719999999999999751e+00 6.232185999999999976e-02 2.668950000000000156e+00
6.719999999999999751e+00 9.020585000000000409e-02 4.800595000000000390e+00
6.719999999999999751e+00 1.352297000000000082e-01 8.265945999999999572e+00
6.719999999999999751e+00 2.038964000000000054e-01 6.108416000000000068e+00
6.719999999999999751e+00 3.056348999999999871e-01 4.763600000000000279e+00
6.719999999999999751e+00 4.586450999999999723e-01 3.861905000000000143e+00
6.719999999999999751e+00 6.883943999999999619e-01 3.540836999999999790e+00
6.719999999999999751e+00 1.032767999999999908e+00 3.524678000000000200e+00
6.719999999999999751e+00 1.549323000000000006e+00 4.006658999999999970e+00
6.719999999999999751e+00 2.237315999999999860e+00 5.999572999999999823e+00
6.719999999999999751e+00 2.922752000000000017e+00 9.413629000000000246e+00
7.099999999999999645e+00 2.628257999999999983e-02 1.134849999999999914e+00
7.099999999999999645e+00 4.415427999999999714e-02 2.930931000000000175e+00
7.099999999999999645e+00 6.232185999999999976e-02 5.394944999999999879e+00
7.099999999999999645e+00 9.020585000000000409e-02 9.719697999999999283e+00
7.099999999999999645e+00 1.352297000000000082e-01 1.604974999999999952e+01
7.099999999999999645e+00 2.038964000000000054e-01 1.063284999999999947e+01
7.099999999999999645e+00 3.056348999999999871e-01 8.757873000000000019e+00
7.099999999999999645e+00 4.586450999999999723e-01 7.276343999999999923e+00
7.099999999999999645e+00 6.883943999999999619e-01 6.763632999999999562e+00
7.099999999999999645e+00 1.032767999999999908e+00 6.815347000000000044e+00
7.099999999999999645e+00 1.549323000000000006e+00 7.805640999999999607e+00
7.099999999999999645e+00 2.237315999999999860e+00 1.174006999999999934e+01
7.099999999999999645e+00 2.922752000000000017e+00 1.837284999999999968e+01
7.099999999999999645e+00 2.628257999999999983e-02 1.134849999999999914e+00
7.099999999999999645e+00 4.415427999999999714e-02 2.930931000000000175e+00
7.099999999999999645e+00 6.232185999999999976e-02 5.394944999999999879e+00
7.099999999999999645e+00 9.020585000000000409e-02 9.719697999999999283e+00
7.099999999999999645e+00 1.352297000000000082e-01 1.604974999999999952e+01
7.099999999999999645e+00 2.038964000000000054e-01 1.063284999999999947e+01
7.099999999999999645e+00 3.056348999999999871e-01 8.757873000000000019e+00
7.099999999999999645e+00 4.586450999999999723e-01 7.276343999999999923e+00
7.099999999999999645e+00 6.883943999999999619e-01 6.763632999999999562e+00
7.099999999999999645e+00 1.032767999999999908e+00 6.815347000000000044e+00
7.099999999999999645e+00 1.549323000000000006e+00 7.805640999999999607e+00
7.099999999999999645e+00 2.237315999999999860e+00 1.174006999999999934e+01
7.099999999999999645e+00 2.922752000000000017e+00 1.837284999999999968e+01
7.509999999999999787e+00 2.628257999999999983e-02 1.612815000000000110e+00
7.509999999999999787e+00 4.415427999999999714e-02 4.187119000000000035e+00
7.509999999999999787e+00 6.232185999999999976e-02 8.113338999999999857e+00
7.509999999999999787e+00 9.020585000000000409e-02 1.426158000000000037e+01
7.509999999999999787e+00 1.352297000000000082e-01 2.421400999999999826e+01
7.509999999999999787e+00 2.038964000000000054e-01 1.655812999999999846e+01
7.509999999999999787e+00 3.056348999999999871e-01 1.353714000000000084e+01
7.509999999999999787e+00 4.586450999999999723e-01 1.171959999999999980e+01
7.509999999999999787e+00 6.883943999999999619e-01 1.099154000000000053e+01
7.509999999999999787e+00 1.032767999999999908e+00 1.119837000000000060e+01
7.509999999999999787e+00 1.549323000000000006e+00 1.290513999999999939e+01
7.509999999999999787e+00 2.237315999999999860e+00 1.947551999999999950e+01
7.509999999999999787e+00 2.922752000000000017e+00 3.061655999999999977e+01
7.509999999999999787e+00 2.628257999999999983e-02 1.612815000000000110e+00
7.509999999999999787e+00 4.415427999999999714e-02 4.187119000000000035e+00
7.509999999999999787e+00 6.232185999999999976e-02 8.113338999999999857e+00
7.509999999999999787e+00 9.020585000000000409e-02 1.426158000000000037e+01
7.509999999999999787e+00 1.352297000000000082e-01 2.421400999999999826e+01
7.509999999999999787e+00 2.038964000000000054e-01 1.655812999999999846e+01
7.509999999999999787e+00 3.056348999999999871e-01 1.353714000000000084e+01
7.509999999999999787e+00 4.586450999999999723e-01 1.171959999999999980e+01
7.509999999999999787e+00 6.883943999999999619e-01 1.099154000000000053e+01
7.509999999999999787e+00 1.032767999999999908e+00 1.119837000000000060e+01
7.509999999999999787e+00 1.549323000000000006e+00 1.290513999999999939e+01
7.509999999999999787e+00 2.237315999999999860e+00 1.947551999999999950e+01
7.509999999999999787e+00 2.922752000000000017e+00 3.061655999999999977e+01
7.929999999999999716e+00 2.628257999999999983e-02 1.506418999999999953e+00
7.929999999999999716e+00 4.415427999999999714e-02 4.419509999999999827e+00
7.929999999999999716e+00 6.232185999999999976e-02 8.881244000000000582e+00
7.929999999999999716e+00 9.020585000000000409e-02 1.522639000000000031e+01
7.929999999999999716e+00 1.352297000000000082e-01 2.730162999999999940e+01
7.929999999999999716e+00 2.038964000000000054e-01 2.158691999999999922e+01
7.929999999999999716e+00 3.056348999999999871e-01 1.718290000000000006e+01
7.929999999999999716e+00 4.586450999999999723e-01 1.511328999999999922e+01
7.929999999999999716e+00 6.883943999999999619e-01 1.472893000000000008e+01
7.929999999999999716e+00 1.032767999999999908e+00 1.532483000000000040e+01
7.929999999999999716e+00 1.549323000000000006e+00 1.776404000000000138e+01
7.929999999999999716e+00 2.237315999999999860e+00 2.695107000000000141e+01
7.929999999999999716e+00 2.922752000000000017e+00 4.199311999999999756e+01
7.929999999999999716e+00 2.628257999999999983e-02 1.506418999999999953e+00
7.929999999999999716e+00 4.415427999999999714e-02 4.419509999999999827e+00
7.929999999999999716e+00 6.232185999999999976e-02 8.881244000000000582e+00
7.929999999999999716e+00 9.020585000000000409e-02 1.522639000000000031e+01
7.929999999999999716e+00 1.352297000000000082e-01 2.730162999999999940e+01
7.929999999999999716e+00 2.038964000000000054e-01 2.158691999999999922e+01
7.929999999999999716e+00 3.056348999999999871e-01 1.718290000000000006e+01
7.929999999999999716e+00 4.586450999999999723e-01 1.511328999999999922e+01
7.929999999999999716e+00 6.883943999999999619e-01 1.472893000000000008e+01
7.929999999999999716e+00 1.032767999999999908e+00 1.532483000000000040e+01
7.929999999999999716e+00 1.549323000000000006e+00 1.776404000000000138e+01
7.929999999999999716e+00 2.237315999999999860e+00 2.695107000000000141e+01
7.929999999999999716e+00 2.922752000000000017e+00 4.199311999999999756e+01
8.380000000000000782e+00 2.628257999999999983e-02 7.162735999999999548e-01
8.380000000000000782e+00 4.415427999999999714e-02 2.786003000000000007e+00
8.380000000000000782e+00 6.232185999999999976e-02 6.483819999999999695e+00
8.380000000000000782e+00 9.020585000000000409e-02 1.124296000000000006e+01
8.380000000000000782e+00 1.352297000000000082e-01 2.172231999999999985e+01
8.380000000000000782e+00 2.038964000000000054e-01 2.079850000000000065e+01
8.380000000000000782e+00 3.056348999999999871e-01 1.729176999999999964e+01
8.380000000000000782e+00 4.586450999999999723e-01 1.584886999999999979e+01
8.380000000000000782e+00 6.883943999999999619e-01 1.580851000000000006e+01
8.380000000000000782e+00 1.032767999999999908e+00 1.671507000000000076e+01
8.380000000000000782e+00 1.549323000000000006e+00 1.948686999999999969e+01
8.380000000000000782e+00 2.237315999999999860e+00 2.963748999999999967e+01
8.380000000000000782e+00 2.922752000000000017e+00 4.607710999999999757e+01
8.380000000000000782e+00 2.628257999999999983e-02 7.162735999999999548e-01
8.380000000000000782e+00 4.415427999999999714e-02 2.786003000000000007e+00
8.380000000000000782e+00 6.232185999999999976e-02 6.483819999999999695e+00
8.380000000000000782e+00 9.020585000000000409e-02 1.124296000000000006e+01
8.380000000000000782e+00 1.352297000000000082e-01 2.172231999999999985e+01
8.380000000000000782e+00 2.038964000000000054e-01 2.079850000000000065e+01
8.380000000000000782e+00 3.056348999999999871e-01 1.729176999999999964e+01
8.380000000000000782e+00 4.586450999999999723e-01 1.584886999999999979e+01
8.380000000000000782e+00 6.883943999999999619e-01 1.580851000000000006e+01
8.380000000000000782e+00 1.032767999999999908e+00 1.671507000000000076e+01
8.380000000000000782e+00 1.549323000000000006e+00 1.948686999999999969e+01
8.380000000000000782e+00 2.237315999999999860e+00 2.963748999999999967e+01
8.380000000000000782e+00 2.922752000000000017e+00 4.607710999999999757e+01
8.849999999999999645e+00 2.628257999999999983e-02 7.094229999999999980e-02
8.849999999999999645e+00 4.415427999999999714e-02 7.369727000000000361e-01
8.849999999999999645e+00 6.232185999999999976e-02 2.257573999999999970e+00
8.849999999999999645e+00 9.020585000000000409e-02 4.881865000000000343e+00
8.849999999999999645e+00 1.352297000000000082e-01 1.178561999999999976e+01
8.849999999999999645e+00 2.038964000000000054e-01 1.437944000000000067e+01
8.849999999999999645e+00 3.056348999999999871e-01 1.300669000000000075e+01
8.849999999999999645e+00 4.586450999999999723e-01 1.274872000000000050e+01
8.849999999999999645e+00 6.883943999999999619e-01 1.304321000000000019e+01
8.849999999999999645e+00 1.032767999999999908e+00 1.397606999999999999e+01
8.849999999999999645e+00 1.549323000000000006e+00 1.648435999999999879e+01
8.849999999999999645e+00 2.237315999999999860e+00 2.515871999999999886e+01
8.849999999999999645e+00 2.922752000000000017e+00 3.869292000000000087e+01
8.849999999999999645e+00 2.628257999999999983e-02 7.094229999999999980e-02
8.849999999999999645e+00 4.415427999999999714e-02 7.369727000000000361e-01
8.849999999999999645e+00 6.232185999999999976e-02 2.257573999999999970e+00
8.849999999999999645e+00 9.020585000000000409e-02 4.881865000000000343e+00
8.849999999999999645e+00 1.352297000000000082e-01 1.178561999999999976e+01
8.849999999999999645e+00 2.038964000000000054e-01 1.437944000000000067e+01
8.849999999999999645e+00 3.056348999999999871e-01 1.300669000000000075e+01
8.849999999999999645e+00 4.586450999999999723e-01 1.274872000000000050e+01
8.849999999999999645e+00 6.883943999999999619e-01 1.304321000000000019e+01
8.849999999999999645e+00 1.032767999999999908e+00 1.397606999999999999e+01
8.849999999999999645e+00 1.549323000000000006e+00 1.648435999999999879e+01
8.849999999999999645e+00 2.237315999999999860e+00 2.515871999999999886e+01
8.849999999999999645e+00 2.922752000000000017e+00 3.869292000000000087e+01
9.339999999999999858e+00 2.628257999999999983e-02 1.025331999999999910e+00
9.339999999999999858e+00 4.415427999999999714e-02 9.731469999999999843e-01
9.339999999999999858e+00 6.232185999999999976e-02 7.193798000000000137e-01
9.339999999999999858e+00 9.020585000000000409e-02 1.162995000000000001e+00
9.339999999999999858e+00 1.352297000000000082e-01 3.307549999999999990e+00
9.339999999999999858e+00 2.038964000000000054e-01 6.000761999999999929e+00
9.339999999999999858e+00 3.056348999999999871e-01 6.361092000000000191e+00
9.339999999999999858e+00 4.586450999999999723e-01 6.645763999999999783e+00
9.339999999999999858e+00 6.883943999999999619e-01 7.015722000000000236e+00
9.339999999999999858e+00 1.032767999999999908e+00 7.585035999999999667e+00
9.339999999999999858e+00 1.549323000000000006e+00 8.984356999999999260e+00
9.339999999999999858e+00 2.237315999999999860e+00 1.372938000000000081e+01
9.339999999999999858e+00 2.922752000000000017e+00 2.136401000000000039e+01
9.339999999999999858e+00 2.628257999999999983e-02 1.025331999999999910e+00
9.339999999999999858e+00 4.415427999999999714e-02 9.731469999999999843e-01
9.339999999999999858e+00 6.232185999999999976e-02 7.193798000000000137e-01
9.339999999999999858e+00 9.020585000000000409e-02 1.162995000000000001e+00
9.339999999999999858e+00 1.352297000000000082e-01 3.307549999999999990e+00
9.339999999999999858e+00 2.038964000000000054e-01 6.000761999999999929e+00
9.339999999999999858e+00 3.056348999999999871e-01 6.361092000000000191e+00
9.339999999999999858e+00 4.586450999999999723e-01 6.645763999999999783e+00
9.339999999999999858e+00 6.883943999999999619e-01 7.015722000000000236e+00
9.339999999999999858e+00 1.032767999999999908e+00 7.585035999999999667e+00
9.339999999999999858e+00 1.549323000000000006e+00 8.984356999999999260e+00
9.339999999999999858e+00 2.237315999999999860e+00 1.372938000000000081e+01
9.339999999999999858e+00 2.922752000000000017e+00 2.136401000000000039e+01
9.859999999999999432e+00 2.628257999999999983e-02 5.996544000000000096e+00
9.859999999999999432e+00 4.415427999999999714e-02 7.732484000000000357e+00
9.859999999999999432e+00 6.232185999999999976e-02 6.970118000000000258e+00
9.859999999999999432e+00 9.020585000000000409e-02 4.547128999999999976e+00
9.859999999999999432e+00 1.352297000000000082e-01 2.454836999999999936e+00
9.859999999999999432e+00 2.038964000000000054e-01 1.802975999999999912e+00
9.859999999999999432e+00 3.056348999999999871e-01 1.790915999999999952e+00
9.859999999999999432e+00 4.586450999999999723e-01 1.779660999999999937e+00
9.859999999999999432e+00 6.883943999999999619e-01 1.823839999999999906e+00
9.859999999999999432e+00 1.032767999999999908e+00 1.993568999999999924e+00
9.859999999999999432e+00 1.549323000000000006e+00 2.433861999999999970e+00
9.859999999999999432e+00 2.237315999999999860e+00 3.790792000000000161e+00
9.859999999999999432e+00 2.922752000000000017e+00 5.865198999999999607e+00
9.859999999999999432e+00 2.628257999999999983e-02 5.996544000000000096e+00
9.859999999999999432e+00 4.415427999999999714e-02 7.732484000000000357e+00
9.859999999999999432e+00 6.232185999999999976e-02 6.970118000000000258e+00
9.859999999999999432e+00 9.020585000000000409e-02 4.547128999999999976e+00
9.859999999999999432e+00 1.352297000000000082e-01 2.454836999999999936e+00
9.859999999999999432e+00 2.038964000000000054e-01 1.802975999999999912e+00
9.859999999999999432e+00 3.056348999999999871e-01 1.790915999999999952e+00
9.859999999999999432e+00 4.586450999999999723e-01 1.779660999999999937e+00
9.859999999999999432e+00 6.883943999999999619e-01 1.823839999999999906e+00
9.859999999999999432e+00 1.032767999999999908e+00 1.993568999999999924e+00
9.859999999999999432e+00 1.549323000000000006e+00 2.433861999999999970e+00
9.859999999999999432e+00 2.237315999999999860e+00 3.790792000000000161e+00
9.859999999999999432e+00 2.922752000000000017e+00 5.865198999999999607e+00
