1.040000000000000036e+01 2.628257999999999983e-02 1.292248000000000019e+01
1.040000000000000036e+01 4.415427999999999714e-02 2.003291000000000111e+01
1.040000000000000036e+01 6.232185999999999976e-02 2.255085000000000051e+01
1.040000000000000036e+01 9.020585000000000409e-02 1.755386000000000024e+01
1.040000000000000036e+01 1.352297000000000082e-01 1.316759000000000057e+01
1.040000000000000036e+01 2.038964000000000054e-01 8.771311999999999998e+00
1.040000000000000036e+01 3.056348999999999871e-01 5.959060000000000024e+00
1.040000000000000036e+01 4.586450999999999723e-01 4.497811999999999699e+00
1.040000000000000036e+01 6.883943999999999619e-01 4.308790000000000120e+00
1.040000000000000036e+01 1.032767999999999908e+00 4.782694000000000223e+00
1.040000000000000036e+01 1.549323000000000006e+00 6.052909999999999791e+00
1.040000000000000036e+01 2.237315999999999860e+00 9.278980000000000672e+00
1.040000000000000036e+01 2.922752000000000017e+00 1.372397999999999918e+01
1.097000000000000064e+01 2.628257999999999983e-02 2.655853000000000108e+01
1.097000000000000064e+01 4.415427999999999714e-02 4.185974999999999824e+01
1.097000000000000064e+01 6.232185999999999976e-02 4.564815000000000111e+01
1.097000000000000064e+01 9.020585000000000409e-02 3.463864999999999839e+01
1.097000000000000064e+01 1.352297000000000082e-01 2.440331000000000117e+01
1.097000000000000064e+01 2.038964000000000054e-01 1.559000999999999948e+01
1.097000000000000064e+01 3.056348999999999871e-01 1.142416000000000054e+01
1.097000000000000064e+01 4.586450999999999723e-01 1.148677999999999955e+01
1.097000000000000064e+01 6.883943999999999619e-01 1.370803000000000083e+01
1.097000000000000064e+01 1.032767999999999908e+00 1.690641000000000105e+01
1.097000000000000064e+01 1.549323000000000006e+00 2.241432000000000002e+01
1.097000000000000064e+01 2.237315999999999860e+00 3.069444000000000017e+01
1.097000000000000064e+01 2.922752000000000017e+00 3.554043000000000063e+01
1.157000000000000028e+01 2.628257999999999983e-02 4.894068000000000040e+01
1.157000000000000028e+01 4.415427999999999714e-02 7.873915999999999826e+01
1.157000000000000028e+01 6.232185999999999976e-02 8.494693999999999789e+01
1.157000000000000028e+01 9.020585000000000409e-02 6.409870999999999697e+01
1.157000000000000028e+01 1.352297000000000082e-01 4.411771000000000242e+01
1.157000000000000028e+01 2.038964000000000054e-01 2.895370000000000132e+01
1.157000000000000028e+01 3.056348999999999871e-01 2.650899000000000072e+01
1.157000000000000028e+01 4.586450999999999723e-01 3.605696999999999974e+01
1.157000000000000028e+01 6.883943999999999619e-01 5.013714999999999833e+01
1.157000000000000028e+01 1.032767999999999908e+00 6.561521000000000470e+01
1.157000000000000028e+01 1.549323000000000006e+00 9.000437999999999761e+01
1.157000000000000028e+01 2.237315999999999860e+00 1.221436999999999955e+02
1.157000000000000028e+01 2.922752000000000017e+00 1.320882000000000005e+02
1.219999999999999929e+01 2.628257999999999983e-02 7.250524000000000058e+01
1.219999999999999929e+01 4.415427999999999714e-02 1.202955999999999932e+02
1.219999999999999929e+01 6.232185999999999976e-02 1.303537000000000035e+02
1.219999999999999929e+01 9.020585000000000409e-02 9.957614999999999839e+01
1.219999999999999929e+01 1.352297000000000082e-01 7.001425000000000409e+01
1.219999999999999929e+01 2.038964000000000054e-01 5.017327000000000226e+01
1.219999999999999929e+01 3.056348999999999871e-01 5.689598999999999762e+01
1.219999999999999929e+01 4.586450999999999723e-01 8.996135999999999910e+01
1.219999999999999929e+01 6.883943999999999619e-01 1.324353000000000122e+02
1.219999999999999929e+01 1.032767999999999908e+00 1.786516000000000020e+02
1.219999999999999929e+01 1.549323000000000006e+00 2.525207000000000050e+02
1.219999999999999929e+01 2.237315999999999860e+00 3.402418999999999869e+02
1.219999999999999929e+01 2.922752000000000017e+00 3.593417000000000030e+02
1.285999999999999943e+01 2.628257999999999983e-02 7.494441999999999382e+01
1.285999999999999943e+01 4.415427999999999714e-02 1.311740000000000066e+02
1.285999999999999943e+01 6.232185999999999976e-02 1.439627000000000123e+02
1.285999999999999943e+01 9.020585000000000409e-02 1.139458000000000055e+02
1.285999999999999943e+01 1.352297000000000082e-01 8.666206999999999994e+01
1.285999999999999943e+01 2.038964000000000054e-01 7.402212000000000103e+01
1.285999999999999943e+01 3.056348999999999871e-01 1.016548999999999978e+02
1.285999999999999943e+01 4.586450999999999723e-01 1.727488999999999919e+02
1.285999999999999943e+01 6.883943999999999619e-01 2.610828000000000202e+02
1.285999999999999943e+01 1.032767999999999908e+00 3.605280999999999949e+02
1.285999999999999943e+01 1.549323000000000006e+00 5.264818999999999960e+02
1.285999999999999943e+01 2.237315999999999860e+00 7.092604000000000042e+02
1.285999999999999943e+01 2.922752000000000017e+00 7.356847999999999956e+02
1.355000000000000071e+01 2.628257999999999983e-02 4.101543999999999812e+01
1.355000000000000071e+01 4.415427999999999714e-02 8.066777999999999338e+01
1.355000000000000071e+01 6.232185999999999976e-02 9.128031000000000006e+01
1.355000000000000071e+01 9.020585000000000409e-02 7.939731999999999346e+01
1.355000000000000071e+01 1.352297000000000082e-01 7.427519999999999811e+01
1.355000000000000071e+01 2.038964000000000054e-01 8.823296000000000561e+01
1.355000000000000071e+01 3.056348999999999871e-01 1.466014999999999873e+02
1.355000000000000071e+01 4.586450999999999723e-01 2.553168000000000006e+02
1.355000000000000071e+01 6.883943999999999619e-01 3.902964000000000055e+02
1.355000000000000071e+01 1.032767999999999908e+00 5.510235999999999876e+02
1.355000000000000071e+01 1.549323000000000006e+00 8.301992999999999938e+02
1.355000000000000071e+01 2.237315999999999860e+00 1.128796000000000049e+03
1.355000000000000071e+01 2.922752000000000017e+00 1.155122000000000071e+03
1.427999999999999936e+01 2.628257999999999983e-02 3.205382000000000176e+00
1.427999999999999936e+01 4.415427999999999714e-02 1.226196000000000019e+01
1.427999999999999936e+01 6.232185999999999976e-02 1.870786000000000016e+01
1.427999999999999936e+01 9.020585000000000409e-02 2.704690000000000083e+01
1.427999999999999936e+01 1.352297000000000082e-01 4.714587000000000216e+01
1.427999999999999936e+01 2.038964000000000054e-01 8.982115000000000293e+01
1.427999999999999936e+01 3.056348999999999871e-01 1.680551000000000101e+02
1.427999999999999936e+01 4.586450999999999723e-01 2.830926000000000045e+02
1.427999999999999936e+01 6.883943999999999619e-01 4.305939000000000192e+02
1.427999999999999936e+01 1.032767999999999908e+00 6.188959999999999582e+02
1.427999999999999936e+01 1.549323000000000006e+00 9.516924999999999955e+02
1.427999999999999936e+01 2.237315999999999860e+00 1.288046000000000049e+03
1.427999999999999936e+01 2.922752000000000017e+00 1.313833000000000084e+03
1.505000000000000071e+01 2.628257999999999983e-02 1.121171999999999969e+01
1.505000000000000071e+01 4.415427999999999714e-02 1.196255999999999986e+01
1.505000000000000071e+01 6.232185999999999976e-02 2.442884000000000100e+01
1.505000000000000071e+01 9.020585000000000409e-02 3.258982000000000312e+01
1.505000000000000071e+01 1.352297000000000082e-01 5.755393000000000114e+01
1.505000000000000071e+01 2.038964000000000054e-01 1.000473000000000070e+02
1.505000000000000071e+01 3.056348999999999871e-01 1.667687999999999988e+02
1.505000000000000071e+01 4.586450999999999723e-01 2.535605999999999938e+02
1.505000000000000071e+01 6.883943999999999619e-01 3.728838000000000079e+02
1.505000000000000071e+01 1.032767999999999908e+00 5.423501999999999725e+02
1.505000000000000071e+01 1.549323000000000006e+00 8.483401999999999816e+02
1.505000000000000071e+01 2.237315999999999860e+00 1.129493999999999915e+03
1.505000000000000071e+01 2.922752000000000017e+00 1.140164999999999964e+03
1.584999999999999964e+01 2.628257999999999983e-02 4.006530000000000058e+01
1.584999999999999964e+01 4.415427999999999714e-02 5.213273999999999830e+01
1.584999999999999964e+01 6.232185999999999976e-02 7.746002000000000010e+01
1.584999999999999964e+01 9.020585000000000409e-02 7.736848000000000525e+01
1.584999999999999964e+01 1.352297000000000082e-01 9.696783999999999537e+01
1.584999999999999964e+01 2.038964000000000054e-01 1.208614000000000033e+02
1.584999999999999964e+01 3.056348999999999871e-01 1.533788999999999874e+02
1.584999999999999964e+01 4.586450999999999723e-01 1.944437000000000069e+02
1.584999999999999964e+01 6.883943999999999619e-01 2.629941000000000031e+02
1.584999999999999964e+01 1.032767999999999908e+00 3.780208000000000084e+02
1.584999999999999964e+01 1.549323000000000006e+00 5.949994000000000369e+02
1.584999999999999964e+01 2.237315999999999860e+00 7.811087999999999738e+02
1.584999999999999964e+01 2.922752000000000017e+00 7.578306999999999789e+02
1.669000000000000128e+01 2.628257999999999983e-02 4.821531999999999840e+01
1.669000000000000128e+01 4.415427999999999714e-02 6.804559000000000424e+01
1.669000000000000128e+01 6.232185999999999976e-02 9.710017000000000564e+01
1.669000000000000128e+01 9.020585000000000409e-02 9.400911000000000683e+01
1.669000000000000128e+01 1.352297000000000082e-01 1.088807000000000045e+02
1.669000000000000128e+01 2.038964000000000054e-01 1.181782999999999930e+02
1.669000000000000128e+01 3.056348999999999871e-01 1.220748999999999995e+02
1.669000000000000128e+01 4.586450999999999723e-01 1.277330000000000041e+02
1.669000000000000128e+01 6.883943999999999619e-01 1.485237999999999943e+02
1.669000000000000128e+01 1.032767999999999908e+00 2.023546000000000049e+02
1.669000000000000128e+01 1.549323000000000006e+00 3.155579999999999927e+02
1.669000000000000128e+01 2.237315999999999860e+00 4.133036999999999921e+02
1.669000000000000128e+01 2.922752000000000017e+00 4.003385999999999854e+02
1.757000000000000028e+01 2.628257999999999983e-02 3.222793999999999670e+01
1.757000000000000028e+01 4.415427999999999714e-02 4.806421000000000276e+01
1.757000000000000028e+01 6.232185999999999976e-02 6.932143000000000654e+01
1.757000000000000028e+01 9.020585000000000409e-02 6.948014999999999475e+01
1.757000000000000028e+01 1.352297000000000082e-01 8.224627999999999872e+01
1.757000000000000028e+01 2.038964000000000054e-01 8.813195000000000334e+01
1.757000000000000028e+01 3.056348999999999871e-01 8.326207999999999743e+01
1.757000000000000028e+01 4.586450999999999723e-01 7.768890000000000384e+01
1.757000000000000028e+01 6.883943999999999619e-01 7.589477999999999724e+01
1.757000000000000028e+01 1.032767999999999908e+00 9.004791000000000167e+01
1.757000000000000028e+01 1.549323000000000006e+00 1.323987999999999943e+02
1.757000000000000028e+01 2.237315999999999860e+00 1.700288999999999930e+02
1.757000000000000028e+01 2.922752000000000017e+00 1.668948000000000036e+02
1.850000000000000000e+01 2.628257999999999983e-02 1.447545999999999999e+01
1.850000000000000000e+01 4.415427999999999714e-02 2.282605999999999824e+01
1.850000000000000000e+01 6.232185999999999976e-02 3.384599000000000046e+01
1.850000000000000000e+01 9.020585000000000409e-02 3.554715000000000202e+01
1.850000000000000000e+01 1.352297000000000082e-01 4.429008000000000322e+01
1.850000000000000000e+01 2.038964000000000054e-01 4.986233000000000004e+01
1.850000000000000000e+01 3.056348999999999871e-01 4.781179000000000201e+01
1.850000000000000000e+01 4.586450999999999723e-01 4.430892000000000053e+01
1.850000000000000000e+01 6.883943999999999619e-01 3.905601999999999663e+01
1.850000000000000000e+01 1.032767999999999908e+00 3.838783000000000101e+01
1.850000000000000000e+01 1.549323000000000006e+00 4.978831999999999880e+01
1.850000000000000000e+01 2.237315999999999860e+00 6.216290000000000049e+01
1.850000000000000000e+01 2.922752000000000017e+00 6.338083000000000311e+01
1.948000000000000043e+01 2.628257999999999983e-02 4.649948000000000192e+00
1.948000000000000043e+01 4.415427999999999714e-02 7.754921000000000397e+00
1.948000000000000043e+01 6.232185999999999976e-02 1.198389000000000060e+01
1.948000000000000043e+01 9.020585000000000409e-02 1.337212000000000067e+01
1.948000000000000043e+01 1.352297000000000082e-01 1.794806000000000168e+01
1.948000000000000043e+01 2.038964000000000054e-01 2.205547999999999931e+01
1.948000000000000043e+01 3.056348999999999871e-01 2.303352999999999895e+01
1.948000000000000043e+01 4.586450999999999723e-01 2.309802000000000177e+01
1.948000000000000043e+01 6.883943999999999619e-01 2.055837000000000003e+01
1.948000000000000043e+01 1.032767999999999908e+00 1.758747999999999934e+01
1.948000000000000043e+01 1.549323000000000006e+00 1.926433000000000106e+01
1.948000000000000043e+01 2.237315999999999860e+00 2.322298999999999936e+01
1.948000000000000043e+01 2.922752000000000017e+00 2.545097000000000165e+01
2.050000000000000000e+01 2.628257999999999983e-02 1.138333000000000039e+00
2.050000000000000000e+01 4.415427999999999714e-02 2.012108000000000008e+00
2.050000000000000000e+01 6.232185999999999976e-02 3.266020999999999841e+00
2.050000000000000000e+01 9.020585000000000409e-02 3.897758000000000056e+00
2.050000000000000000e+01 1.352297000000000082e-01 5.718638000000000332e+00
2.050000000000000000e+01 2.038964000000000054e-01 7.824415000000000120e+00
2.050000000000000000e+01 3.056348999999999871e-01 9.264780000000000015e+00
2.050000000000000000e+01 4.586450999999999723e-01 1.056476999999999933e+01
2.050000000000000000e+01 6.883943999999999619e-01 1.036076000000000086e+01
2.050000000000000000e+01 1.032767999999999908e+00 8.780680999999999514e+00
2.050000000000000000e+01 1.549323000000000006e+00 8.470095999999999847e+00
2.050000000000000000e+01 2.237315999999999860e+00 1.003767999999999994e+01
2.050000000000000000e+01 2.922752000000000017e+00 1.188138000000000005e+01
2.157999999999999829e+01 2.628257999999999983e-02 2.285229000000000010e-01
2.157999999999999829e+01 4.415427999999999714e-02 4.305339000000000249e-01
2.157999999999999829e+01 6.232185999999999976e-02 7.405705999999999678e-01
2.157999999999999829e+01 9.020585000000000409e-02 9.473525999999999891e-01
2.157999999999999829e+01 1.352297000000000082e-01 1.534116999999999953e+00
2.157999999999999829e+01 2.038964000000000054e-01 2.354518000000000111e+00
2.157999999999999829e+01 3.056348999999999871e-01 3.224349000000000132e+00
2.157999999999999829e+01 4.586450999999999723e-01 4.290230000000000210e+00
2.157999999999999829e+01 6.883943999999999619e-01 4.874736999999999654e+00
2.157999999999999829e+01 1.032767999999999908e+00 4.477758999999999823e+00
2.157999999999999829e+01 1.549323000000000006e+00 4.076071999999999917e+00
2.157999999999999829e+01 2.237315999999999860e+00 4.823089999999999655e+00
2.157999999999999829e+01 2.922752000000000017e+00 5.978428000000000075e+00
2.271000000000000085e+01 2.628257999999999983e-02 4.163502000000000175e-02
2.271000000000000085e+01 4.415427999999999714e-02 8.468889000000000278e-02
2.271000000000000085e+01 6.232185999999999976e-02 1.547424000000000022e-01
2.271000000000000085e+01 9.020585000000000409e-02 2.112153999999999976e-01
2.271000000000000085e+01 1.352297000000000082e-01 3.743670000000000053e-01
2.271000000000000085e+01 2.038964000000000054e-01 6.373128000000000126e-01
2.271000000000000085e+01 3.056348999999999871e-01 1.003144999999999953e+00
2.271000000000000085e+01 4.586450999999999723e-01 1.559897000000000089e+00
2.271000000000000085e+01 6.883943999999999619e-01 2.098434000000000133e+00
2.271000000000000085e+01 1.032767999999999908e+00 2.227297999999999778e+00
2.271000000000000085e+01 1.549323000000000006e+00 2.046510000000000051e+00
2.271000000000000085e+01 2.237315999999999860e+00 2.484306000000000125e+00
2.271000000000000085e+01 2.922752000000000017e+00 3.082920000000000105e+00
2.389000000000000057e+01 2.628257999999999983e-02 9.008659999999999932e-03
2.389000000000000057e+01 4.415427999999999714e-02 2.022387999999999963e-02
2.389000000000000057e+01 6.232185999999999976e-02 3.896010999999999919e-02
2.389000000000000057e+01 9.020585000000000409e-02 5.550780999999999771e-02
2.389000000000000057e+01 1.352297000000000082e-01 1.023868000000000000e-01
2.389000000000000057e+01 2.038964000000000054e-01 1.829403000000000001e-01
2.389000000000000057e+01 3.056348999999999871e-01 3.121612000000000275e-01
2.389000000000000057e+01 4.586450999999999723e-01 5.439308999999999950e-01
2.389000000000000057e+01 6.883943999999999619e-01 8.558276000000000217e-01
2.389000000000000057e+01 1.032767999999999908e+00 1.080684999999999896e+00
2.389000000000000057e+01 1.549323000000000006e+00 1.071720999999999924e+00
2.389000000000000057e+01 2.237315999999999860e+00 1.303040999999999894e+00
2.389000000000000057e+01 2.922752000000000017e+00 1.561372999999999900e+00
2.514000000000000057e+01 2.628257999999999983e-02 3.713315000000000018e-03
2.514000000000000057e+01 4.415427999999999714e-02 9.127375000000000071e-03
2.514000000000000057e+01 6.232185999999999976e-02 1.855522000000000074e-02
2.514000000000000057e+01 9.020585000000000409e-02 2.715580999999999898e-02
2.514000000000000057e+01 1.352297000000000082e-01 4.920581999999999734e-02
2.514000000000000057e+01 2.038964000000000054e-01 8.465435000000000321e-02
2.514000000000000057e+01 3.056348999999999871e-01 1.397703999999999891e-01
2.514000000000000057e+01 4.586450999999999723e-01 2.377886999999999917e-01
2.514000000000000057e+01 6.883943999999999619e-01 3.924566999999999917e-01
2.514000000000000057e+01 1.032767999999999908e+00 5.539905000000000523e-01
2.514000000000000057e+01 1.549323000000000006e+00 6.132638999999999729e-01
2.514000000000000057e+01 2.237315999999999860e+00 7.366217000000000459e-01
2.514000000000000057e+01 2.922752000000000017e+00 8.973484000000000460e-01
2.644000000000000128e+01 2.628257999999999983e-02 3.355578000000000120e-03
2.644000000000000128e+01 4.415427999999999714e-02 8.481739000000000292e-03
2.644000000000000128e+01 6.232185999999999976e-02 1.821170000000000080e-02
2.644000000000000128e+01 9.020585000000000409e-02 2.698953999999999936e-02
2.644000000000000128e+01 1.352297000000000082e-01 4.838627000000000206e-02
2.644000000000000128e+01 2.038964000000000054e-01 7.942464000000000468e-02
2.644000000000000128e+01 3.056348999999999871e-01 1.224727000000000038e-01
2.644000000000000128e+01 4.586450999999999723e-01 1.845919000000000032e-01
2.644000000000000128e+01 6.883943999999999619e-01 2.757032999999999845e-01
2.644000000000000128e+01 1.032767999999999908e+00 3.767068000000000083e-01
2.644000000000000128e+01 1.549323000000000006e+00 4.379123999999999794e-01
2.644000000000000128e+01 2.237315999999999860e+00 5.164056999999999675e-01
2.644000000000000128e+01 2.922752000000000017e+00 6.333533999999999553e-01
2.782000000000000028e+01 2.628257999999999983e-02 4.464985000000000308e-03
2.782000000000000028e+01 4.415427999999999714e-02 1.128723000000000053e-02
2.782000000000000028e+01 6.232185999999999976e-02 2.503568999999999933e-02
2.782000000000000028e+01 9.020585000000000409e-02 3.707897000000000276e-02
2.782000000000000028e+01 1.352297000000000082e-01 6.682472999999999885e-02
2.782000000000000028e+01 2.038964000000000054e-01 1.080378000000000033e-01
2.782000000000000028e+01 3.056348999999999871e-01 1.628931000000000129e-01
2.782000000000000028e+01 4.586450999999999723e-01 2.317936999999999914e-01
2.782000000000000028e+01 6.883943999999999619e-01 3.209775999999999740e-01
2.782000000000000028e+01 1.032767999999999908e+00 4.054693999999999798e-01
2.782000000000000028e+01 1.549323000000000006e+00 4.636539000000000077e-01
2.782000000000000028e+01 2.237315999999999860e+00 5.288053000000000337e-01
2.782000000000000028e+01 2.922752000000000017e+00 5.983017000000000474e-01
2.926000000000000156e+01 2.628257999999999983e-02 6.446555999999999988e-03
2.926000000000000156e+01 4.415427999999999714e-02 1.625721000000000110e-02
2.926000000000000156e+01 6.232185999999999976e-02 3.657652000000000125e-02
2.926000000000000156e+01 9.020585000000000409e-02 5.401108999999999771e-02
2.926000000000000156e+01 1.352297000000000082e-01 9.767169000000000545e-02
2.926000000000000156e+01 2.038964000000000054e-01 1.571934000000000109e-01
2.926000000000000156e+01 3.056348999999999871e-01 2.365221000000000129e-01
2.926000000000000156e+01 4.586450999999999723e-01 3.335483000000000198e-01
2.926000000000000156e+01 6.883943999999999619e-01 4.539943000000000173e-01
2.926000000000000156e+01 1.032767999999999908e+00 5.588026000000000382e-01
2.926000000000000156e+01 1.549323000000000006e+00 6.357701999999999520e-01
2.926000000000000156e+01 2.237315999999999860e+00 7.321159999999999890e-01
2.926000000000000156e+01 2.922752000000000017e+00 8.235580999999999596e-01
3.076999999999999957e+01 2.628257999999999983e-02 9.302278000000000630e-03
3.076999999999999957e+01 4.415427999999999714e-02 2.335301000000000043e-02
3.076999999999999957e+01 6.232185999999999976e-02 5.294862000000000180e-02
3.076999999999999957e+01 9.020585000000000409e-02 7.792728999999999628e-02
3.076999999999999957e+01 1.352297000000000082e-01 1.411459999999999937e-01
3.076999999999999957e+01 2.038964000000000054e-01 2.273286999999999947e-01
3.076999999999999957e+01 3.056348999999999871e-01 3.424543999999999921e-01
3.076999999999999957e+01 4.586450999999999723e-01 4.850661000000000000e-01
3.076999999999999957e+01 6.883943999999999619e-01 6.626208000000000098e-01
3.076999999999999957e+01 1.032767999999999908e+00 8.141325000000000367e-01
3.076999999999999957e+01 1.549323000000000006e+00 9.359479000000000548e-01
3.076999999999999957e+01 2.237315999999999860e+00 1.106395000000000017e+00
3.076999999999999957e+01 2.922752000000000017e+00 1.276531000000000082e+00
3.235999999999999943e+01 2.628257999999999983e-02 1.294607000000000049e-02
3.235999999999999943e+01 4.415427999999999714e-02 3.266729000000000160e-02
3.235999999999999943e+01 6.232185999999999976e-02 7.492706000000000366e-02
3.235999999999999943e+01 9.020585000000000409e-02 1.096011000000000069e-01
3.235999999999999943e+01 1.352297000000000082e-01 1.991597999999999979e-01
3.235999999999999943e+01 2.038964000000000054e-01 3.204137000000000235e-01
3.235999999999999943e+01 3.056348999999999871e-01 4.841441000000000217e-01
3.235999999999999943e+01 4.586450999999999723e-01 6.909942000000000029e-01
3.235999999999999943e+01 6.883943999999999619e-01 9.483072999999999642e-01
3.235999999999999943e+01 1.032767999999999908e+00 1.164639999999999898e+00
3.235999999999999943e+01 1.549323000000000006e+00 1.350182999999999911e+00
3.235999999999999943e+01 2.237315999999999860e+00 1.620179999999999954e+00
3.235999999999999943e+01 2.922752000000000017e+00 1.937415000000000109e+00
3.403000000000000114e+01 2.628257999999999983e-02 1.761197000000000110e-02
3.403000000000000114e+01 4.415427999999999714e-02 4.454575999999999675e-02
3.403000000000000114e+01 6.232185999999999976e-02 1.032693999999999973e-01
3.403000000000000114e+01 9.020585000000000409e-02 1.503276000000000057e-01
3.403000000000000114e+01 1.352297000000000082e-01 2.733356000000000119e-01
3.403000000000000114e+01 2.038964000000000054e-01 4.407555000000000223e-01
3.403000000000000114e+01 3.056348999999999871e-01 6.700251000000000401e-01
3.403000000000000114e+01 4.586450999999999723e-01 9.653370999999999480e-01
3.403000000000000114e+01 6.883943999999999619e-01 1.331220999999999988e+00
3.403000000000000114e+01 1.032767999999999908e+00 1.641591000000000022e+00
3.403000000000000114e+01 1.549323000000000006e+00 1.934426999999999897e+00
3.403000000000000114e+01 2.237315999999999860e+00 2.375633000000000106e+00
3.403000000000000114e+01 2.922752000000000017e+00 2.913218000000000085e+00
6.000000000000000000e+00 2.628257999999999983e-02 6.359437999999999480e-01
6.000000000000000000e+00 4.415427999999999714e-02 2.051578999999999819e+00
6.000000000000000000e+00 6.232185999999999976e-02 3.753500999999999976e+00
6.000000000000000000e+00 9.020585000000000409e-02 6.013727000000000267e+00
6.000000000000000000e+00 1.352297000000000082e-01 1.176679999999999993e+01
6.000000000000000000e+00 2.038964000000000054e-01 1.596559000000000061e+01
6.000000000000000000e+00 3.056348999999999871e-01 1.674089999999999989e+01
6.000000000000000000e+00 4.586450999999999723e-01 1.709384999999999977e+01
6.000000000000000000e+00 6.883943999999999619e-01 1.810313000000000017e+01
6.000000000000000000e+00 1.032767999999999908e+00 2.037012999999999963e+01
6.000000000000000000e+00 1.549323000000000006e+00 2.512086000000000041e+01
6.000000000000000000e+00 2.237315999999999860e+00 3.837268000000000256e+01
6.000000000000000000e+00 2.922752000000000017e+00 5.973167000000000115e+01
6.349999999999999645e+00 2.628257999999999983e-02 4.840089000000000197e-01
6.349999999999999645e+00 4.415427999999999714e-02 1.577614000000000072e+00
6.349999999999999645e+00 6.232185999999999976e-02 2.853353999999999946e+00
6.349999999999999645e+00 9.020585000000000409e-02 4.652953000000000117e+00
6.349999999999999645e+00 1.352297000000000082e-01 9.746807000000000443e+00
6.349999999999999645e+00 2.038964000000000054e-01 1.518575000000000053e+01
6.349999999999999645e+00 3.056348999999999871e-01 1.749926999999999921e+01
6.349999999999999645e+00 4.586450999999999723e-01 1.902899000000000029e+01
6.349999999999999645e+00 6.883943999999999619e-01 2.080313999999999908e+01
6.349999999999999645e+00 1.032767999999999908e+00 2.372776999999999958e+01
6.349999999999999645e+00 1.549323000000000006e+00 2.932218999999999909e+01
6.349999999999999645e+00 2.237315999999999860e+00 4.466127999999999787e+01
6.349999999999999645e+00 2.922752000000000017e+00 6.914764999999999873e+01
6.719999999999999751e+00 2.628257999999999983e-02 2.906275999999999859e-01
6.719999999999999751e+00 4.415427999999999714e-02 1.064360999999999891e+00
6.719999999999999751e+00 6.232185999999999976e-02 1.940711000000000075e+00
6.719999999999999751e+00 9.020585000000000409e-02 3.305356000000000183e+00
6.719999999999999751e+00 1.352297000000000082e-01 7.371923999999999921e+00
6.719999999999999751e+00 2.038964000000000054e-01 1.323221999999999987e+01
6.719999999999999751e+00 3.056348999999999871e-01 1.705105000000000004e+01
6.719999999999999751e+00 4.586450999999999723e-01 2.016938000000000031e+01
6.719999999999999751e+00 6.883943999999999619e-01 2.290445000000000064e+01
6.719999999999999751e+00 1.032767999999999908e+00 2.660632000000000019e+01
6.719999999999999751e+00 1.549323000000000006e+00 3.284655000000000058e+01
6.719999999999999751e+00 2.237315999999999860e+00 4.991754000000000246e+01
6.719999999999999751e+00 2.922752000000000017e+00 7.675451999999999941e+01
7.099999999999999645e+00 2.628257999999999983e-02 1.246455999999999953e-01
7.099999999999999645e+00 4.415427999999999714e-02 5.934044000000000540e-01
7.099999999999999645e+00 6.232185999999999976e-02 1.188898000000000010e+00
7.099999999999999645e+00 9.020585000000000409e-02 2.237973000000000212e+00
7.099999999999999645e+00 1.352297000000000082e-01 5.318399999999999572e+00
7.099999999999999645e+00 2.038964000000000054e-01 1.078373000000000026e+01
7.099999999999999645e+00 3.056348999999999871e-01 1.561119000000000057e+01
7.099999999999999645e+00 4.586450999999999723e-01 2.014097999999999900e+01
7.099999999999999645e+00 6.883943999999999619e-01 2.404568000000000083e+01
7.099999999999999645e+00 1.032767999999999908e+00 2.842078000000000060e+01
7.099999999999999645e+00 1.549323000000000006e+00 3.524938000000000216e+01
7.099999999999999645e+00 2.237315999999999860e+00 5.337657999999999703e+01
7.099999999999999645e+00 2.922752000000000017e+00 8.147749000000000308e+01
7.509999999999999787e+00 2.628257999999999983e-02 4.094596999999999820e-02
7.509999999999999787e+00 4.415427999999999714e-02 2.848275000000000112e-01
7.509999999999999787e+00 6.232185999999999976e-02 6.760391999999999513e-01
7.509999999999999787e+00 9.020585000000000409e-02 1.472197999999999896e+00
7.509999999999999787e+00 1.352297000000000082e-01 3.769562000000000079e+00
7.509999999999999787e+00 2.038964000000000054e-01 8.274388000000000076e+00
7.509999999999999787e+00 3.056348999999999871e-01 1.351219999999999999e+01
7.509999999999999787e+00 4.586450999999999723e-01 1.916276999999999830e+01
7.509999999999999787e+00 6.883943999999999619e-01 2.408778999999999826e+01
7.509999999999999787e+00 1.032767999999999908e+00 2.904797999999999902e+01
7.509999999999999787e+00 1.549323000000000006e+00 3.618354000000000070e+01
7.509999999999999787e+00 2.237315999999999860e+00 5.461193000000000097e+01
7.509999999999999787e+00 2.922752000000000017e+00 8.301349000000000444e+01
7.929999999999999716e+00 2.628257999999999983e-02 8.594293000000000071e-02
7.929999999999999716e+00 4.415427999999999714e-02 1.891436999999999979e-01
7.929999999999999716e+00 6.232185999999999976e-02 5.149877999999999956e-01
7.929999999999999716e+00 9.020585000000000409e-02 1.120346999999999982e+00
7.929999999999999716e+00 1.352297000000000082e-01 2.791250999999999927e+00
7.929999999999999716e+00 2.038964000000000054e-01 6.210515000000000008e+00
7.929999999999999716e+00 3.056348999999999871e-01 1.116408999999999985e+01
7.929999999999999716e+00 4.586450999999999723e-01 1.737581000000000131e+01
7.929999999999999716e+00 6.883943999999999619e-01 2.297306000000000026e+01
7.929999999999999716e+00 1.032767999999999908e+00 2.819033999999999907e+01
7.929999999999999716e+00 1.549323000000000006e+00 3.525670000000000215e+01
7.929999999999999716e+00 2.237315999999999860e+00 5.293392999999999660e+01
7.929999999999999716e+00 2.922752000000000017e+00 7.947746999999999673e+01
8.380000000000000782e+00 2.628257999999999983e-02 3.614095999999999975e-01
8.380000000000000782e+00 4.415427999999999714e-02 4.720258999999999983e-01
8.380000000000000782e+00 6.232185999999999976e-02 8.731932999999999501e-01
8.380000000000000782e+00 9.020585000000000409e-02 1.276307000000000080e+00
8.380000000000000782e+00 1.352297000000000082e-01 2.407737000000000016e+00
8.380000000000000782e+00 2.038964000000000054e-01 4.789392000000000316e+00
8.380000000000000782e+00 3.056348999999999871e-01 8.902497999999999578e+00
8.380000000000000782e+00 4.586450999999999723e-01 1.477599000000000018e+01
8.380000000000000782e+00 6.883943999999999619e-01 2.045147000000000048e+01
8.380000000000000782e+00 1.032767999999999908e+00 2.545708000000000126e+01
8.380000000000000782e+00 1.549323000000000006e+00 3.206653000000000020e+01
8.380000000000000782e+00 2.237315999999999860e+00 4.810580999999999818e+01
8.380000000000000782e+00 2.922752000000000017e+00 7.160438999999999510e+01
8.849999999999999645e+00 2.628257999999999983e-02 1.050286000000000053e+00
8.849999999999999645e+00 4.415427999999999714e-02 1.443942999999999977e+00
8.849999999999999645e+00 6.232185999999999976e-02 2.075819000000000081e+00
8.849999999999999645e+00 9.020585000000000409e-02 2.159832999999999892e+00
8.849999999999999645e+00 1.352297000000000082e-01 2.779628999999999905e+00
8.849999999999999645e+00 2.038964000000000054e-01 4.106596999999999831e+00
8.849999999999999645e+00 3.056348999999999871e-01 7.063380000000000436e+00
8.849999999999999645e+00 4.586450999999999723e-01 1.159645000000000081e+01
8.849999999999999645e+00 6.883943999999999619e-01 1.650191999999999837e+01
8.849999999999999645e+00 1.032767999999999908e+00 2.078613000000000000e+01
8.849999999999999645e+00 1.549323000000000006e+00 2.630866999999999933e+01
8.849999999999999645e+00 2.237315999999999860e+00 3.961209000000000202e+01
8.849999999999999645e+00 2.922752000000000017e+00 5.851268000000000313e+01
9.339999999999999858e+00 2.628257999999999983e-02 2.602862000000000009e+00
9.339999999999999858e+00 4.415427999999999714e-02 3.804450000000000109e+00
9.339999999999999858e+00 6.232185999999999976e-02 4.832424999999999748e+00
9.339999999999999858e+00 9.020585000000000409e-02 4.260593000000000075e+00
9.339999999999999858e+00 1.352297000000000082e-01 4.153914000000000328e+00
9.339999999999999858e+00 2.038964000000000054e-01 4.251439999999999664e+00
9.339999999999999858e+00 3.056348999999999871e-01 5.657124999999999737e+00
9.339999999999999858e+00 4.586450999999999723e-01 8.181846000000000174e+00
9.339999999999999858e+00 6.883943999999999619e-01 1.147272000000000070e+01
9.339999999999999858e+00 1.032767999999999908e+00 1.442183999999999955e+01
9.339999999999999858e+00 1.549323000000000006e+00 1.828760000000000119e+01
9.339999999999999858e+00 2.237315999999999860e+00 2.774027999999999849e+01
9.339999999999999858e+00 2.922752000000000017e+00 4.136739000000000033e+01
9.859999999999999432e+00 2.628257999999999983e-02 6.018068000000000417e+00
9.859999999999999432e+00 4.415427999999999714e-02 9.147736999999999341e+00
9.859999999999999432e+00 6.232185999999999976e-02 1.077201999999999948e+01
9.859999999999999432e+00 9.020585000000000409e-02 8.780082999999999416e+00
9.859999999999999432e+00 1.352297000000000082e-01 7.244284999999999641e+00
9.859999999999999432e+00 2.038964000000000054e-01 5.570237999999999801e+00
9.859999999999999432e+00 3.056348999999999871e-01 4.947026000000000145e+00
9.859999999999999432e+00 4.586450999999999723e-01 5.145652000000000115e+00
9.859999999999999432e+00 6.883943999999999619e-01 6.322710999999999970e+00
9.859999999999999432e+00 1.032767999999999908e+00 7.635739000000000054e+00
9.859999999999999432e+00 1.549323000000000006e+00 9.619654000000000593e+00
9.859999999999999432e+00 2.237315999999999860e+00 1.503278000000000070e+01
9.859999999999999432e+00 2.922752000000000017e+00 2.321049000000000007e+01
