1.040000000000000036e+01 2.628257999999999983e-02 8.061224000000000514e-03
1.040000000000000036e+01 4.415427999999999714e-02 1.692605000000000151e-02
1.040000000000000036e+01 6.232185999999999976e-02 9.754564999999999764e-02
1.040000000000000036e+01 9.020585000000000409e-02 2.547031000000000156e-01
1.040000000000000036e+01 1.352297000000000082e-01 6.346749999999999892e-01
1.040000000000000036e+01 2.038964000000000054e-01 7.225734000000000323e-01
1.040000000000000036e+01 3.056348999999999871e-01 6.759498999999999924e-01
1.040000000000000036e+01 4.586450999999999723e-01 6.281158000000000019e-01
1.040000000000000036e+01 6.883943999999999619e-01 5.964876000000000067e-01
1.040000000000000036e+01 1.032767999999999908e+00 5.943878999999999690e-01
1.040000000000000036e+01 1.549323000000000006e+00 7.022138999999999465e-01
1.040000000000000036e+01 2.237315999999999860e+00 1.127958000000000016e+00
1.040000000000000036e+01 2.922752000000000017e+00 1.845274000000000081e+00
1.097000000000000064e+01 2.628257999999999983e-02 2.941015000000000157e-01
1.097000000000000064e+01 4.415427999999999714e-02 3.918696999999999875e-01
1.097000000000000064e+01 6.232185999999999976e-02 3.872022999999999993e-01
1.097000000000000064e+01 9.020585000000000409e-02 3.389145000000000074e-01
1.097000000000000064e+01 1.352297000000000082e-01 2.739926999999999779e-01
1.097000000000000064e+01 2.038964000000000054e-01 2.381079999999999863e-01
1.097000000000000064e+01 3.056348999999999871e-01 2.133749000000000062e-01
1.097000000000000064e+01 4.586450999999999723e-01 1.875809999999999977e-01
1.097000000000000064e+01 6.883943999999999619e-01 1.754088000000000036e-01
1.097000000000000064e+01 1.032767999999999908e+00 1.760529999999999873e-01
1.097000000000000064e+01 1.549323000000000006e+00 2.055929999999999980e-01
1.097000000000000064e+01 2.237315999999999860e+00 2.940818000000000043e-01
1.097000000000000064e+01 2.922752000000000017e+00 4.087053999999999965e-01
1.157000000000000028e+01 2.628257999999999983e-02 9.254223000000000310e-01
1.157000000000000028e+01 4.415427999999999714e-02 1.597067999999999932e+00
1.157000000000000028e+01 6.232185999999999976e-02 1.973518000000000105e+00
1.157000000000000028e+01 9.020585000000000409e-02 1.991646000000000027e+00
1.157000000000000028e+01 1.352297000000000082e-01 2.270577999999999985e+00
1.157000000000000028e+01 2.038964000000000054e-01 2.390546000000000060e+00
1.157000000000000028e+01 3.056348999999999871e-01 2.417872000000000021e+00
1.157000000000000028e+01 4.586450999999999723e-01 2.245664000000000105e+00
1.157000000000000028e+01 6.883943999999999619e-01 2.101487000000000105e+00
1.157000000000000028e+01 1.032767999999999908e+00 2.046151000000000053e+00
1.157000000000000028e+01 1.549323000000000006e+00 2.373270999999999908e+00
1.157000000000000028e+01 2.237315999999999860e+00 3.608505000000000074e+00
1.157000000000000028e+01 2.922752000000000017e+00 5.350210999999999828e+00
1.219999999999999929e+01 2.628257999999999983e-02 1.438614000000000059e+00
1.219999999999999929e+01 4.415427999999999714e-02 2.738551999999999875e+00
1.219999999999999929e+01 6.232185999999999976e-02 3.602424000000000071e+00
1.219999999999999929e+01 9.020585000000000409e-02 3.801540999999999837e+00
1.219999999999999929e+01 1.352297000000000082e-01 4.627403000000000155e+00
1.219999999999999929e+01 2.038964000000000054e-01 5.510868999999999573e+00
1.219999999999999929e+01 3.056348999999999871e-01 6.126611999999999725e+00
1.219999999999999929e+01 4.586450999999999723e-01 6.364981000000000222e+00
1.219999999999999929e+01 6.883943999999999619e-01 6.439242000000000132e+00
1.219999999999999929e+01 1.032767999999999908e+00 6.655739999999999768e+00
1.219999999999999929e+01 1.549323000000000006e+00 8.140129999999999200e+00
1.219999999999999929e+01 2.237315999999999860e+00 1.260495000000000054e+01
1.219999999999999929e+01 2.922752000000000017e+00 1.881346999999999881e+01
1.285999999999999943e+01 2.628257999999999983e-02 1.500769999999999937e+00
1.285999999999999943e+01 4.415427999999999714e-02 3.018711999999999840e+00
1.285999999999999943e+01 6.232185999999999976e-02 4.092950000000000088e+00
1.285999999999999943e+01 9.020585000000000409e-02 4.502971999999999753e+00
1.285999999999999943e+01 1.352297000000000082e-01 5.698311999999999600e+00
1.285999999999999943e+01 2.038964000000000054e-01 7.149542000000000286e+00
1.285999999999999943e+01 3.056348999999999871e-01 8.652746000000000492e+00
1.285999999999999943e+01 4.586450999999999723e-01 1.015489999999999959e+01
1.285999999999999943e+01 6.883943999999999619e-01 1.135379000000000005e+01
1.285999999999999943e+01 1.032767999999999908e+00 1.272034999999999982e+01
1.285999999999999943e+01 1.549323000000000006e+00 1.646076000000000050e+01
1.285999999999999943e+01 2.237315999999999860e+00 2.596809999999999974e+01
1.285999999999999943e+01 2.922752000000000017e+00 3.846139000000000152e+01
1.355000000000000071e+01 2.628257999999999983e-02 1.118233000000000033e+00
1.355000000000000071e+01 4.415427999999999714e-02 2.390210999999999864e+00
1.355000000000000071e+01 6.232185999999999976e-02 3.285134000000000221e+00
1.355000000000000071e+01 9.020585000000000409e-02 3.784213999999999967e+00
1.355000000000000071e+01 1.352297000000000082e-01 5.047100999999999615e+00
1.355000000000000071e+01 2.038964000000000054e-01 6.648171999999999748e+00
1.355000000000000071e+01 3.056348999999999871e-01 8.742976000000000525e+00
1.355000000000000071e+01 4.586450999999999723e-01 1.182612999999999914e+01
1.355000000000000071e+01 6.883943999999999619e-01 1.482191000000000081e+01
1.355000000000000071e+01 1.032767999999999908e+00 1.816390000000000171e+01
1.355000000000000071e+01 1.549323000000000006e+00 2.509678999999999860e+01
1.355000000000000071e+01 2.237315999999999860e+00 4.024463999999999686e+01
1.355000000000000071e+01 2.922752000000000017e+00 5.900121000000000038e+01
1.427999999999999936e+01 2.628257999999999983e-02 5.014646000000000381e-01
1.427999999999999936e+01 4.415427999999999714e-02 1.222806000000000060e+00
1.427999999999999936e+01 6.232185999999999976e-02 1.698007000000000044e+00
1.427999999999999936e+01 9.020585000000000409e-02 2.157179999999999875e+00
1.427999999999999936e+01 1.352297000000000082e-01 3.185913000000000217e+00
1.427999999999999936e+01 2.038964000000000054e-01 4.674830000000000041e+00
1.427999999999999936e+01 3.056348999999999871e-01 6.910077000000000247e+00
1.427999999999999936e+01 4.586450999999999723e-01 1.078710000000000058e+01
1.427999999999999936e+01 6.883943999999999619e-01 1.527650000000000041e+01
1.427999999999999936e+01 1.032767999999999908e+00 2.074725000000000108e+01
1.427999999999999936e+01 1.549323000000000006e+00 3.072019999999999840e+01
1.427999999999999936e+01 2.237315999999999860e+00 4.967432999999999765e+01
1.427999999999999936e+01 2.922752000000000017e+00 7.217503000000000668e+01
1.505000000000000071e+01 2.628257999999999983e-02 1.187576999999999938e-01
1.505000000000000071e+01 4.415427999999999714e-02 3.910600000000000187e-01
1.505000000000000071e+01 6.232185999999999976e-02 5.772530000000000161e-01
1.505000000000000071e+01 9.020585000000000409e-02 9.036134000000000110e-01
1.505000000000000071e+01 1.352297000000000082e-01 1.608621999999999996e+00
1.505000000000000071e+01 2.038964000000000054e-01 2.881102999999999970e+00
1.505000000000000071e+01 3.056348999999999871e-01 4.999134999999999884e+00
1.505000000000000071e+01 4.586450999999999723e-01 8.902245000000000630e+00
1.505000000000000071e+01 6.883943999999999619e-01 1.424099000000000004e+01
1.505000000000000071e+01 1.032767999999999908e+00 2.137372999999999834e+01
1.505000000000000071e+01 1.549323000000000006e+00 3.355734000000000350e+01
1.505000000000000071e+01 2.237315999999999860e+00 5.407028999999999996e+01
1.505000000000000071e+01 2.922752000000000017e+00 7.729174999999999329e+01
1.584999999999999964e+01 2.628257999999999983e-02 2.047505999999999979e-02
1.584999999999999964e+01 4.415427999999999714e-02 6.997525999999999746e-02
1.584999999999999964e+01 6.232185999999999976e-02 2.242163000000000073e-01
1.584999999999999964e+01 9.020585000000000409e-02 4.153929000000000094e-01
1.584999999999999964e+01 1.352297000000000082e-01 9.098186999999999802e-01
1.584999999999999964e+01 2.038964000000000054e-01 1.891062000000000021e+00
1.584999999999999964e+01 3.056348999999999871e-01 3.687854999999999883e+00
1.584999999999999964e+01 4.586450999999999723e-01 7.032282999999999618e+00
1.584999999999999964e+01 6.883943999999999619e-01 1.217684000000000033e+01
1.584999999999999964e+01 1.032767999999999908e+00 1.980014999999999858e+01
1.584999999999999964e+01 1.549323000000000006e+00 3.284669999999999845e+01
1.584999999999999964e+01 2.237315999999999860e+00 5.210569999999999879e+01
1.584999999999999964e+01 2.922752000000000017e+00 7.185253000000000156e+01
1.669000000000000128e+01 2.628257999999999983e-02 1.991837999999999942e-01
1.669000000000000128e+01 4.415427999999999714e-02 2.562138999999999944e-01
1.669000000000000128e+01 6.232185999999999976e-02 5.865154999999999674e-01
1.669000000000000128e+01 9.020585000000000409e-02 6.868961999999999568e-01
1.669000000000000128e+01 1.352297000000000082e-01 1.115953999999999890e+00
1.669000000000000128e+01 2.038964000000000054e-01 1.842545000000000099e+00
1.669000000000000128e+01 3.056348999999999871e-01 3.230157000000000167e+00
1.669000000000000128e+01 4.586450999999999723e-01 5.674428999999999945e+00
1.669000000000000128e+01 6.883943999999999619e-01 9.915644000000000347e+00
1.669000000000000128e+01 1.032767999999999908e+00 1.694531999999999883e+01
1.669000000000000128e+01 1.549323000000000006e+00 2.919619000000000142e+01
1.669000000000000128e+01 2.237315999999999860e+00 4.576003999999999650e+01
1.669000000000000128e+01 2.922752000000000017e+00 6.120259999999999678e+01
1.757000000000000028e+01 2.628257999999999983e-02 5.101811000000000540e-01
1.757000000000000028e+01 4.415427999999999714e-02 7.053118999999999916e-01
1.757000000000000028e+01 6.232185999999999976e-02 1.270944000000000074e+00
1.757000000000000028e+01 9.020585000000000409e-02 1.329958999999999891e+00
1.757000000000000028e+01 1.352297000000000082e-01 1.798173000000000021e+00
1.757000000000000028e+01 2.038964000000000054e-01 2.314242000000000132e+00
1.757000000000000028e+01 3.056348999999999871e-01 3.224184999999999857e+00
1.757000000000000028e+01 4.586450999999999723e-01 4.724502000000000201e+00
1.757000000000000028e+01 6.883943999999999619e-01 7.705921000000000021e+00
1.757000000000000028e+01 1.032767999999999908e+00 1.327078999999999986e+01
1.757000000000000028e+01 1.549323000000000006e+00 2.326126999999999967e+01
1.757000000000000028e+01 2.237315999999999860e+00 3.578683000000000192e+01
1.757000000000000028e+01 2.922752000000000017e+00 4.729493000000000080e+01
1.850000000000000000e+01 2.628257999999999983e-02 7.720021999999999718e-01
1.850000000000000000e+01 4.415427999999999714e-02 1.119509000000000087e+00
1.850000000000000000e+01 6.232185999999999976e-02 1.835177999999999976e+00
1.850000000000000000e+01 9.020585000000000409e-02 1.881356000000000028e+00
1.850000000000000000e+01 1.352297000000000082e-01 2.383652000000000104e+00
1.850000000000000000e+01 2.038964000000000054e-01 2.777328999999999937e+00
1.850000000000000000e+01 3.056348999999999871e-01 3.256162999999999919e+00
1.850000000000000000e+01 4.586450999999999723e-01 3.983512000000000164e+00
1.850000000000000000e+01 6.883943999999999619e-01 5.731054000000000315e+00
1.850000000000000000e+01 1.032767999999999908e+00 9.489527000000000712e+00
1.850000000000000000e+01 1.549323000000000006e+00 1.656943000000000055e+01
1.850000000000000000e+01 2.237315999999999860e+00 2.518474000000000146e+01
1.850000000000000000e+01 2.922752000000000017e+00 3.280451999999999657e+01
1.948000000000000043e+01 2.628257999999999983e-02 8.273053000000000212e-01
1.948000000000000043e+01 4.415427999999999714e-02 1.238472999999999935e+00
1.948000000000000043e+01 6.232185999999999976e-02 1.934007000000000032e+00
1.948000000000000043e+01 9.020585000000000409e-02 1.996771999999999991e+00
1.948000000000000043e+01 1.352297000000000082e-01 2.476290000000000102e+00
1.948000000000000043e+01 2.038964000000000054e-01 2.807681000000000093e+00
1.948000000000000043e+01 3.056348999999999871e-01 2.992084000000000188e+00
1.948000000000000043e+01 4.586450999999999723e-01 3.238135999999999903e+00
1.948000000000000043e+01 6.883943999999999619e-01 4.044336000000000375e+00
1.948000000000000043e+01 1.032767999999999908e+00 6.128814000000000206e+00
1.948000000000000043e+01 1.549323000000000006e+00 1.036331000000000024e+01
1.948000000000000043e+01 2.237315999999999860e+00 1.555743999999999971e+01
1.948000000000000043e+01 2.922752000000000017e+00 2.020654000000000039e+01
2.050000000000000000e+01 2.628257999999999983e-02 6.751154999999999795e-01
2.050000000000000000e+01 4.415427999999999714e-02 1.035374999999999934e+00
2.050000000000000000e+01 6.232185999999999976e-02 1.584340999999999999e+00
2.050000000000000000e+01 9.020585000000000409e-02 1.646579000000000015e+00
2.050000000000000000e+01 1.352297000000000082e-01 2.048407999999999785e+00
2.050000000000000000e+01 2.038964000000000054e-01 2.323355999999999977e+00
2.050000000000000000e+01 3.056348999999999871e-01 2.380501999999999896e+00
2.050000000000000000e+01 4.586450999999999723e-01 2.420017000000000085e+00
2.050000000000000000e+01 6.883943999999999619e-01 2.663476000000000177e+00
2.050000000000000000e+01 1.032767999999999908e+00 3.506076000000000192e+00
2.050000000000000000e+01 1.549323000000000006e+00 5.487548999999999566e+00
2.050000000000000000e+01 2.237315999999999860e+00 8.043834000000000373e+00
2.050000000000000000e+01 2.922752000000000017e+00 1.052070999999999934e+01
2.157999999999999829e+01 2.628257999999999983e-02 4.041476999999999986e-01
2.157999999999999829e+01 4.415427999999999714e-02 6.453579999999999872e-01
2.157999999999999829e+01 6.232185999999999976e-02 9.961839000000000111e-01
2.157999999999999829e+01 9.020585000000000409e-02 1.060607000000000077e+00
2.157999999999999829e+01 1.352297000000000082e-01 1.359312000000000076e+00
2.157999999999999829e+01 2.038964000000000054e-01 1.591452000000000089e+00
2.157999999999999829e+01 3.056348999999999871e-01 1.661656000000000022e+00
2.157999999999999829e+01 4.586450999999999723e-01 1.711583000000000077e+00
2.157999999999999829e+01 6.883943999999999619e-01 1.783579999999999943e+00
2.157999999999999829e+01 1.032767999999999908e+00 2.046072999999999809e+00
2.157999999999999829e+01 1.549323000000000006e+00 2.865641000000000105e+00
2.157999999999999829e+01 2.237315999999999860e+00 4.072896000000000072e+00
2.157999999999999829e+01 2.922752000000000017e+00 5.303180000000000227e+00
2.271000000000000085e+01 2.628257999999999983e-02 1.927541000000000115e-01
2.271000000000000085e+01 4.415427999999999714e-02 3.233880000000000088e-01
2.271000000000000085e+01 6.232185999999999976e-02 5.126969000000000110e-01
2.271000000000000085e+01 9.020585000000000409e-02 5.676307000000000436e-01
2.271000000000000085e+01 1.352297000000000082e-01 7.617992000000000097e-01
2.271000000000000085e+01 2.038964000000000054e-01 9.419216999999999729e-01
2.271000000000000085e+01 3.056348999999999871e-01 1.041271999999999975e+00
2.271000000000000085e+01 4.586450999999999723e-01 1.131952000000000069e+00
2.271000000000000085e+01 6.883943999999999619e-01 1.191292999999999935e+00
2.271000000000000085e+01 1.032767999999999908e+00 1.260704999999999965e+00
2.271000000000000085e+01 1.549323000000000006e+00 1.549930000000000030e+00
2.271000000000000085e+01 2.237315999999999860e+00 2.066847000000000101e+00
2.271000000000000085e+01 2.922752000000000017e+00 2.605215999999999976e+00
2.389000000000000057e+01 2.628257999999999983e-02 8.033951999999999760e-02
2.389000000000000057e+01 4.415427999999999714e-02 1.448881999999999948e-01
2.389000000000000057e+01 6.232185999999999976e-02 2.417109000000000063e-01
2.389000000000000057e+01 9.020585000000000409e-02 2.830481000000000247e-01
2.389000000000000057e+01 1.352297000000000082e-01 4.062048999999999799e-01
2.389000000000000057e+01 2.038964000000000054e-01 5.426919999999999522e-01
2.389000000000000057e+01 3.056348999999999871e-01 6.555619000000000307e-01
2.389000000000000057e+01 4.586450999999999723e-01 7.837741000000000291e-01
2.389000000000000057e+01 6.883943999999999619e-01 9.006946000000000119e-01
2.389000000000000057e+01 1.032767999999999908e+00 9.655544000000000349e-01
2.389000000000000057e+01 1.549323000000000006e+00 1.085050999999999988e+00
2.389000000000000057e+01 2.237315999999999860e+00 1.272480000000000055e+00
2.389000000000000057e+01 2.922752000000000017e+00 1.391157999999999895e+00
2.514000000000000057e+01 2.628257999999999983e-02 3.123917000000000013e-02
2.514000000000000057e+01 4.415427999999999714e-02 6.143959000000000226e-02
2.514000000000000057e+01 6.232185999999999976e-02 1.108178999999999970e-01
2.514000000000000057e+01 9.020585000000000409e-02 1.383716000000000113e-01
2.514000000000000057e+01 1.352297000000000082e-01 2.136403000000000052e-01
2.514000000000000057e+01 2.038964000000000054e-01 3.044624000000000219e-01
2.514000000000000057e+01 3.056348999999999871e-01 3.940698999999999730e-01
2.514000000000000057e+01 4.586450999999999723e-01 5.016317999999999611e-01
2.514000000000000057e+01 6.883943999999999619e-01 6.169643000000000210e-01
2.514000000000000057e+01 1.032767999999999908e+00 6.932439000000000240e-01
2.514000000000000057e+01 1.549323000000000006e+00 7.715058999999999667e-01
2.514000000000000057e+01 2.237315999999999860e+00 9.036901000000000517e-01
2.514000000000000057e+01 2.922752000000000017e+00 1.007328999999999919e+00
2.644000000000000128e+01 2.628257999999999983e-02 1.432085999999999949e-02
2.644000000000000128e+01 4.415427999999999714e-02 3.101864000000000010e-02
2.644000000000000128e+01 6.232185999999999976e-02 6.126428999999999903e-02
2.644000000000000128e+01 9.020585000000000409e-02 8.145945000000000269e-02
2.644000000000000128e+01 1.352297000000000082e-01 1.337758000000000003e-01
2.644000000000000128e+01 2.038964000000000054e-01 2.010272999999999921e-01
2.644000000000000128e+01 3.056348999999999871e-01 2.767952000000000190e-01
2.644000000000000128e+01 4.586450999999999723e-01 3.705482999999999971e-01
2.644000000000000128e+01 6.883943999999999619e-01 4.838039000000000089e-01
2.644000000000000128e+01 1.032767999999999908e+00 5.749022000000000299e-01
2.644000000000000128e+01 1.549323000000000006e+00 6.487587000000000215e-01
2.644000000000000128e+01 2.237315999999999860e+00 7.664218000000000419e-01
2.644000000000000128e+01 2.922752000000000017e+00 8.734262999999999888e-01
2.782000000000000028e+01 2.628257999999999983e-02 8.884245000000000683e-03
2.782000000000000028e+01 4.415427999999999714e-02 2.084743999999999833e-02
2.782000000000000028e+01 6.232185999999999976e-02 4.469812000000000091e-02
2.782000000000000028e+01 9.020585000000000409e-02 6.252383000000000246e-02
2.782000000000000028e+01 1.352297000000000082e-01 1.079159999999999980e-01
2.782000000000000028e+01 2.038964000000000054e-01 1.680678999999999923e-01
2.782000000000000028e+01 3.056348999999999871e-01 2.424338000000000048e-01
2.782000000000000028e+01 4.586450999999999723e-01 3.354605999999999977e-01
2.782000000000000028e+01 6.883943999999999619e-01 4.551651999999999920e-01
2.782000000000000028e+01 1.032767999999999908e+00 5.617999000000000187e-01
2.782000000000000028e+01 1.549323000000000006e+00 6.497901999999999845e-01
2.782000000000000028e+01 2.237315999999999860e+00 7.754803999999999586e-01
2.782000000000000028e+01 2.922752000000000017e+00 8.979981999999999687e-01
2.926000000000000156e+01 2.628257999999999983e-02 7.451069999999999742e-03
2.926000000000000156e+01 4.415427999999999714e-02 1.829862999999999976e-02
2.926000000000000156e+01 6.232185999999999976e-02 4.124329999999999663e-02
2.926000000000000156e+01 9.020585000000000409e-02 5.938208999999999849e-02
2.926000000000000156e+01 1.352297000000000082e-01 1.056191999999999964e-01
2.926000000000000156e+01 2.038964000000000054e-01 1.674788000000000110e-01
2.926000000000000156e+01 3.056348999999999871e-01 2.486105999999999872e-01
2.926000000000000156e+01 4.586450999999999723e-01 3.510359000000000118e-01
2.926000000000000156e+01 6.883943999999999619e-01 4.847957999999999990e-01
2.926000000000000156e+01 1.032767999999999908e+00 6.096055999999999697e-01
2.926000000000000156e+01 1.549323000000000006e+00 7.192612999999999923e-01
2.926000000000000156e+01 2.237315999999999860e+00 8.693739999999999801e-01
2.926000000000000156e+01 2.922752000000000017e+00 1.023870000000000058e+00
3.076999999999999957e+01 2.628257999999999983e-02 7.603262999999999862e-03
3.076999999999999957e+01 4.415427999999999714e-02 1.894658000000000106e-02
3.076999999999999957e+01 6.232185999999999976e-02 4.366470000000000073e-02
3.076999999999999957e+01 9.020585000000000409e-02 6.359246000000000343e-02
3.076999999999999957e+01 1.352297000000000082e-01 1.146541999999999978e-01
3.076999999999999957e+01 2.038964000000000054e-01 1.837332999999999883e-01
3.076999999999999957e+01 3.056348999999999871e-01 2.765092000000000105e-01
3.076999999999999957e+01 4.586450999999999723e-01 3.956852000000000147e-01
3.076999999999999957e+01 6.883943999999999619e-01 5.521738999999999953e-01
3.076999999999999957e+01 1.032767999999999908e+00 6.987244999999999706e-01
3.076999999999999957e+01 1.549323000000000006e+00 8.356571000000000415e-01
3.076999999999999957e+01 2.237315999999999860e+00 1.026704999999999979e+00
3.076999999999999957e+01 2.922752000000000017e+00 1.222768000000000077e+00
3.235999999999999943e+01 2.628257999999999983e-02 8.383065999999999782e-03
3.235999999999999943e+01 4.415427999999999714e-02 2.110302999999999832e-02
3.235999999999999943e+01 6.232185999999999976e-02 4.921798000000000145e-02
3.235999999999999943e+01 9.020585000000000409e-02 7.171540999999999333e-02
3.235999999999999943e+01 1.352297000000000082e-01 1.300952999999999971e-01
3.235999999999999943e+01 2.038964000000000054e-01 2.093048000000000131e-01
3.235999999999999943e+01 3.056348999999999871e-01 3.174524000000000235e-01
3.235999999999999943e+01 4.586450999999999723e-01 4.588872999999999980e-01
3.235999999999999943e+01 6.883943999999999619e-01 6.423006999999999467e-01
3.235999999999999943e+01 1.032767999999999908e+00 8.119564000000000226e-01
3.235999999999999943e+01 1.549323000000000006e+00 9.780558999999999781e-01
3.235999999999999943e+01 2.237315999999999860e+00 1.215182999999999902e+00
3.235999999999999943e+01 2.922752000000000017e+00 1.481343000000000076e+00
3.403000000000000114e+01 2.628257999999999983e-02 9.611232000000000802e-03
3.403000000000000114e+01 4.415427999999999714e-02 2.428390000000000062e-02
3.403000000000000114e+01 6.232185999999999976e-02 5.703365999999999991e-02
3.403000000000000114e+01 9.020585000000000409e-02 8.284764000000000017e-02
3.403000000000000114e+01 1.352297000000000082e-01 1.505958000000000019e-01
3.403000000000000114e+01 2.038964000000000054e-01 2.430265000000000064e-01
3.403000000000000114e+01 3.056348999999999871e-01 3.709287000000000001e-01
3.403000000000000114e+01 4.586450999999999723e-01 5.397693000000000074e-01
3.403000000000000114e+01 6.883943999999999619e-01 7.548797999999999897e-01
3.403000000000000114e+01 1.032767999999999908e+00 9.499452999999999925e-01
3.403000000000000114e+01 1.549323000000000006e+00 1.149758000000000058e+00
3.403000000000000114e+01 2.237315999999999860e+00 1.447073000000000054e+00
3.403000000000000114e+01 2.922752000000000017e+00 1.798718999999999957e+00
7.509999999999999787e+00 2.628257999999999983e-02 5.214581999999999941e-05
7.509999999999999787e+00 4.415427999999999714e-02 2.863257999999999819e-04
7.509999999999999787e+00 6.232185999999999976e-02 5.530608000000000225e-04
7.509999999999999787e+00 9.020585000000000409e-02 1.333575999999999945e-03
7.509999999999999787e+00 1.352297000000000082e-01 3.188402999999999810e-03
7.509999999999999787e+00 2.038964000000000054e-01 3.963331999999999966e-03
7.509999999999999787e+00 3.056348999999999871e-01 4.022982999999999941e-03
7.509999999999999787e+00 4.586450999999999723e-01 4.323302000000000221e-03
7.509999999999999787e+00 6.883943999999999619e-01 4.389010999999999954e-03
7.509999999999999787e+00 1.032767999999999908e+00 2.976437000000000180e-03
7.509999999999999787e+00 1.549323000000000006e+00 3.482311999999999994e-03
7.509999999999999787e+00 2.237315999999999860e+00 5.474996999999999676e-03
7.509999999999999787e+00 2.922752000000000017e+00 8.487127000000000560e-03
7.929999999999999716e+00 2.628257999999999983e-02 2.019215999999999893e-03
7.929999999999999716e+00 4.415427999999999714e-02 1.009974999999999935e-02
7.929999999999999716e+00 6.232185999999999976e-02 1.882991999999999999e-02
7.929999999999999716e+00 9.020585000000000409e-02 4.067102000000000217e-02
7.929999999999999716e+00 1.352297000000000082e-01 9.345030999999999477e-02
7.929999999999999716e+00 2.038964000000000054e-01 1.118275999999999992e-01
7.929999999999999716e+00 3.056348999999999871e-01 9.312243000000000603e-02
7.929999999999999716e+00 4.586450999999999723e-01 6.634416999999999398e-02
7.929999999999999716e+00 6.883943999999999619e-01 5.641017999999999727e-02
7.929999999999999716e+00 1.032767999999999908e+00 5.175835000000000158e-02
7.929999999999999716e+00 1.549323000000000006e+00 5.691725999999999730e-02
7.929999999999999716e+00 2.237315999999999860e+00 9.371512999999999372e-02
7.929999999999999716e+00 2.922752000000000017e+00 1.568028999999999951e-01
8.380000000000000782e+00 2.628257999999999983e-02 2.040497999999999965e-02
8.380000000000000782e+00 4.415427999999999714e-02 7.893867999999999718e-02
8.380000000000000782e+00 6.232185999999999976e-02 1.563057999999999947e-01
8.380000000000000782e+00 9.020585000000000409e-02 2.542607000000000061e-01
8.380000000000000782e+00 1.352297000000000082e-01 5.064364000000000088e-01
8.380000000000000782e+00 2.038964000000000054e-01 5.235058999999999685e-01
8.380000000000000782e+00 3.056348999999999871e-01 4.362325000000000230e-01
8.380000000000000782e+00 4.586450999999999723e-01 3.657846000000000153e-01
8.380000000000000782e+00 6.883943999999999619e-01 2.969319999999999737e-01
8.380000000000000782e+00 1.032767999999999908e+00 2.642990000000000061e-01
8.380000000000000782e+00 1.549323000000000006e+00 2.869355000000000100e-01
8.380000000000000782e+00 2.237315999999999860e+00 4.586315999999999726e-01
8.380000000000000782e+00 2.922752000000000017e+00 7.739122000000000501e-01
8.849999999999999645e+00 2.628257999999999983e-02 8.788540999999999714e-02
8.849999999999999645e+00 4.415427999999999714e-02 2.603003999999999873e-01
8.849999999999999645e+00 6.232185999999999976e-02 4.842168000000000028e-01
8.849999999999999645e+00 9.020585000000000409e-02 8.884147000000000016e-01
8.849999999999999645e+00 1.352297000000000082e-01 1.556586000000000025e+00
8.849999999999999645e+00 2.038964000000000054e-01 1.364098000000000033e+00
8.849999999999999645e+00 3.056348999999999871e-01 1.203445000000000098e+00
8.849999999999999645e+00 4.586450999999999723e-01 1.012876000000000110e+00
8.849999999999999645e+00 6.883943999999999619e-01 8.437911999999999635e-01
8.849999999999999645e+00 1.032767999999999908e+00 7.422558999999999685e-01
8.849999999999999645e+00 1.549323000000000006e+00 8.083881000000000538e-01
8.849999999999999645e+00 2.237315999999999860e+00 1.274499000000000049e+00
8.849999999999999645e+00 2.922752000000000017e+00 2.121027000000000218e+00
9.339999999999999858e+00 2.628257999999999983e-02 1.510643000000000125e-01
9.339999999999999858e+00 4.415427999999999714e-02 4.491216000000000097e-01
9.339999999999999858e+00 6.232185999999999976e-02 8.897842000000000251e-01
9.339999999999999858e+00 9.020585000000000409e-02 1.620003000000000082e+00
9.339999999999999858e+00 1.352297000000000082e-01 2.773419000000000079e+00
9.339999999999999858e+00 2.038964000000000054e-01 2.197315999999999825e+00
9.339999999999999858e+00 3.056348999999999871e-01 2.050283999999999995e+00
9.339999999999999858e+00 4.586450999999999723e-01 1.728928999999999938e+00
9.339999999999999858e+00 6.883943999999999619e-01 1.486966000000000010e+00
9.339999999999999858e+00 1.032767999999999908e+00 1.339180000000000037e+00
9.339999999999999858e+00 1.549323000000000006e+00 1.473896000000000095e+00
9.339999999999999858e+00 2.237315999999999860e+00 2.337578999999999851e+00
9.339999999999999858e+00 2.922752000000000017e+00 3.876758000000000148e+00
9.859999999999999432e+00 2.628257999999999983e-02 9.081113000000000379e-02
9.859999999999999432e+00 4.415427999999999714e-02 3.173882000000000092e-01
9.859999999999999432e+00 6.232185999999999976e-02 7.252798999999999774e-01
9.859999999999999432e+00 9.020585000000000409e-02 1.336543999999999954e+00
9.859999999999999432e+00 1.352297000000000082e-01 2.509018000000000193e+00
9.859999999999999432e+00 2.038964000000000054e-01 2.204924999999999802e+00
9.859999999999999432e+00 3.056348999999999871e-01 2.020169999999999799e+00
9.859999999999999432e+00 4.586450999999999723e-01 1.773069999999999924e+00
9.859999999999999432e+00 6.883943999999999619e-01 1.571630000000000082e+00
9.859999999999999432e+00 1.032767999999999908e+00 1.457883000000000040e+00
9.859999999999999432e+00 1.549323000000000006e+00 1.642330999999999985e+00
9.859999999999999432e+00 2.237315999999999860e+00 2.617278999999999911e+00
9.859999999999999432e+00 2.922752000000000017e+00 4.323903999999999748e+00
