3.402526900000000154e+01 1.000000000000000000e+00 8.570848100000000613e+01 2.527872000000000018e-03 9.306458700000000306e+01 9.554893300000000522e+01 2.175443000000000064e-11 9.211706000000000061e-02 -9.193406000000000312e-07 -1.375401999999999999e-11
3.235739900000000091e+01 1.000000000000000000e+00 8.094599499999999637e+01 2.347475999999999816e-03 8.872081400000000428e+01 9.099898399999999299e+01 1.765158999999999870e-11 7.836004000000000580e-02 -2.830360000000000206e-06 -4.362006000000000265e-11
3.076895299999999978e+01 1.000000000000000000e+00 7.652111200000000224e+01 2.197956999999999949e-03 8.459279200000000287e+01 8.666570500000000266e+01 1.479546999999999895e-11 6.886209000000000080e-02 -8.761107000000000684e-06 -1.400944000000000110e-10
2.925614699999999857e+01 1.000000000000000000e+00 7.240037100000000692e+01 2.072024000000000001e-03 8.067634499999999775e+01 8.253876999999999953e+01 1.240523000000000004e-11 6.053594999999999809e-02 -2.756476000000000136e-05 -4.500054999999999925e-10
2.781538000000000110e+01 9.999989999999999712e-01 6.855487700000000473e+01 1.964548999999999896e-03 7.695265700000000209e+01 7.860835699999999804e+01 1.044353999999999974e-11 5.343495000000000189e-02 -8.580065000000000326e-05 -1.421385999999999955e-09
2.644322000000000017e+01 9.999970000000000248e-01 6.495948300000000586e+01 1.871810999999999918e-03 7.340296100000000479e+01 7.486510499999999979e+01 8.922713000000000575e-12 4.786848999999999965e-02 -2.542568000000000150e-04 -4.264455999999999941e-09
2.513640200000000036e+01 9.999900000000000455e-01 6.159227099999999666e+01 1.791044000000000100e-03 7.000631300000000579e+01 7.130010500000000206e+01 7.937503000000000171e-12 4.464864000000000333e-02 -7.084682999999999606e-04 -1.201944999999999948e-08
2.389181299999999908e+01 9.999710000000000543e-01 5.843425799999999981e+01 1.720146999999999995e-03 6.673576500000000067e+01 6.790486699999999587e+01 7.738687999999999266e-12 4.564117000000000174e-02 -1.839534999999999998e-03 -3.153074999999999930e-08
2.270648999999999873e+01 9.999259999999999815e-01 5.546939600000000326e+01 1.657510999999999967e-03 6.355763300000000271e+01 6.467130400000000634e+01 8.739756000000000024e-12 5.404641999999999780e-02 -4.447590000000000397e-03 -7.696480000000000372e-08
2.157760999999999996e+01 9.998249999999999638e-01 5.268485799999999841e+01 1.601898000000000037e-03 6.042730799999999647e+01 6.159172000000000224e+01 1.164627000000000021e-11 7.552251000000000103e-02 -1.011049999999999970e-02 -1.764415999999999909e-07
2.050248699999999857e+01 9.996140000000000025e-01 5.007137999999999778e+01 1.552369999999999965e-03 5.730038400000000109e+01 5.865878500000000173e+01 1.740907000000000066e-11 1.183985000000000037e-01 -2.145199000000000064e-02 -3.772062999999999993e-07
1.947855900000000062e+01 9.991980000000000306e-01 4.762412499999999937e+01 1.508250999999999949e-03 5.411531399999999792e+01 5.586551000000000045e+01 2.804132999999999963e-11 2.000384000000000051e-01 -4.291150999999999993e-02 -7.597566000000000231e-07
1.850339100000000059e+01 9.984290000000000109e-01 4.534358799999999690e+01 1.469108999999999910e-03 5.094179199999999952e+01 5.320525099999999696e+01 4.396802999999999799e-11 3.290286000000000044e-01 -8.132957999999999854e-02 -1.448659999999999950e-06
1.757465900000000047e+01 9.970780000000000198e-01 4.323604999999999876e+01 1.434747000000000106e-03 4.784459400000000073e+01 5.067167100000000346e+01 6.691430999999999824e-11 5.253493000000000190e-01 -1.461365000000000025e-01 -2.616956000000000157e-06
1.669015299999999868e+01 9.948230000000000128e-01 4.131438800000000100e+01 1.405208000000000021e-03 4.492695299999999747e+01 4.825873800000000102e+01 9.875646000000000186e-11 8.135807000000000455e-01 -2.503048999999999968e-01 -4.503878000000000011e-06
1.584776500000000077e+01 9.912220000000000475e-01 3.959883500000000112e+01 1.380785000000000042e-03 4.232885399999999976e+01 4.596070300000000231e+01 1.385394999999999898e-10 1.197897999999999907e+00 -4.111043999999999810e-01 -7.426661999999999775e-06
1.504548999999999914e+01 9.857099999999999751e-01 3.811532400000000109e+01 1.361997999999999898e-03 4.010657799999999895e+01 4.377209700000000225e+01 1.861734999999999930e-10 1.690147999999999984e+00 -6.479530000000000012e-01 -1.174398000000000000e-05
1.428142000000000067e+01 9.775890000000000413e-01 3.689777200000000335e+01 1.349631999999999915e-03 3.829100799999999793e+01 4.168771300000000224e+01 2.405047999999999758e-10 2.293480999999999881e+00 -9.872621000000000313e-01 -1.793702999999999994e-05
1.355373400000000039e+01 9.660339999999999483e-01 3.598410899999999657e+01 1.344663000000000065e-03 3.683850400000000036e+01 3.970258599999999660e+01 3.230952000000000218e-10 3.238411000000000151e+00 -1.455427000000000026e+00 -2.647877999999999994e-05
1.286069999999999958e+01 9.501150000000000428e-01 3.541773799999999994e+01 1.348276000000000032e-03 3.589146699999999868e+01 3.781198899999999696e+01 3.905114000000000108e-10 4.117033000000000165e+00 -2.084830999999999879e+00 -3.793733000000000223e-05
1.220066699999999926e+01 9.288189999999999502e-01 3.524605300000000341e+01 1.361814000000000037e-03 3.538855300000000170e+01 3.601142099999999857e+01 4.598947000000000001e-10 5.104243999999999559e+00 -2.910200999999999816e+00 -5.290107999999999936e-05
1.157206399999999924e+01 9.010909999999999753e-01 3.552097100000000296e+01 1.386747000000000023e-03 3.535295599999999894e+01 3.429659199999999686e+01 5.217055999999999939e-10 6.101378999999999664e+00 -3.970928999999999931e+00 -7.198930999999999939e-05
1.097339500000000001e+01 8.658700000000000285e-01 3.630674400000000190e+01 1.424778000000000025e-03 3.581425600000000031e+01 3.266342300000000165e+01 5.757945000000000221e-10 7.102686000000000277e+00 -5.323521999999999643e+00 -9.607364000000000398e-05
1.040323399999999943e+01 8.221359999999999779e-01 3.767008599999999774e+01 1.477627000000000020e-03 3.680468900000000332e+01 3.110802400000000034e+01 6.188553999999999514e-10 8.059362000000000137e+00 -7.016060000000000407e+00 -1.257785999999999887e-04
9.860224000000000544e+00 7.689500000000000224e-01 3.969613199999999864e+01 1.547271999999999927e-03 3.848451899999999881e+01 2.962668999999999997e+01 7.256327000000000393e-10 9.984792999999999807e+00 -9.130262000000000100e+00 -1.622240999999999907e-04
9.343071000000000126e+00 7.054930000000000367e-01 4.249044099999999702e+01 1.635932000000000098e-03 4.072684000000000282e+01 2.821589799999999926e+01 7.486498000000000341e-10 1.089215000000000089e+01 -1.176736999999999966e+01 -2.066633999999999973e-04
8.850543999999999301e+00 6.310940000000000438e-01 4.617388600000000309e+01 1.745976999999999902e-03 4.365193099999999760e+01 2.687228400000000050e+01 7.566156999999999932e-10 1.164470000000000027e+01 -1.503827000000000069e+01 -2.603153999999999776e-04
8.381470999999999449e+00 5.452529999999999877e-01 5.091325400000000201e+01 1.880357999999999943e-03 4.733614800000000145e+01 2.559265200000000107e+01 7.550741999999999525e-10 1.229640000000000022e+01 -1.914002999999999943e+01 -3.254792000000000058e-04
7.934733999999999732e+00 4.476559999999999984e-01 5.691188100000000105e+01 2.042397999999999957e-03 5.179343500000000233e+01 2.437395499999999871e+01 7.365491999999999570e-10 1.269260000000000055e+01 -2.429503000000000057e+01 -4.043240999999999936e-04
7.509272000000000169e+00 3.381779999999999786e-01 6.443391599999999642e+01 2.236175999999999876e-03 5.704936099999999755e+01 2.321329300000000018e+01 7.063090000000000060e-10 1.287806999999999924e+01 -3.082994000000000057e+01 -5.002121999999999472e-04
7.104068999999999967e+00 2.168760000000000132e-01 7.363911799999999630e+01 2.463765000000000139e-03 6.295903799999999961e+01 2.210790000000000077e+01 6.676337000000000413e-10 1.287480000000000047e+01 -3.873662999999999812e+01 -6.101970999999999654e-04
6.718161000000000271e+00 8.398600000000000509e-02 8.428975099999999543e+01 2.721388999999999839e-03 6.901996300000000417e+01 2.105514300000000105e+01 6.224678000000000453e-10 1.268704999999999927e+01 -4.720331000000000188e+01 -7.205310999999999834e-04
6.350629999999999775e+00 0.000000000000000000e+00 9.509254300000000626e+01 2.989813999999999927e-03 7.413426599999999667e+01 2.005251799999999918e+01 5.732409999999999853e-10 1.233447999999999922e+01 -5.333554000000000173e+01 -7.883160999999999858e-04
6.000600000000000378e+00 0.000000000000000000e+00 1.047981889999999936e+02 3.250588000000000002e-03 7.763743599999999390e+01 1.909763799999999989e+01 5.253334000000000338e-10 1.191890000000000072e+01 -5.647724000000000188e+01 -8.082872999999999751e-04
