3.402526900000000154e+01 1.000000000000000000e+00 2.490358499999999964e+01 2.139869000000000027e-04 2.490372400000000042e+01 9.554893300000000522e+01 1.293916000000000000e+10 4.783535000000000000e+19 0.000000000000000000e+00 0.000000000000000000e+00
3.235739900000000091e+01 1.000000000000000000e+00 2.249925599999999903e+01 2.112453999999999883e-04 8.172937299999999539e+01 9.099898399999999299e+01 1.573753000000000035e-15 6.094728999999999597e-06 -9.383384000000000215e-06 -2.467713999999999984e-10
3.076895299999999978e+01 1.000000000000000000e+00 2.032152100000000061e+01 2.086085000000000001e-04 7.941758699999999749e+01 8.666570500000000266e+01 4.515575999999999836e-15 1.902390999999999994e-05 -3.315079000000000045e-05 -7.440954999999999561e-10
2.925614699999999857e+01 1.000000000000000000e+00 1.834986500000000120e+01 2.060718000000000012e-04 7.698783500000000402e+01 8.253876999999999953e+01 1.376314000000000063e-14 6.048685000000000178e-05 -1.086842999999999989e-04 -2.282294999999999924e-09
2.781538000000000110e+01 1.000000000000000000e+00 1.656570100000000068e+01 2.036351000000000046e-04 7.442667299999999386e+01 7.860835699999999804e+01 4.391574000000000074e-14 1.980209999999999935e-04 -3.579680000000000123e-04 -7.422006999999999969e-09
2.644322000000000017e+01 1.000000000000000000e+00 1.495250099999999982e+01 2.013089999999999932e-04 7.169814100000000678e+01 7.486510499999999979e+01 1.387625999999999928e-13 6.400291000000000010e-04 -1.142185999999999896e-03 -2.458737999999999911e-08
2.513640200000000036e+01 9.999989999999999712e-01 1.349653999999999954e+01 1.991371999999999880e-04 6.867499100000000567e+01 7.130010500000000206e+01 4.203489999999999995e-13 1.992747000000000008e-03 -3.589165000000000064e-03 -8.077242000000000509e-08
2.389181299999999908e+01 9.999959999999999960e-01 1.218876900000000063e+01 1.972497000000000031e-04 6.498206000000000415e+01 6.790486699999999587e+01 1.199436000000000101e-12 5.861144000000000423e-03 -1.075940000000000056e-02 -2.522355000000000222e-07
2.270648999999999873e+01 9.999890000000000168e-01 1.102952600000000061e+01 1.959886000000000093e-04 5.987800599999999918e+01 6.467130400000000634e+01 3.128140999999999807e-12 1.580055000000000001e-02 -3.063632999999999981e-02 -7.368616000000000289e-07
2.157760999999999996e+01 9.999679999999999680e-01 1.003834600000000066e+01 1.961781999999999914e-04 5.234600999999999971e+01 6.159172000000000224e+01 7.531890999999999900e-12 3.941523000000000249e-02 -8.222636999999999308e-02 -2.014432999999999996e-06
2.050248699999999857e+01 9.999139999999999695e-01 9.271914000000000655e+00 1.995849000000000006e-04 4.225621799999999695e+01 5.865878500000000173e+01 1.672982999999999880e-11 9.103086000000000511e-02 -2.065657999999999939e-01 -5.091443999999999597e-06
1.947855900000000062e+01 9.997909999999999853e-01 8.856263999999999470e+00 2.097548000000000132e-04 3.135212200000000138e+01 5.586551000000000045e+01 3.515275999999999975e-11 2.001022000000000078e-01 -4.875200000000000089e-01 -1.199940999999999969e-05
1.850339100000000059e+01 9.995230000000000503e-01 9.042353999999999559e+00 2.332830000000000092e-04 2.315131200000000078e+01 5.320525099999999696e+01 6.773111000000000259e-11 4.084437000000000206e-01 -1.088729999999999976e+00 -2.648088000000000115e-05
1.757465900000000047e+01 9.989810000000000079e-01 1.028335299999999997e+01 2.813989000000000139e-04 1.893308700000000044e+01 5.067167100000000346e+01 1.221221999999999911e-10 7.946855000000000446e-01 -2.301191999999999904e+00 -5.473201999999999847e-05
1.669015299999999868e+01 9.979470000000000285e-01 1.335929100000000069e+01 3.722719000000000093e-04 1.869929899999999989e+01 4.825873800000000102e+01 2.090800999999999964e-10 1.496596999999999955e+00 -4.633555000000000312e+00 -1.067705000000000038e-04
1.584776500000000077e+01 9.960839999999999694e-01 1.956181300000000078e+01 5.329851999999999940e-04 2.268859199999999987e+01 4.596070300000000231e+01 3.347529000000000011e-10 2.664318999999999882e+00 -8.946597999999999828e+00 -1.969065000000000095e-04
1.504548999999999914e+01 9.928909999999999680e-01 3.098827400000000054e+01 8.013405999999999828e-04 3.184533800000000170e+01 4.377209700000000225e+01 5.073611000000000338e-10 4.481478000000000073e+00 -1.668997999999999848e+01 -3.444289000000000118e-04
1.428142000000000067e+01 9.876709999999999656e-01 5.094668399999999764e+01 1.229716000000000056e-03 4.823745000000000260e+01 4.168771300000000224e+01 7.320902999999999943e-10 7.104976999999999876e+00 -3.021722000000000108e+01 -5.772495000000000100e-04
1.355373400000000039e+01 9.794960000000000333e-01 8.423123099999999397e+01 1.880029999999999982e-03 7.512453999999999610e+01 3.970258599999999660e+01 1.071328000000000046e-09 1.128588000000000058e+01 -5.286278999999999684e+01 -9.214943000000000179e-04
1.286069999999999958e+01 9.671849999999999614e-01 1.375838050000000123e+02 2.827056000000000100e-03 1.161975740000000030e+02 3.781198899999999696e+01 1.423045999999999927e-09 1.611505000000000010e+01 -8.945608000000000004e+01 -1.412239000000000029e-03
1.220066699999999926e+01 9.492969999999999464e-01 2.214420140000000004e+02 4.154902000000000248e-03 1.768772060000000010e+02 3.601142099999999857e+01 1.830046000000000072e-09 2.211864999999999881e+01 -1.486590999999999951e+02 -2.084804999999999905e-03
1.157206399999999924e+01 9.241420000000000190e-01 3.503188840000000255e+02 5.949681000000000067e-03 2.621947650000000181e+02 3.429659199999999686e+01 2.251137000000000019e-09 2.889415999999999940e+01 -2.419661999999999864e+02 -2.967331000000000135e-03
1.097339500000000001e+01 8.898070000000000146e-01 5.417229429999999866e+02 8.298052000000000206e-03 3.755432250000000067e+02 3.266342300000000165e+01 2.678079999999999917e-09 3.637664999999999793e+01 -3.819048999999999978e+02 -4.087811999999999696e-03
1.040323399999999943e+01 8.441959999999999464e-01 8.171168159999999716e+02 1.129692000000000023e-02 5.167324969999999666e+02 3.110802400000000034e+01 3.085100000000000027e-09 4.423957999999999657e+01 -5.854937999999999647e+02 -5.493617000000000118e-03
9.860224000000000544e+00 7.850759999999999961e-01 1.204098330999999916e+03 1.503941999999999952e-02 7.086987370000000510e+02 2.962668999999999997e+01 3.802110000000000222e-09 5.746497999999999706e+01 -8.775992999999999711e+02 -7.212403000000000043e-03
9.343071000000000126e+00 7.101359999999999895e-01 1.731676277000000027e+03 1.965632999999999964e-02 9.042810660000000098e+02 2.821589799999999926e+01 4.166027999999999709e-09 6.629298000000000002e+01 -1.279867999999999938e+03 -9.352730999999999545e-03
8.850543999999999301e+00 6.170179999999999554e-01 2.444658205000000180e+03 2.522011999999999865e-02 1.108180718999999954e+03 2.687228400000000050e+01 4.451355000000000290e-09 7.452188999999999908e+01 -1.846950000000000045e+03 -1.184784000000000011e-02
8.381470999999999449e+00 5.033900000000000041e-01 3.414370625999999902e+03 3.187622999999999845e-02 1.313593777999999929e+03 2.559265200000000107e+01 4.678624000000000159e-09 8.236500999999999806e+01 -2.670739999999999782e+03 -1.488616000000000071e-02
7.934733999999999732e+00 3.669250000000000012e-01 4.715835393999999724e+03 3.976686000000000110e-02 1.494337197999999944e+03 2.437395499999999871e+01 4.786495999999999929e-09 8.857618999999999687e+01 -3.816335000000000036e+03 -1.852041999999999924e-02
7.509272000000000169e+00 2.053139999999999965e-01 6.458503520999999637e+03 4.890681000000000195e-02 1.637590985999999930e+03 2.321329300000000018e+01 4.795955999999999604e-09 9.326843999999999824e+01 -5.432226999999999862e+03 -2.251681000000000168e-02
7.104068999999999967e+00 1.637800000000000020e-02 8.710691361999999572e+03 5.917267999999999833e-02 1.731180039999999963e+03 2.210790000000000077e+01 4.720561999999999896e-09 9.645457000000000392e+01 -7.516542999999999665e+03 -2.655207999999999874e-02
6.718161000000000271e+00 0.000000000000000000e+00 1.112905137499999910e+04 6.977935000000000387e-02 1.760120091000000002e+03 2.105514300000000105e+01 4.567347000000000234e-09 9.803315000000000623e+01 -9.074645000000000437e+03 -2.888396000000000019e-02
6.350629999999999775e+00 0.000000000000000000e+00 1.344318649799999912e+04 7.987194000000000238e-02 1.735007924999999886e+03 2.005251799999999918e+01 4.351485000000000303e-09 9.809895000000000209e+01 -1.008030999999999949e+04 -2.904415000000000122e-02
6.000600000000000378e+00 0.000000000000000000e+00 1.561448250499999995e+04 8.932442000000000160e-02 1.681383190999999897e+03 1.909763799999999989e+01 4.115777000000000314e-09 9.744526000000000465e+01 -1.101254000000000087e+04 -2.875979999999999856e-02
