3.402526900000000154e+01 1.000000000000000000e+00 2.490359600000000029e+01 2.139869000000000027e-04 2.490373500000000107e+01 9.554893300000000522e+01 1.293916000000000000e+10 4.783535000000000000e+19 0.000000000000000000e+00 0.000000000000000000e+00
3.235739900000000091e+01 1.000000000000000000e+00 2.249926900000000174e+01 2.112449999999999875e-04 2.249937500000000057e+01 9.099898399999999299e+01 9.357449000000000000e+09 3.594231000000000000e+19 0.000000000000000000e+00 0.000000000000000000e+00
3.076895299999999978e+01 1.000000000000000000e+00 2.032149899999999931e+01 2.086068999999999966e-04 2.032162999999999897e+01 8.666570500000000266e+01 5.946286000000000000e+09 2.371826000000000000e+19 0.000000000000000000e+00 0.000000000000000000e+00
2.925614699999999857e+01 1.000000000000000000e+00 1.834970099999999960e+01 2.060669999999999906e-04 7.699286600000000647e+01 8.253876999999999953e+01 8.851178000000000744e-15 3.454513999999999838e-05 -7.698561999999999662e-07 -2.056284999999999856e-11
2.781538000000000110e+01 1.000000000000000000e+00 1.656505800000000050e+01 2.036201000000000124e-04 7.444758199999999704e+01 7.860835699999999804e+01 2.624359999999999912e-14 1.093475000000000030e-04 -2.418177999999999804e-06 -6.317390000000000247e-11
2.644322000000000017e+01 1.000000000000000000e+00 1.495038599999999995e+01 2.012616999999999911e-04 7.177100699999999733e+01 7.486510499999999979e+01 8.235084999999999589e-14 3.638800000000000194e-04 -7.752330000000000703e-06 -1.997495000000000039e-10
2.513640200000000036e+01 1.000000000000000000e+00 1.349000900000000058e+01 1.989877999999999992e-04 6.888360600000000034e+01 7.130010500000000206e+01 2.707744999999999889e-13 1.253304999999999914e-03 -2.609037999999999871e-05 -6.698545000000000054e-10
2.389181299999999908e+01 9.999989999999999712e-01 1.216966299999999990e+01 1.967957000000000105e-04 6.545573299999999506e+01 6.790486699999999587e+01 8.837592000000000053e-13 4.247139999999999943e-03 -8.779825000000000595e-05 -2.268127999999999884e-09
2.270648999999999873e+01 9.999970000000000248e-01 1.097644999999999982e+01 1.946856999999999917e-04 6.058905000000000030e+01 6.467130400000000634e+01 2.705588999999999812e-12 1.346507000000000086e-02 -2.882634999999999820e-04 -7.505246000000000699e-09
2.157760999999999996e+01 9.999909999999999632e-01 9.898911999999999267e+00 1.926657999999999875e-04 5.258532499999999743e+01 6.159172000000000224e+01 7.694364999999999193e-12 3.960442000000000129e-02 -8.999430999999999794e-04 -2.364003000000000155e-08
2.050248699999999857e+01 9.999700000000000255e-01 8.927301999999999182e+00 1.907625000000000087e-04 4.051153899999999908e+01 5.865878500000000173e+01 2.013898999999999959e-11 1.072067000000000020e-01 -2.625763000000000142e-03 -6.934519000000000422e-08
1.947855900000000062e+01 9.999149999999999983e-01 8.054285999999999390e+00 1.890431999999999996e-04 2.704297899999999899e+01 5.586551000000000045e+01 4.913040000000000076e-11 2.703218000000000010e-01 -7.127905000000000352e-03 -1.891174000000000070e-07
1.850339100000000059e+01 9.997749999999999693e-01 7.276360000000000383e+00 1.876583999999999989e-04 1.703015100000000004e+01 5.320525099999999696e+01 1.096890999999999955e-10 6.236694000000000404e-01 -1.806376999999999983e-02 -4.802703999999999673e-07
1.757465900000000047e+01 9.994480000000000031e-01 6.596085999999999672e+00 1.869111000000000069e-04 1.127649599999999985e+01 5.067167100000000346e+01 2.271378000000000002e-10 1.334475000000000078e+00 -4.258793999999999774e-02 -1.133660000000000001e-06
1.669015299999999868e+01 9.987399999999999611e-01 6.025959000000000287e+00 1.873700999999999969e-04 8.260134000000000754e+00 4.825873800000000102e+01 4.431947999999999759e-10 2.693655000000000133e+00 -9.421836999999999573e-02 -2.507015999999999902e-06
1.584776500000000077e+01 9.973020000000000218e-01 5.593319000000000152e+00 1.900187999999999975e-04 6.719267000000000323e+00 4.596070300000000231e+01 8.011603999999999748e-10 5.056289999999999729e+00 -1.959716999999999987e-01 -5.203602000000000090e-06
1.504548999999999914e+01 9.945530000000000204e-01 5.347090999999999816e+00 1.964470000000000116e-04 5.952386999999999873e+00 4.377209700000000225e+01 1.359828999999999937e-09 8.980800999999999590e+00 -3.852996000000000199e-01 -1.018148999999999999e-05
1.428142000000000067e+01 9.895800000000000152e-01 5.370255000000000223e+00 2.091767999999999926e-04 5.720667999999999864e+00 4.168771300000000224e+01 2.180640000000000030e-09 1.526674000000000042e+01 -7.255648000000000097e-01 -1.900412000000000127e-05
1.355373400000000039e+01 9.810330000000000439e-01 5.785794000000000104e+00 2.317514999999999918e-04 5.994722000000000328e+00 3.970258599999999660e+01 3.477614999999999886e-09 2.623265999999999920e+01 -1.304427000000000003e+00 -3.364653999999999990e-05
1.286069999999999958e+01 9.670130000000000114e-01 6.775587999999999944e+00 2.691052000000000201e-04 6.917487000000000386e+00 3.781198899999999696e+01 5.061289000000000098e-09 4.189701999999999771e+01 -2.258052999999999866e+00 -5.696732000000000060e-05
1.220066699999999926e+01 9.449849999999999639e-01 8.598128000000000881e+00 3.280280999999999909e-04 8.700984999999999303e+00 3.601142099999999857e+01 7.091555000000000333e-09 6.519022999999999968e+01 -3.782453999999999983e+00 -9.303642999999999787e-05
1.157206399999999924e+01 9.117159999999999709e-01 1.161756500000000081e+01 4.173631000000000021e-04 1.169530299999999912e+01 3.429659199999999686e+01 9.441890000000000779e-09 9.666190000000000282e+01 -6.166422999999999988e+00 -1.469592999999999941e-04
1.097339500000000001e+01 8.632579999999999698e-01 1.635961500000000157e+01 5.481798000000000400e-04 1.641415500000000094e+01 3.266342300000000165e+01 1.209027999999999932e-08 1.372032000000000096e+02 -9.860397999999999996e+00 -2.250103999999999895e-04
1.040323399999999943e+01 7.949840000000000240e-01 2.357620199999999855e+01 7.350991999999999769e-04 2.359873100000000079e+01 3.110802400000000034e+01 1.490998999999999930e-08 1.859857000000000085e+02 -1.553640000000000043e+01 -3.368226999999999896e-04
9.860224000000000544e+00 7.016860000000000319e-01 3.432963600000000071e+01 9.972880000000000373e-04 3.429689499999999924e+01 2.962668999999999997e+01 1.934665999999999862e-08 2.627636999999999716e+02 -2.418265999999999849e+01 -4.955101999999999641e-04
9.343071000000000126e+00 5.777109999999999745e-01 5.037514900000000040e+01 1.361776999999999996e-03 5.023909900000000306e+01 2.821589799999999926e+01 2.248687999999999959e-08 3.300317000000000007e+02 -3.776286000000000342e+01 -7.228332999999999764e-04
8.850543999999999301e+00 4.171429999999999860e-01 7.425067199999999445e+01 1.868145000000000092e-03 7.390285599999999988e+01 2.687228400000000050e+01 2.537891999999999946e-08 3.998417000000000030e+02 -5.892907000000000295e+01 -1.053857999999999965e-03
8.381470999999999449e+00 2.139979999999999938e-01 1.101831520000000069e+02 2.571683999999999862e-03 1.093892429999999933e+02 2.559265200000000107e+01 2.807211000000000016e-08 4.723111999999999853e+02 -9.291763000000000261e+01 -1.536730999999999948e-03
7.934733999999999732e+00 0.000000000000000000e+00 1.669645720000000040e+02 3.571696000000000072e-03 1.651370670000000018e+02 2.437395499999999871e+01 3.009775000000000228e-08 5.387907000000000153e+02 -1.527774000000000001e+02 -2.291298000000000206e-03
7.509272000000000169e+00 0.000000000000000000e+00 2.424107590000000130e+02 4.779448000000000377e-03 2.385972759999999937e+02 2.321329300000000018e+01 3.149352000000000314e-08 5.972866999999999962e+02 -2.185947999999999922e+02 -2.914494000000000112e-03
7.104068999999999967e+00 0.000000000000000000e+00 3.296107709999999997e+02 6.069207000000000074e-03 3.226183950000000209e+02 2.210790000000000077e+01 3.226931000000000217e-08 6.463604000000000269e+02 -2.786705999999999790e+02 -3.286820000000000193e-03
6.718161000000000271e+00 0.000000000000000000e+00 4.249238859999999818e+02 7.427780999999999620e-03 4.132787769999999909e+02 2.105514300000000105e+01 3.241222000000000328e-08 6.844085000000000036e+02 -3.383797000000000139e+02 -3.654066000000000085e-03
6.350629999999999775e+00 0.000000000000000000e+00 5.265464289999999892e+02 8.833288999999999377e-03 5.084010089999999877e+02 2.005251799999999918e+01 3.197378000000000164e-08 7.109512999999999465e+02 -4.012805000000000177e+02 -3.989310000000000252e-03
6.000600000000000378e+00 0.000000000000000000e+00 6.326381599999999708e+02 1.026195000000000059e-02 6.058875170000000026e+02 1.909763799999999989e+01 3.123525999999999828e-08 7.308341000000000349e+02 -4.669223999999999819e+02 -4.279045000000000418e-03
