3.402526900000000154e+01 1.000000000000000000e+00 2.490363899999999830e+01 2.139879999999999983e-04 8.388446299999999667e+01 9.554893300000000522e+01 1.162175000000000044e-13 4.261614999999999956e-04 -4.389343999999999830e-05 -1.149301000000000062e-09
3.235739900000000091e+01 1.000000000000000000e+00 2.249955299999999880e+01 2.112522000000000033e-04 8.150625700000000506e+01 9.099898399999999299e+01 3.709288999999999867e-13 1.435653000000000059e-03 -1.469010000000000086e-04 -3.655762999999999921e-09
3.076895299999999978e+01 9.999989999999999712e-01 2.032250099999999904e+01 2.086316999999999968e-04 7.861427600000000382e+01 8.666570500000000266e+01 1.108371999999999995e-12 4.460752000000000120e-03 -4.677160999999999992e-04 -1.138374999999999928e-08
2.925614699999999857e+01 9.999970000000000248e-01 1.835271600000000092e+01 2.061422999999999999e-04 7.446473400000000709e+01 8.253876999999999953e+01 3.094632999999999825e-12 1.291090999999999940e-02 -1.391223000000000026e-03 -3.423020000000000035e-08
2.781538000000000110e+01 9.999919999999999920e-01 1.657342799999999983e+01 2.038332000000000121e-04 6.770144100000000265e+01 7.860835699999999804e+01 7.974346999999999726e-12 3.448260999999999687e-02 -3.911870999999999925e-03 -9.773308000000000471e-08
2.644322000000000017e+01 9.999759999999999760e-01 1.497207599999999950e+01 2.018253000000000072e-04 5.689022599999999841e+01 7.486510499999999979e+01 1.915310999999999855e-11 8.584004000000000634e-02 -1.028570999999999999e-02 -2.609231000000000053e-07
2.513640200000000036e+01 9.999379999999999935e-01 1.354277399999999965e+01 2.003829999999999956e-04 4.325933599999999757e+01 7.130010500000000206e+01 4.213110000000000250e-11 1.958056999999999992e-01 -2.536826000000000012e-02 -6.495771999999999782e-07
2.389181299999999908e+01 9.998500000000000165e-01 1.229015599999999964e+01 2.000278000000000028e-04 3.041799699999999973e+01 6.790486699999999587e+01 8.682278999999999864e-11 4.184980999999999840e-01 -5.852224999999999788e-02 -1.507643000000000102e-06
2.270648999999999873e+01 9.996629999999999683e-01 1.123526000000000025e+01 2.017076999999999933e-04 2.143225100000000083e+01 6.467130400000000634e+01 1.649165000000000064e-10 8.253622999999999932e-01 -1.266541999999999946e-01 -3.270402000000000117e-06
2.157760999999999996e+01 9.992879999999999541e-01 1.042552000000000056e+01 2.070755999999999931e-04 1.604326199999999858e+01 6.159172000000000224e+01 2.933723000000000003e-10 1.528589999999999893e+00 -2.600563000000000180e-01 -6.706989999999999629e-06
2.050248699999999857e+01 9.985849999999999449e-01 9.942216000000000165e+00 2.186777999999999953e-04 1.312587100000000007e+01 5.865878500000000173e+01 4.898860000000000183e-10 2.671864999999999934e+00 -5.039063000000000292e-01 -1.291306999999999968e-05
1.947855900000000062e+01 9.973340000000000538e-01 9.918174000000000490e+00 2.403627999999999884e-04 1.174032700000000062e+01 5.586551000000000045e+01 8.062109000000000289e-10 4.641665999999999848e+00 -9.320580000000000531e-01 -2.359124000000000149e-05
1.850339100000000059e+01 9.952199999999999935e-01 1.055399399999999943e+01 2.775863000000000158e-04 1.171562899999999985e+01 5.320525099999999696e+01 1.211910000000000006e-09 7.459197999999999773e+00 -1.653488000000000069e+00 -4.107830000000000276e-05
1.757465900000000047e+01 9.918109999999999982e-01 1.212347600000000014e+01 3.375157999999999847e-04 1.291920999999999964e+01 5.067167100000000346e+01 1.733060999999999916e-09 1.155091000000000001e+01 -2.809584000000000081e+00 -6.825233000000000591e-05
1.669015299999999868e+01 9.865450000000000053e-01 1.500238099999999974e+01 4.290025000000000045e-04 1.557079300000000011e+01 4.825873800000000102e+01 2.386633000000000189e-09 1.738698000000000121e+01 -4.606888999999999790e+00 -1.084678999999999987e-04
1.584776500000000077e+01 9.787230000000000096e-01 1.973604200000000120e+01 5.632745999999999890e-04 2.013981000000000066e+01 4.596070300000000231e+01 3.124040999999999800e-09 2.496557999999999922e+01 -7.379990000000000272e+00 -1.664647000000000056e-04
1.504548999999999914e+01 9.675120000000000386e-01 2.699956900000000104e+01 7.528987000000000223e-04 2.723167199999999966e+01 4.377209700000000225e+01 3.926901000000000066e-09 3.434156999999999726e+01 -1.149399000000000015e+01 -2.464918999999999769e-04
1.428142000000000067e+01 9.519670000000000076e-01 3.760885900000000248e+01 1.011441999999999983e-03 3.759618700000000047e+01 4.168771300000000224e+01 4.761773999999999815e-09 4.530062000000000211e+01 -1.740643000000000029e+01 -3.529800000000000255e-04
1.355373400000000039e+01 9.310479999999999867e-01 5.267951599999999956e+01 1.354287999999999933e-03 5.228088300000000288e+01 3.970258599999999660e+01 6.096269000000000178e-09 6.265887000000000029e+01 -2.588768999999999920e+01 -4.920649000000000464e-04
1.286069999999999958e+01 9.036659999999999693e-01 7.332982800000000623e+01 1.796725000000000102e-03 7.227875899999999376e+01 3.781198899999999696e+01 6.968912999999999797e-09 7.691850999999999772e+01 -3.745640999999999821e+01 -6.679823000000000097e-04
1.220066699999999926e+01 8.687120000000000397e-01 1.010141210000000029e+02 2.354854999999999882e-03 9.884785899999999970e+01 3.601142099999999857e+01 7.789804999999999654e-09 9.185144999999999982e+01 -5.320920000000000272e+01 -8.867347000000000467e-04
1.157206399999999924e+01 8.251119999999999566e-01 1.377372180000000128e+02 3.044625000000000022e-03 1.336292540000000031e+02 3.429659199999999686e+01 8.421904000000000079e-09 1.056705999999999932e+02 -7.482040999999999542e+01 -1.153389000000000107e-03
1.097339500000000001e+01 7.718599999999999905e-01 1.858417589999999961e+02 3.882496999999999945e-03 1.783955129999999940e+02 3.266342300000000165e+01 8.889952000000000115e-09 1.183366999999999933e+02 -1.039920000000000044e+02 -1.474395999999999997e-03
1.040323399999999943e+01 7.080570000000000475e-01 2.484104839999999967e+02 4.885457000000000168e-03 2.352270410000000140e+02 3.110802400000000034e+01 9.169368000000000756e-09 1.291954000000000065e+02 -1.434649000000000001e+02 -1.856807999999999939e-03
9.860224000000000544e+00 6.329470000000000374e-01 3.290797440000000051e+02 6.073633999999999630e-03 3.084407429999999977e+02 2.962668999999999997e+01 1.044267000000000029e-08 1.554692000000000007e+02 -1.962425000000000068e+02 -2.313056999999999874e-03
9.343071000000000126e+00 5.459279999999999688e-01 4.307857109999999921e+02 7.472913000000000298e-03 3.955596939999999790e+02 2.821589799999999926e+01 1.039580999999999990e-08 1.633141999999999996e+02 -2.635111999999999739e+02 -2.862453000000000046e-03
8.850543999999999301e+00 4.465689999999999937e-01 5.590872809999999618e+02 9.113018999999999981e-03 4.995912109999999871e+02 2.687228400000000050e+01 1.016540000000000049e-08 1.683358000000000061e+02 -3.531340999999999894e+02 -3.523842000000000120e-03
8.381470999999999449e+00 3.346089999999999898e-01 7.223137540000000172e+02 1.102829999999999956e-02 6.228452359999999999e+02 2.559265200000000107e+01 9.838348000000000238e-09 1.716060999999999979e+02 -4.753143999999999778e+02 -4.319747999999999991e-03
7.934733999999999732e+00 2.099459999999999937e-01 9.257340140000000019e+02 1.324622999999999946e-02 7.610813950000000432e+02 2.437395499999999871e+01 9.330926000000000540e-09 1.713247000000000071e+02 -6.296909000000000560e+02 -5.249794999999999809e-03
7.509272000000000169e+00 7.263300000000000312e-02 1.169993711000000076e+03 1.577906999999999921e-02 9.047795909999999822e+02 2.321329300000000018e+01 8.719079999999999219e-09 1.684292000000000087e+02 -8.110171000000000276e+02 -6.292970000000000161e-03
7.104068999999999967e+00 0.000000000000000000e+00 1.435283971999999949e+03 1.844259999999999997e-02 1.032474206000000095e+03 2.210790000000000077e+01 8.046725999999999536e-09 1.634559999999999889e+02 -9.717305999999999813e+02 -6.974906999999999808e-03
6.718161000000000271e+00 0.000000000000000000e+00 1.682795781000000034e+03 2.095674000000000148e-02 1.120335248000000092e+03 2.105514300000000105e+01 7.338333999999999859e-09 1.566829999999999927e+02 -1.052074000000000069e+03 -6.980260000000000284e-03
6.350629999999999775e+00 0.000000000000000000e+00 1.908220011999999997e+03 2.330704999999999930e-02 1.169766869999999926e+03 2.005251799999999918e+01 6.622196999999999606e-09 1.485766999999999882e+02 -1.121648999999999887e+03 -6.919741000000000086e-03
6.000600000000000378e+00 0.000000000000000000e+00 2.107001874999999927e+03 2.548838000000000145e-02 1.186760205999999926e+03 1.909763799999999989e+01 5.956002999999999828e-09 1.403936999999999955e+02 -1.176540999999999940e+03 -6.811247999999999782e-03
