3.402526900000000154e+01 1.000000000000000000e+00 2.980371699999999890e+01 3.654331999999999828e-04 8.309821399999999869e+01 9.554893300000000522e+01 1.045985000000000011e-12 3.970312000000000147e-03 -4.791477000000000203e-05 -1.141548999999999942e-09
3.235739900000000091e+01 1.000000000000000000e+00 2.714231799999999950e+01 3.582624999999999872e-04 8.067048499999999933e+01 9.099898399999999299e+01 8.953196000000000375e-13 3.540474000000000052e-03 -1.581417999999999908e-04 -3.633183000000000191e-09
3.076895299999999978e+01 9.999980000000000535e-01 2.472579899999999853e+01 3.515018999999999761e-04 7.816466099999999528e+01 8.666570500000000266e+01 8.615152000000000044e-13 3.549651000000000022e-03 -5.022222999999999705e-04 -1.131588999999999989e-08
2.925614699999999857e+01 9.999949999999999672e-01 2.253402600000000078e+01 3.451427999999999983e-04 7.552622399999999914e+01 8.253876999999999953e+01 9.689175000000000464e-13 4.159971999999999628e-03 -1.496841999999999964e-03 -3.402681999999999976e-08
2.781538000000000110e+01 9.999829999999999552e-01 2.054974800000000101e+01 3.392124999999999850e-04 7.260168400000000588e+01 7.860835699999999804e+01 1.383084000000000087e-12 6.186440999999999989e-03 -4.216743000000000227e-03 -9.715407000000000011e-08
2.644322000000000017e+01 9.999519999999999520e-01 1.875996500000000111e+01 3.338120999999999883e-04 6.907774299999999812e+01 7.486510499999999979e+01 2.447833000000000198e-12 1.139991999999999915e-02 -1.110501000000000023e-02 -2.594075000000000020e-07
2.513640200000000036e+01 9.998759999999999870e-01 1.715859100000000126e+01 3.291861999999999891e-04 6.449329699999999832e+01 7.130010500000000206e+01 4.719593999999999973e-12 2.288538000000000031e-02 -2.740251999999999966e-02 -6.458404000000000397e-07
2.389181299999999908e+01 9.997000000000000330e-01 1.575056099999999937e+01 3.258364999999999829e-04 5.826295799999999758e+01 6.790486699999999587e+01 9.199013000000000114e-12 4.645086999999999827e-02 -6.321000999999999703e-02 -1.499174999999999923e-06
2.270648999999999873e+01 9.993250000000000188e-01 1.455795700000000004e+01 3.246890000000000214e-04 5.039762999999999948e+01 6.467130400000000634e+01 1.706702000000000092e-11 8.983441000000000343e-02 -1.366797999999999902e-01 -3.252970000000000044e-06
2.157760999999999996e+01 9.985770000000000479e-01 1.363019599999999976e+01 3.273705999999999925e-04 4.169729699999999895e+01 6.159172000000000224e+01 3.003550999999999992e-11 1.651415999999999995e-01 -2.800574000000000119e-01 -6.673276999999999703e-06
2.050248699999999857e+01 9.971689999999999721e-01 1.305072599999999916e+01 3.364010000000000069e-04 3.369781900000000263e+01 5.865878500000000173e+01 4.988408000000000286e-11 2.875853999999999910e-01 -5.406282999999999506e-01 -1.285590000000000002e-05
1.947855900000000062e+01 9.946669999999999678e-01 1.295386399999999938e+01 3.556087000000000093e-04 2.717815399999999926e+01 5.586551000000000045e+01 8.180024000000000083e-11 4.972500999999999727e-01 -9.942927999999999766e-01 -2.351132000000000108e-05
1.850339100000000059e+01 9.904389999999999583e-01 1.354126399999999997e+01 3.904482999999999934e-04 2.351405300000000054e+01 5.320525099999999696e+01 1.227455000000000028e-10 7.934778999999999582e-01 -1.752721999999999891e+00 -4.099715999999999831e-05
1.757465900000000047e+01 9.836209999999999676e-01 1.510020899999999955e+01 4.481864000000000225e-04 2.221574199999999877e+01 5.067167100000000346e+01 1.753228999999999892e-10 1.216526999999999914e+00 -2.973378999999999994e+00 -6.830228000000000362e-05
1.669015299999999868e+01 9.730879999999999530e-01 1.802301399999999987e+01 5.378639999999999853e-04 2.312451700000000088e+01 4.825873800000000102e+01 2.412128999999999808e-10 1.810754999999999892e+00 -4.870415999999999634e+00 -1.089006000000000056e-04
1.584776500000000077e+01 9.574409999999999865e-01 2.286084900000000175e+01 6.712464999999999708e-04 2.638210700000000131e+01 4.596070300000000231e+01 3.155571000000000000e-10 2.573961999999999861e+00 -7.768365000000000187e+00 -1.679751999999999905e-04
1.504548999999999914e+01 9.350180000000000158e-01 3.030801400000000001e+01 8.616315000000000258e-04 3.216944300000000112e+01 4.377209700000000225e+01 3.964798999999999783e-10 3.513434000000000168e+00 -1.204757999999999996e+01 -2.501275999999999868e-04
1.428142000000000067e+01 9.039230000000000320e-01 4.138430799999999721e+01 1.125363000000000101e-03 4.095512200000000291e+01 4.168771300000000224e+01 4.806274000000000230e-10 4.612453999999999610e+00 -1.841138000000000119e+01 -3.626271000000000030e-04
1.355373400000000039e+01 8.620809999999999862e-01 5.730785300000000149e+01 1.480114000000000039e-03 5.341535300000000319e+01 3.970258599999999660e+01 6.147209000000000005e-10 6.356657000000000224e+00 -2.756135000000000090e+01 -5.115502000000000070e-04
1.286069999999999958e+01 8.073069999999999968e-01 7.956259099999999762e+01 1.947535000000000021e-03 6.991026800000000208e+01 3.781198899999999696e+01 7.026214999999999606e-10 7.790645999999999738e+00 -4.044344999999999857e+01 -7.075995000000000071e-04
1.220066699999999926e+01 7.373849999999999572e-01 1.104092169999999982e+02 2.552560000000000159e-03 9.105221500000000390e+01 3.601142099999999857e+01 7.853148999999999596e-10 9.295935999999999311e+00 -5.897532000000000352e+01 -9.621541999999999638e-04
1.157206399999999924e+01 6.501550000000000384e-01 1.532866970000000038e+02 3.328311999999999937e-03 1.172189010000000025e+02 3.429659199999999686e+01 8.491293999999999567e-10 1.069322999999999979e+01 -8.618286999999999409e+01 -1.295918000000000070e-03
1.097339500000000001e+01 5.435889999999999889e-01 2.130393420000000049e+02 4.316620999999999653e-03 1.484494540000000029e+02 3.266342300000000165e+01 8.965584999999999910e-10 1.197822000000000031e+01 -1.262210000000000036e+02 -1.733846000000000042e-03
1.040323399999999943e+01 4.158600000000000074e-01 2.970305640000000267e+02 5.568634000000000257e-03 1.839762890000000084e+02 3.110802400000000034e+01 9.251263999999999787e-10 1.308427000000000007e+01 -1.861948999999999899e+02 -2.305900999999999958e-03
9.860224000000000544e+00 2.653889999999999860e-01 4.157419810000000098e+02 7.169675000000000353e-03 2.329866529999999898e+02 2.962668999999999997e+01 1.053228999999999983e-09 1.574160000000000004e+01 -2.761132000000000062e+02 -3.092266000000000199e-03
9.343071000000000126e+00 9.085400000000000420e-02 5.838047040000000152e+02 9.224381000000000247e-03 2.747429789999999912e+02 2.821589799999999926e+01 1.049422000000000101e-09 1.655212999999999823e+01 -4.104553000000000225e+02 -4.159712999999999779e-03
8.850543999999999301e+00 0.000000000000000000e+00 8.221885290000000168e+02 1.181502000000000073e-02 3.118192980000000034e+02 2.687228400000000050e+01 1.027129000000000042e-09 1.707752999999999943e+01 -6.116462999999999965e+02 -5.500722999999999897e-03
8.381470999999999449e+00 0.000000000000000000e+00 1.088692054999999982e+03 1.455170000000000075e-02 3.344389580000000137e+02 2.559265200000000107e+01 9.934129000000000820e-10 1.738796999999999926e+01 -7.587273999999999887e+02 -6.141261999999999763e-03
7.934733999999999732e+00 0.000000000000000000e+00 1.352778199999999970e+03 1.723770000000000163e-02 3.409981260000000134e+02 2.437395499999999871e+01 9.411504999999999544e-10 1.732657000000000025e+01 -8.579401000000000295e+02 -6.389004999999999684e-03
7.509272000000000169e+00 0.000000000000000000e+00 1.609424371000000065e+03 1.983609999999999887e-02 3.363069429999999898e+02 2.321329300000000018e+01 8.785730000000000224e-10 1.700394999999999968e+01 -9.531608999999999696e+02 -6.552058999999999835e-03
7.104068999999999967e+00 0.000000000000000000e+00 1.853533807000000024e+03 2.231819999999999984e-02 3.236781060000000139e+02 2.210790000000000077e+01 8.101454000000000218e-10 1.647850999999999999e+01 -1.041519000000000005e+03 -6.635527999999999912e-03
6.718161000000000271e+00 0.000000000000000000e+00 2.079912386999999853e+03 2.466379999999999961e-02 3.053816330000000221e+02 2.105514300000000105e+01 7.383267999999999861e-10 1.577956000000000003e+01 -1.119701000000000022e+03 -6.648875000000000271e-03
6.350629999999999775e+00 0.000000000000000000e+00 2.281867108999999800e+03 2.686819999999999833e-02 2.834432540000000245e+02 2.005251799999999918e+01 6.658947000000000125e-10 1.495120999999999967e+01 -1.180204999999999927e+03 -6.624533999999999631e-03
6.000600000000000378e+00 0.000000000000000000e+00 2.454532829000000220e+03 2.892818000000000125e-02 2.608220160000000192e+02 1.909763799999999989e+01 5.985914000000000305e-10 1.411809000000000047e+01 -1.223306000000000040e+03 -6.563628000000000171e-03
