3.402526900000000154e+01 1.000000000000000000e+00 2.528416899999999856e+01 2.257197000000000066e-04 8.382653299999999774e+01 9.554893300000000522e+01 9.139396999999999442e-14 3.384985000000000186e-04 -5.742053000000000019e-07 -1.482347999999999936e-11
3.235739900000000091e+01 1.000000000000000000e+00 2.286229300000000109e+01 2.226967000000000052e-04 8.160291999999999746e+01 9.099898399999999299e+01 7.754090000000000537e-14 2.983551000000000193e-04 -1.797720999999999902e-06 -4.629061999999999850e-11
3.076895299999999978e+01 1.000000000000000000e+00 2.066828200000000137e+01 2.197931000000000082e-04 7.927929299999999557e+01 8.666570500000000266e+01 7.224703999999999787e-14 2.886316000000000099e-04 -5.719179000000000287e-06 -1.464438999999999900e-10
2.925614699999999857e+01 9.999989999999999712e-01 1.868155300000000096e+01 2.170026000000000084e-04 7.684206600000000265e+01 8.253876999999999953e+01 7.600374999999999813e-14 3.151672999999999801e-04 -1.841749000000000042e-05 -4.708982999999999723e-10
2.781538000000000110e+01 9.999970000000000248e-01 1.688330200000000048e+01 2.143201000000000014e-04 7.427463699999999847e+01 7.860835699999999804e+01 1.039720999999999983e-13 4.475837000000000088e-04 -5.917293999999999999e-05 -1.518317000000000062e-09
2.644322000000000017e+01 9.999900000000000455e-01 1.525640100000000032e+01 2.117429999999999952e-04 7.154238900000000001e+01 7.486510499999999979e+01 1.946193999999999896e-13 8.695855999999999638e-04 -1.820821000000000028e-04 -4.703144999999999893e-09
2.513640200000000036e+01 9.999670000000000503e-01 1.378537799999999969e+01 2.092732999999999941e-04 6.855522600000000466e+01 7.130010500000000206e+01 4.334703999999999985e-13 2.009522000000000131e-03 -5.304134000000000062e-04 -1.378714999999999948e-08
2.389181299999999908e+01 9.999050000000000438e-01 1.245648000000000089e+01 2.069232000000000113e-04 6.508906500000000506e+01 6.790486699999999587e+01 1.003157999999999995e-12 4.822212999999999673e-03 -1.441280999999999986e-03 -3.766660000000000060e-08
2.270648999999999873e+01 9.997470000000000523e-01 1.125793099999999924e+01 2.047256999999999972e-04 6.077657299999999907e+01 6.467130400000000634e+01 2.206310999999999887e-12 1.099259000000000000e-02 -3.646842999999999873e-03 -9.570420000000000541e-08
2.157760999999999996e+01 9.993760000000000421e-01 1.018048199999999959e+01 2.027529999999999881e-04 5.511431799999999726e+01 6.159172000000000224e+01 4.562442999999999808e-12 2.355130000000000071e-02 -8.660829999999999571e-03 -2.281086999999999917e-07
2.050248699999999857e+01 9.985669999999999824e-01 9.218130000000000379e+00 2.011410000000000043e-04 4.782329299999999961e+01 5.865878500000000173e+01 8.809699000000000547e-12 4.710809999999999997e-02 -1.916444999999999954e-02 -5.058951000000000101e-07
1.947855900000000062e+01 9.969179999999999708e-01 8.369410000000000238e+00 2.001317000000000070e-04 3.896328499999999906e+01 5.586551000000000045e+01 1.640842000000000048e-11 9.088984999999999426e-02 -3.990396999999999694e-02 -1.055140999999999932e-06
1.850339100000000059e+01 9.937559999999999727e-01 7.639013000000000275e+00 2.001247000000000052e-04 3.031315299999999979e+01 5.320525099999999696e+01 2.803123000000000152e-11 1.609592999999999996e-01 -7.860488999999999671e-02 -2.079655999999999812e-06
1.757465900000000047e+01 9.880299999999999638e-01 7.039359000000000144e+00 2.017315000000000048e-04 2.296433700000000044e+01 5.067167100000000346e+01 4.517569999999999864e-11 2.693580999999999892e-01 -1.467658000000000018e-01 -3.880186999999999989e-06
1.669015299999999868e+01 9.781870000000000287e-01 6.592550000000000132e+00 2.058376999999999961e-04 1.743411499999999847e+01 4.825873800000000102e+01 6.960469000000000358e-11 4.323844000000000021e-01 -2.610291000000000139e-01 -6.883567000000000192e-06
1.584776500000000077e+01 9.620530000000000470e-01 6.334711999999999676e+00 2.137216000000000105e-04 1.379776900000000062e+01 4.596070300000000231e+01 1.010730000000000060e-10 6.580633999999999650e-01 -4.473092000000000179e-01 -1.173403999999999921e-05
1.504548999999999914e+01 9.367429999999999923e-01 6.317122999999999600e+00 2.270743000000000089e-04 1.160798199999999980e+01 4.377209700000000225e+01 1.398906000000000049e-10 9.631585000000000285e-01 -7.392446999999999768e-01 -1.921612999999999926e-05
1.428142000000000067e+01 8.985980000000000079e-01 6.613007999999999775e+00 2.481472999999999882e-04 1.053143200000000057e+01 4.168771300000000224e+01 1.854915000000000103e-10 1.366068000000000060e+00 -1.187084999999999946e+00 -3.044105999999999955e-05
1.355373400000000039e+01 8.431880000000000486e-01 7.326084999999999958e+00 2.800061999999999755e-04 1.017743300000000062e+01 3.970258599999999660e+01 2.541825000000000164e-10 2.025154000000000121e+00 -1.864311000000000051e+00 -4.705841999999999794e-05
1.286069999999999958e+01 7.653699999999999948e-01 8.601753000000000426e+00 3.267696000000000164e-04 1.092537899999999951e+01 3.781198899999999696e+01 3.138829999999999799e-10 2.734090000000000131e+00 -2.877345000000000041e+00 -7.134978999999999844e-05
1.220066699999999926e+01 6.594139999999999446e-01 1.066879699999999964e+01 3.942271999999999920e-04 1.262125900000000023e+01 3.601142099999999857e+01 3.770654000000000036e-10 3.611660999999999788e+00 -4.420176999999999801e+00 -1.069305000000000022e-04
1.157206399999999924e+01 5.191799999999999748e-01 1.391705100000000073e+01 4.912785000000000025e-04 1.556663999999999959e+01 3.429659199999999686e+01 4.356064999999999784e-10 4.594562999999999953e+00 -6.858340000000000103e+00 -1.603432000000000067e-04
1.097339500000000001e+01 3.383430000000000049e-01 1.904150599999999827e+01 6.326946000000000393e-04 2.028146600000000177e+01 3.266342300000000165e+01 4.889646999999999834e-10 5.667248999999999981e+00 -1.089230000000000054e+01 -2.439440999999999875e-04
1.040323399999999943e+01 1.106339999999999962e-01 2.718404699999999963e+01 8.419106999999999893e-04 2.758317100000000011e+01 3.110802400000000034e+01 5.338618000000000103e-10 6.765785000000000160e+00 -1.765557000000000087e+01 -3.773051999999999938e-04
9.860224000000000544e+00 0.000000000000000000e+00 4.041119700000000137e+01 1.155070000000000012e-03 3.888418399999999764e+01 2.962668999999999997e+01 6.330984999999999516e-10 8.718467999999999662e+00 -2.945390000000000086e+01 -5.911039999999999567e-04
9.343071000000000126e+00 0.000000000000000000e+00 5.824680699999999689e+01 1.553883999999999951e-03 5.294879499999999695e+01 2.821589799999999926e+01 6.619639999999999901e-10 9.807575999999999183e+00 -4.249864000000000175e+01 -7.918330000000000334e-04
8.850543999999999301e+00 0.000000000000000000e+00 7.789892899999999543e+01 1.987355000000000111e-03 6.693471300000000213e+01 2.687228400000000050e+01 6.770431000000000275e-10 1.069796000000000014e+01 -5.210094999999999743e+01 -9.091150000000000533e-04
8.381470999999999449e+00 0.000000000000000000e+00 9.922079600000000710e+01 2.448786000000000105e-03 8.051282999999999390e+01 2.559265200000000107e+01 6.831858000000000005e-10 1.145875999999999983e+01 -6.268184999999999718e+01 -1.022270000000000036e-03
7.934733999999999732e+00 0.000000000000000000e+00 1.218676889999999986e+02 2.930741000000000162e-03 9.300826999999999600e+01 2.437395499999999871e+01 6.732224000000000181e-10 1.195123000000000069e+01 -7.385294000000000381e+01 -1.127841000000000087e-03
7.509272000000000169e+00 0.000000000000000000e+00 1.452308600000000069e+02 3.425489999999999785e-03 1.038018730000000005e+02 2.321329300000000018e+01 6.516420999999999825e-10 1.221993999999999936e+01 -8.493623999999999796e+01 -1.222921000000000077e-03
7.104068999999999967e+00 0.000000000000000000e+00 1.688466270000000122e+02 3.925376000000000386e-03 1.124859309999999937e+02 2.210790000000000077e+01 6.212877999999999522e-10 1.229058000000000028e+01 -9.605428999999999462e+01 -1.305203999999999913e-03
6.718161000000000271e+00 0.000000000000000000e+00 1.922070620000000076e+02 4.423194000000000084e-03 1.187240390000000048e+02 2.105514300000000105e+01 5.838793000000000395e-10 1.217304999999999993e+01 -1.069134999999999991e+02 -1.373108999999999962e-03
6.350629999999999775e+00 0.000000000000000000e+00 2.147546309999999892e+02 4.912645999999999680e-03 1.223477890000000059e+02 2.005251799999999918e+01 5.416862999999999764e-10 1.189334000000000024e+01 -1.171447000000000003e+02 -1.426308999999999954e-03
6.000600000000000378e+00 0.000000000000000000e+00 2.356931730000000016e+02 5.389015999999999945e-03 1.236350889999999936e+02 1.909763799999999989e+01 4.998469000000000309e-10 1.155108000000000068e+01 -1.257690000000000055e+02 -1.466679999999999937e-03
