3.402526900000000154e+01 1.000000000000000000e+00 2.490359600000000029e+01 2.139869000000000027e-04 2.490373500000000107e+01 9.554893300000000522e+01 1.293916000000000000e+10 4.783535000000000000e+19 0.000000000000000000e+00 0.000000000000000000e+00
3.235739900000000091e+01 1.000000000000000000e+00 2.249926900000000174e+01 2.112449999999999875e-04 2.249937500000000057e+01 9.099898399999999299e+01 9.357449000000000000e+09 3.594231000000000000e+19 0.000000000000000000e+00 0.000000000000000000e+00
3.076895299999999978e+01 1.000000000000000000e+00 2.032149899999999931e+01 2.086068999999999966e-04 2.032162999999999897e+01 8.666570500000000266e+01 5.946286000000000000e+09 2.371826000000000000e+19 0.000000000000000000e+00 0.000000000000000000e+00
2.925614699999999857e+01 1.000000000000000000e+00 1.834971099999999922e+01 2.060673000000000116e-04 7.699455500000000541e+01 8.253876999999999953e+01 1.072026999999999936e-15 4.458396000000000266e-06 -7.698562000000000509e-06 -2.056285000000000050e-10
2.781538000000000110e+01 1.000000000000000000e+00 1.656510300000000058e+01 2.036212000000000080e-04 7.445689000000000135e+01 7.860835699999999804e+01 2.947194999999999960e-15 1.331500999999999942e-05 -2.681826000000000096e-05 -6.258518999999999489e-10
2.644322000000000017e+01 1.000000000000000000e+00 1.495053700000000063e+01 2.012651000000000121e-04 7.181766199999999856e+01 7.486510499999999979e+01 8.876106999999999536e-15 4.178975000000000083e-05 -8.830449999999999454e-05 -1.968749999999999845e-09
2.513640200000000036e+01 1.000000000000000000e+00 1.349050100000000008e+01 1.989987000000000028e-04 6.908968500000000290e+01 7.130010500000000206e+01 2.850973000000000109e-14 1.376949000000000087e-04 -2.964148000000000000e-04 -6.590900999999999965e-09
2.389181299999999908e+01 9.999989999999999712e-01 1.217121400000000087e+01 1.968309000000000063e-04 6.626185900000000117e+01 6.790486699999999587e+01 9.176821000000000344e-14 4.537488000000000220e-04 -9.762946000000000428e-04 -2.236267000000000049e-08
2.270648999999999873e+01 9.999970000000000248e-01 1.098122000000000043e+01 1.947983000000000082e-04 6.325470299999999924e+01 6.467130400000000634e+01 2.788235999999999753e-13 1.417033999999999959e-03 -3.129563000000000136e-03 -7.422709000000000243e-08
2.157760999999999996e+01 9.999909999999999632e-01 9.913028000000000617e+00 1.930121000000000083e-04 5.981226900000000057e+01 6.159172000000000224e+01 7.892229999999999582e-13 4.133686999999999605e-03 -9.592803999999999914e-03 -2.344216000000000111e-07
2.050248699999999857e+01 9.999700000000000255e-01 8.967028000000000887e+00 1.917641000000000094e-04 5.537367199999999912e+01 5.865878500000000173e+01 2.059259999999999851e-12 1.114695999999999916e-02 -2.773259000000000141e-02 -6.885893000000000023e-07
1.947855900000000062e+01 9.999149999999999983e-01 8.159570999999999685e+00 1.917495999999999979e-04 4.903194899999999734e+01 5.586551000000000045e+01 5.011109000000000271e-12 2.808870000000000117e-02 -7.495461999999999958e-02 -1.879368999999999946e-06
1.850339100000000059e+01 9.997749999999999693e-01 7.539056000000000424e+00 1.944895000000000087e-04 4.045895199999999647e+01 5.320525099999999696e+01 1.116822999999999956e-11 6.507723999999999454e-02 -1.900605999999999962e-01 -4.773208999999999924e-06
1.757465900000000047e+01 9.994480000000000031e-01 7.211538000000000004e+00 2.030090000000000074e-04 3.089677199999999857e+01 5.067167100000000346e+01 2.309220000000000131e-11 1.408721000000000001e-01 -4.501893000000000145e-01 -1.126370999999999926e-05
1.669015299999999868e+01 9.987399999999999611e-01 7.387680999999999720e+00 2.229579000000000088e-04 2.282032799999999995e+01 4.825873800000000102e+01 4.499445000000000120e-11 2.911823000000000050e-01 -1.006475999999999926e+00 -2.488890000000000153e-05
1.584776500000000077e+01 9.973020000000000218e-01 8.451169000000000153e+00 2.640451999999999838e-04 1.822886600000000001e+01 4.596070300000000231e+01 8.124657000000000123e-11 5.692182999999999549e-01 -2.131848000000000187e+00 -5.158712000000000085e-05
1.504548999999999914e+01 9.945530000000000204e-01 1.105765799999999999e+01 3.418574999999999977e-04 1.734086599999999834e+01 4.377209700000000225e+01 1.377685999999999992e-10 1.066877999999999993e+00 -4.294642999999999766e+00 -1.007141999999999987e-04
1.428142000000000067e+01 9.895789999999999864e-01 1.632308300000000045e+01 4.808831000000000173e-04 2.022848199999999963e+01 4.168771300000000224e+01 2.207513999999999942e-10 1.910800000000000054e+00 -8.331535999999999831e+00 -1.873779000000000004e-04
1.355373400000000039e+01 9.810269999999999824e-01 2.604417700000000124e+01 7.148920999999999921e-04 2.746735599999999877e+01 3.970258599999999660e+01 3.515869000000000176e-10 3.389918999999999905e+00 -1.559983000000000075e+01 -3.301027999999999797e-04
1.286069999999999958e+01 9.669969999999999954e-01 4.300952399999999898e+01 1.089883999999999948e-03 4.090609500000000054e+01 3.781198899999999696e+01 5.113246999999999972e-10 5.433708000000000204e+00 -2.825392000000000081e+01 -5.550473000000000212e-04
1.220066699999999926e+01 9.449400000000000022e-01 7.160409699999999589e+01 1.667145000000000085e-03 6.297182600000000008e+01 3.601142099999999857e+01 7.159362000000000407e-10 8.280065999999999704e+00 -4.991109000000000151e+01 -8.977383000000000238e-04
1.157206399999999924e+01 9.115980000000000194e-01 1.181679180000000002e+02 2.523974000000000009e-03 9.685116999999999621e+01 3.429659199999999686e+01 9.527270999999999825e-10 1.186459999999999937e+01 -8.568631000000000597e+01 -1.401085000000000047e-03
1.097339500000000001e+01 8.629689999999999861e-01 1.925751579999999876e+02 3.750934999999999946e-03 1.466829520000000002e+02 3.266342300000000165e+01 1.219392999999999989e-09 1.622518000000000171e+01 -1.446043999999999983e+02 -2.110635999999999936e-03
1.040323399999999943e+01 7.943249999999999478e-01 3.101917900000000259e+02 5.456960999999999756e-03 2.170197569999999985e+02 3.110802400000000034e+01 1.503221999999999920e-09 2.125773999999999830e+01 -2.414528999999999996e+02 -3.087443999999999952e-03
9.860224000000000544e+00 7.002699999999999481e-01 4.936458569999999781e+02 7.777370999999999937e-03 3.198889439999999809e+02 2.962668999999999997e+01 1.948757999999999982e-09 2.917954999999999899e+01 -3.981374999999999886e+02 -4.416274999999999888e-03
9.343071000000000126e+00 5.748259999999999481e-01 7.753188940000000002e+02 1.090377000000000013e-02 4.457599870000000237e+02 2.821589799999999926e+01 2.264784000000000148e-09 3.581680999999999671e+01 -6.470656000000000176e+02 -6.252897999999999790e-03
8.850543999999999301e+00 4.115199999999999969e-01 1.209540811000000076e+03 1.508786999999999975e-02 5.976600700000000188e+02 2.687228400000000050e+01 2.556125999999999906e-09 4.262232000000000198e+01 -1.053811999999999898e+03 -8.788176999999999447e-03
8.381470999999999449e+00 2.034479999999999900e-01 1.870775037999999995e+03 2.070765000000000106e-02 7.689940729999999576e+02 2.559265200000000107e+01 2.827972999999999825e-09 4.965850999999999971e+01 -1.698477000000000089e+03 -1.238455999999999932e-02
7.934733999999999732e+00 0.000000000000000000e+00 2.921692387000000053e+03 2.832074000000000050e-02 9.462676340000000437e+02 2.437395499999999871e+01 3.033529999999999967e-09 5.605192999999999870e+01 -2.835327000000000226e+03 -1.759056000000000161e-02
7.509272000000000169e+00 0.000000000000000000e+00 4.285851490000000013e+03 3.686148000000000202e-02 1.089978022000000010e+03 2.321329300000000018e+01 3.172089000000000046e-09 6.162716000000000349e+01 -4.015264000000000124e+03 -2.080711999999999839e-02
7.104068999999999967e+00 0.000000000000000000e+00 5.819640384999999696e+03 4.541586000000000234e-02 1.188949769999999944e+03 2.210790000000000077e+01 3.246467000000000138e-09 6.628280999999999779e+01 -5.046777000000000044e+03 -2.203532000000000060e-02
6.718161000000000271e+00 0.000000000000000000e+00 7.493319269999999960e+03 5.378631999999999858e-02 1.248467194999999947e+03 2.105514300000000105e+01 3.257621999999999982e-09 6.987712999999999397e+01 -6.150927999999999884e+03 -2.278900999999999843e-02
6.350629999999999775e+00 0.000000000000000000e+00 9.204152697999999873e+03 6.208377000000000340e-02 1.271966789000000063e+03 2.005251799999999918e+01 3.211364999999999901e-09 7.235893000000000086e+01 -7.126697000000000116e+03 -2.382812000000000124e-02
6.000600000000000378e+00 0.000000000000000000e+00 1.088528089899999941e+04 7.028291000000000399e-02 1.272026798999999983e+03 1.909763799999999989e+01 3.135410000000000033e-09 7.420210000000000150e+01 -8.013155999999999949e+03 -2.482341000000000061e-02
