3.402526900000000154e+01 1.000000000000000000e+00 3.185188499999999934e+01 4.311693999999999922e-04 8.302690599999999677e+01 9.554893300000000522e+01 1.438569999999999998e-12 5.511114999999999590e-03 -1.118842999999999903e-06 -2.571304000000000127e-11
3.235739900000000091e+01 1.000000000000000000e+00 2.907629100000000122e+01 4.215714999999999870e-04 8.051869000000000653e+01 9.099898399999999299e+01 1.188618000000000096e-12 4.745072999999999826e-03 -3.497233999999999829e-06 -8.030362999999999838e-11
3.076895299999999978e+01 1.000000000000000000e+00 2.655191900000000160e+01 4.125681000000000183e-04 7.798497500000000571e+01 8.666570500000000266e+01 1.037046999999999994e-12 4.313232999999999651e-03 -1.109828000000000041e-05 -2.540599000000000193e-10
2.925614699999999857e+01 1.000000000000000000e+00 2.425761400000000023e+01 4.041099000000000253e-04 7.543165199999999970e+01 8.253876999999999953e+01 9.200104000000000639e-13 3.985858000000000109e-03 -3.570174000000000015e-05 -8.169403999999999968e-10
2.781538000000000110e+01 9.999980000000000535e-01 2.217374600000000129e+01 3.961551000000000113e-04 7.282846999999999582e+01 7.860835699999999804e+01 8.615591999999999585e-13 3.887629999999999992e-03 -1.145906999999999937e-04 -2.634452999999999857e-09
2.644322000000000017e+01 9.999930000000000208e-01 2.028222200000000086e+01 3.886698999999999970e-04 7.011814300000000344e+01 7.486510499999999979e+01 9.268689000000000392e-13 4.355471999999999989e-03 -3.524331999999999921e-04 -8.163109000000000043e-09
2.513640200000000036e+01 9.999780000000000335e-01 1.856661599999999979e+01 3.816323000000000154e-04 6.717311399999999821e+01 7.130010500000000206e+01 1.263747999999999999e-12 6.184458000000000316e-03 -1.026166999999999921e-03 -2.393315000000000146e-08
2.389181299999999908e+01 9.999369999999999647e-01 1.701244900000000015e+01 3.750412999999999967e-04 6.371232599999999735e+01 6.790486699999999587e+01 2.190179999999999862e-12 1.116192000000000052e-02 -2.786297999999999987e-03 -6.539730000000000287e-08
2.270648999999999873e+01 9.998310000000000253e-01 1.560781399999999941e+01 3.689338999999999813e-04 5.930775700000000228e+01 6.467130400000000634e+01 4.234322999999999789e-12 2.247429000000000093e-02 -7.045873999999999714e-03 -1.661937000000000094e-07
2.157760999999999996e+01 9.995840000000000281e-01 1.434453399999999945e+01 3.634172000000000075e-04 5.344597900000000124e+01 6.159172000000000224e+01 8.304023000000000512e-12 4.590633999999999687e-02 -1.672252000000000113e-02 -3.961352000000000041e-07
2.050248699999999857e+01 9.990449999999999608e-01 1.321960100000000082e+01 3.587107000000000078e-04 4.600375600000000276e+01 5.865878500000000173e+01 1.568982999999999839e-11 9.036982999999999822e-02 -3.697856000000000060e-02 -8.785441000000000272e-07
1.947855900000000062e+01 9.979449999999999710e-01 1.223767299999999913e+01 3.552181000000000067e-04 3.734660800000000336e+01 5.586551000000000045e+01 2.894617000000000004e-11 1.737951000000000079e-01 -7.693574000000000246e-02 -1.831875999999999959e-06
1.850339100000000059e+01 9.958369999999999722e-01 1.141406100000000023e+01 3.536160000000000106e-04 2.941755699999999862e+01 5.320525099999999696e+01 4.924905999999999816e-11 3.086091999999999724e-01 -1.513812999999999964e-01 -3.608611999999999967e-06
1.757465900000000047e+01 9.920189999999999841e-01 1.077753000000000050e+01 3.549455000000000188e-04 2.309826999999999941e+01 5.067167100000000346e+01 7.921811999999999930e-11 5.191495000000000415e-01 -2.822080000000000144e-01 -6.727520000000000091e-06
1.669015299999999868e+01 9.854559999999999986e-01 1.037324300000000044e+01 3.607058000000000117e-04 1.862472500000000153e+01 4.825873800000000102e+01 1.219371000000000007e-10 8.385458000000000078e-01 -5.003617000000000203e-01 -1.190912000000000059e-05
1.584776500000000077e+01 9.746979999999999533e-01 1.027045599999999936e+01 3.730507000000000094e-04 1.590788500000000028e+01 4.596070300000000231e+01 1.769760000000000101e-10 1.283716000000000079e+00 -8.535030999999999590e-01 -2.023699999999999954e-05
1.504548999999999914e+01 9.578219999999999512e-01 1.056221000000000032e+01 3.947673000000000176e-04 1.454466799999999971e+01 4.377209700000000225e+01 2.448757000000000108e-10 1.886198000000000041e+00 -1.400168000000000079e+00 -3.296249000000000092e-05
1.428142000000000067e+01 9.323869999999999658e-01 1.137781999999999982e+01 4.294879000000000253e-04 1.430815300000000079e+01 4.168771300000000224e+01 3.246448999999999880e-10 2.675612999999999797e+00 -2.227132999999999807e+00 -5.182469999999999866e-05
1.355373400000000039e+01 8.954400000000000137e-01 1.289793799999999990e+01 4.818795000000000066e-04 1.498331100000000049e+01 3.970258599999999660e+01 4.448164999999999911e-10 3.948374999999999968e+00 -3.459700000000000220e+00 -7.911826000000000167e-05
1.286069999999999958e+01 8.435479999999999645e-01 1.537424599999999941e+01 5.579663000000000114e-04 1.698161899999999847e+01 3.781198899999999696e+01 5.492474000000000404e-10 5.279122000000000092e+00 -5.278224999999999945e+00 -1.179883000000000033e-04
1.220066699999999926e+01 7.728899999999999659e-01 1.912922100000000114e+01 6.651739000000000046e-04 2.030689399999999978e+01 3.601142099999999857e+01 6.597543000000000489e-10 6.879127000000000436e+00 -7.903351999999999933e+00 -1.721787999999999921e-04
1.157206399999999924e+01 6.793660000000000254e-01 2.467444300000000013e+01 8.139075999999999863e-04 2.535310399999999831e+01 3.429659199999999686e+01 7.621090999999999899e-10 8.613861999999999242e+00 -1.179282000000000075e+01 -2.485574000000000268e-04
1.097339500000000001e+01 5.587530000000000552e-01 3.279995300000000213e+01 1.018384999999999907e-03 3.269700699999999927e+01 3.266342300000000165e+01 8.553273000000000517e-10 1.045262999999999920e+01 -1.767058000000000106e+01 -3.565908000000000012e-04
1.040323399999999943e+01 4.068609999999999727e-01 4.478758700000000204e+01 1.300039999999999920e-03 4.323857799999999685e+01 3.110802400000000034e+01 9.336469000000000218e-10 1.229357000000000077e+01 -2.681698000000000093e+01 -5.133479000000000254e-04
9.860224000000000544e+00 2.196919999999999984e-01 6.260531699999999944e+01 1.692860000000000024e-03 5.853856300000000346e+01 2.962668999999999997e+01 1.106969000000000047e-09 1.564236999999999966e+01 -4.119856000000000051e+01 -7.488339999999999797e-04
9.343071000000000126e+00 0.000000000000000000e+00 9.094620199999999954e+01 2.268408999999999877e-03 8.103655299999999784e+01 2.821589799999999926e+01 1.157776999999999982e-09 1.750368999999999886e+01 -6.722168000000000632e+01 -1.147046000000000090e-03
8.850543999999999301e+00 0.000000000000000000e+00 1.298859480000000133e+02 3.001675000000000090e-03 1.088943900000000014e+02 2.687228400000000050e+01 1.184661000000000031e-09 1.906655999999999906e+01 -9.817037999999999442e+01 -1.536004000000000102e-03
8.381470999999999449e+00 0.000000000000000000e+00 1.736983960000000025e+02 3.789754000000000213e-03 1.365430130000000020e+02 2.559265200000000107e+01 1.195452000000000061e-09 2.038551999999999964e+01 -1.222650000000000006e+02 -1.744382000000000051e-03
7.934733999999999732e+00 0.000000000000000000e+00 2.209054449999999861e+02 4.605418000000000012e-03 1.619301890000000128e+02 2.437395499999999871e+01 1.178002999999999990e-09 2.122478999999999871e+01 -1.464510999999999967e+02 -1.908853999999999976e-03
7.509272000000000169e+00 0.000000000000000000e+00 2.705861259999999788e+02 5.435373000000000288e-03 1.838949289999999905e+02 2.321329300000000018e+01 1.140226999999999975e-09 2.167001000000000133e+01 -1.715411000000000001e+02 -2.053166999999999839e-03
7.104068999999999967e+00 0.000000000000000000e+00 3.204533599999999751e+02 6.270849999999999688e-03 2.010253620000000012e+02 2.210790000000000077e+01 1.087118999999999956e-09 2.176736000000000004e+01 -1.939249000000000080e+02 -2.183951999999999855e-03
6.718161000000000271e+00 0.000000000000000000e+00 3.690702699999999936e+02 7.101104999999999917e-03 2.127257009999999866e+02 2.105514300000000105e+01 1.021670999999999956e-09 2.153532999999999831e+01 -2.146279999999999859e+02 -2.293350999999999897e-03
6.350629999999999775e+00 0.000000000000000000e+00 4.154574929999999995e+02 7.915412000000000142e-03 2.189800309999999968e+02 2.005251799999999918e+01 9.478490999999999089e-10 2.102070000000000149e+01 -2.341132000000000062e+02 -2.377278999999999937e-03
6.000600000000000378e+00 0.000000000000000000e+00 4.586362889999999766e+02 8.704520999999999786e-03 2.207325549999999907e+02 1.909763799999999989e+01 8.746404000000000147e-10 2.039986999999999995e+01 -2.518303999999999974e+02 -2.435347999999999940e-03
