3.402526900000000154e+01 1.000000000000000000e+00 8.570850299999999322e+01 2.527872000000000018e-03 9.306456799999999419e+01 9.554893300000000522e+01 2.175874999999999995e-11 9.213512999999999564e-02 -2.314414000000000030e-05 -3.460302999999999853e-10
3.235739900000000091e+01 1.000000000000000000e+00 8.094612899999999911e+01 2.347478000000000065e-03 8.872072599999999909e+01 9.099898399999999299e+01 1.766496000000000069e-11 7.841984000000000454e-02 -7.184685999999999536e-05 -1.082488999999999942e-09
3.076895299999999978e+01 1.000000000000000000e+00 7.652157800000000520e+01 2.197964000000000168e-03 8.459221999999999753e+01 8.666570500000000266e+01 1.483780000000000045e-11 6.906152999999999598e-02 -2.296041999999999929e-04 -3.417296000000000149e-09
2.925614699999999857e+01 9.999989999999999712e-01 7.240183799999999792e+01 2.072046000000000131e-03 8.067348300000000449e+01 8.253876999999999953e+01 1.254032000000000003e-11 6.120166999999999968e-02 -7.335262000000000379e-04 -1.099949000000000045e-08
2.781538000000000110e+01 9.999970000000000248e-01 6.855935100000000659e+01 1.964618000000000007e-03 7.694111300000000142e+01 7.860835699999999804e+01 1.085962999999999984e-11 5.557891999999999694e-02 -2.323088999999999970e-03 -3.558998999999999985e-08
2.644322000000000017e+01 9.999900000000000455e-01 6.497256899999999291e+01 1.872020999999999971e-03 7.336314699999999789e+01 7.486510499999999979e+01 1.012561999999999982e-11 5.435370999999999952e-02 -7.027916999999999845e-03 -1.107903999999999966e-07
2.513640200000000036e+01 9.999670000000000503e-01 6.162878700000000265e+01 1.791650000000000100e-03 6.988832700000000386e+01 7.130010500000000206e+01 1.114857999999999933e-11 6.278472999999999693e-02 -2.019127000000000074e-02 -3.259499999999999773e-07
2.389181299999999908e+01 9.999050000000000438e-01 5.853029999999999688e+01 1.721793000000000108e-03 6.642895799999999440e+01 6.790486699999999587e+01 1.571952999999999855e-11 9.288928999999999936e-02 -5.425172000000000327e-02 -8.933754999999999518e-07
2.270648999999999873e+01 9.997470000000000523e-01 5.570656499999999767e+01 1.661682999999999953e-03 6.288884000000000185e+01 6.467130400000000634e+01 2.683948000000000147e-11 1.664280999999999955e-01 -1.361834000000000100e-01 -2.275383999999999830e-06
2.157760999999999996e+01 9.993750000000000133e-01 5.323642499999999700e+01 1.611821999999999951e-03 5.923814399999999836e+01 6.159172000000000224e+01 4.968911000000000172e-11 3.233967999999999843e-01 -3.214507999999999810e-01 -5.431431000000000006e-06
2.050248699999999857e+01 9.985650000000000359e-01 5.127575399999999917e+01 1.574466999999999967e-03 5.570199099999999959e+01 5.865878500000000173e+01 9.164165000000000221e-11 6.263802000000000536e-01 -7.086126000000000369e-01 -1.205870000000000027e-05
1.947855900000000062e+01 9.969130000000000491e-01 5.010549900000000179e+01 1.554554000000000092e-03 5.277940900000000113e+01 5.586551000000000045e+01 1.673014999999999935e-10 1.202063000000000104e+00 -1.472464999999999913e+00 -2.516399000000000096e-05
1.850339100000000059e+01 9.937470000000000470e-01 5.019314700000000329e+01 1.560863000000000007e-03 5.131595899999999943e+01 5.320525099999999696e+01 2.833996999999999804e-10 2.144283000000000161e+00 -2.900492999999999988e+00 -4.960011000000000037e-05
1.757465900000000047e+01 9.880139999999999478e-01 5.226033600000000234e+01 1.607230999999999981e-03 5.204482399999999842e+01 5.067167100000000346e+01 4.549151999999999864e-10 3.633694000000000202e+00 -5.428932999999999787e+00 -9.250164000000000498e-05
1.669015299999999868e+01 9.781560000000000255e-01 5.738324300000000022e+01 1.713836000000000049e-03 5.588864900000000091e+01 4.825873800000000102e+01 6.994770999999999523e-10 5.916239000000000026e+00 -9.710743000000000791e+00 -1.638463999999999904e-04
1.584776500000000077e+01 9.619959999999999622e-01 6.722552399999999295e+01 1.909805000000000096e-03 6.417381199999999808e+01 4.596070300000000231e+01 1.014649000000000101e-09 9.115617999999999554e+00 -1.681702999999999903e+01 -2.785643999999999989e-04
1.504548999999999914e+01 9.366349999999999953e-01 8.419979899999999873e+01 2.232875999999999958e-03 7.881525399999999593e+01 4.377209700000000225e+01 1.403508999999999935e-09 1.342237000000000080e+01 -2.826067000000000107e+01 -4.539324000000000180e-04
1.428142000000000067e+01 8.983940000000000259e-01 1.119870159999999970e+02 2.732571999999999952e-03 1.026516519999999986e+02 4.168771300000000224e+01 1.860385999999999990e-09 1.895235999999999876e+01 -4.657876999999999867e+01 -7.143667999999999720e-04
1.355373400000000039e+01 8.427970000000000184e-01 1.561611519999999871e+02 3.473200000000000072e-03 1.405625119999999981e+02 3.970258599999999660e+01 2.548316000000000116e-09 2.762816000000000116e+01 -7.581341999999999359e+01 -1.092628000000000002e-03
1.286069999999999958e+01 7.646180000000000199e-01 2.253772339999999872e+02 4.536545999999999808e-03 1.972307370000000049e+02 3.781198899999999696e+01 3.146432999999999985e-09 3.624423999999999779e+01 -1.227784000000000049e+02 -1.630932000000000085e-03
1.220066699999999926e+01 6.579730000000000301e-01 3.336949420000000259e+02 6.031057999999999732e-03 2.816165570000000002e+02 3.601142099999999857e+01 3.779394000000000153e-09 4.615811999999999671e+01 -1.996046000000000049e+02 -2.392298000000000167e-03
1.157206399999999924e+01 5.164530000000000509e-01 5.026982499999999732e+02 8.124136000000000551e-03 4.032028460000000223e+02 3.429659199999999686e+01 4.366105999999999895e-09 5.641801000000000244e+01 -3.250475999999999885e+02 -3.501554999999999945e-03
1.097339500000000001e+01 3.332519999999999927e-01 7.721533230000000003e+02 1.107508999999999924e-02 5.758345030000000406e+02 3.266342300000000165e+01 4.901163000000000190e-09 6.688960000000000150e+01 -5.406663999999999533e+02 -5.162110999999999610e-03
1.040323399999999943e+01 1.012429999999999997e-01 1.215654524000000038e+03 1.528655999999999938e-02 8.142408480000000282e+02 3.110802400000000034e+01 5.351851999999999687e-09 7.703641000000000361e+01 -9.273206000000000131e+02 -7.704149999999999887e-03
9.860224000000000544e+00 0.000000000000000000e+00 1.939578451999999970e+03 2.131912999999999864e-02 1.163945559999999887e+03 2.962668999999999997e+01 6.346154999999999992e-09 9.622951000000000477e+01 -1.587598999999999933e+03 -1.154475999999999940e-02
9.343071000000000126e+00 0.000000000000000000e+00 2.933331232000000000e+03 2.845129000000000061e-02 1.492536276999999927e+03 2.821589799999999926e+01 6.633430999999999817e-09 1.058375999999999948e+02 -2.358579000000000178e+03 -1.439155999999999942e-02
8.850543999999999301e+00 0.000000000000000000e+00 4.052741666999999779e+03 3.566313000000000122e-02 1.757386739000000034e+03 2.687228400000000050e+01 6.781082000000000138e-09 1.137483000000000004e+02 -2.977195999999999913e+03 -1.542629000000000049e-02
8.381470999999999449e+00 0.000000000000000000e+00 5.268177182000000357e+03 4.282586000000000032e-02 1.962243635999999924e+03 2.559265200000000107e+01 6.839755000000000024e-09 1.205715000000000003e+02 -3.623519999999999982e+03 -1.622811999999999866e-02
7.934733999999999732e+00 0.000000000000000000e+00 6.556324803000000429e+03 4.977953000000000239e-02 2.094901976999999988e+03 2.437395499999999871e+01 6.737651000000000105e-09 1.247853000000000065e+02 -4.301118999999999687e+03 -1.668458000000000094e-02
7.509272000000000169e+00 0.000000000000000000e+00 7.858653830000000198e+03 5.651993000000000295e-02 2.159790578999999980e+03 2.321329300000000018e+01 6.520129000000000408e-09 1.268500999999999976e+02 -4.920631999999999607e+03 -1.710340000000000124e-02
7.104068999999999967e+00 0.000000000000000000e+00 9.103332730000000083e+03 6.312871000000000454e-02 2.163956830999999966e+03 2.210790000000000077e+01 6.215622000000000314e-09 1.270133000000000010e+02 -5.419250000000000000e+03 -1.770067999999999989e-02
6.718161000000000271e+00 0.000000000000000000e+00 1.026763756599999942e+04 6.950995999999999564e-02 2.117364872000000105e+03 2.105514300000000105e+01 5.840739000000000338e-09 1.253515000000000015e+02 -5.876261999999999716e+03 -1.805469999999999992e-02
6.350629999999999775e+00 0.000000000000000000e+00 1.133205209900000045e+04 7.558636000000000521e-02 2.031081709000000046e+03 2.005251799999999918e+01 5.418162999999999956e-09 1.221201999999999970e+02 -6.283649999999999636e+03 -1.817445999999999992e-02
6.000600000000000378e+00 0.000000000000000000e+00 1.227901337299999977e+04 8.130149000000000403e-02 1.925421286000000009e+03 1.909763799999999989e+01 4.999250000000000081e-09 1.183306000000000040e+02 -6.631654999999999745e+03 -1.808304000000000161e-02
