3.402526900000000154e+01 1.000000000000000000e+00 2.491326899999999966e+01 2.141842999999999883e-04 2.491340800000000044e+01 9.554893300000000522e+01 1.293916000000000000e+10 4.783828000000000000e+19 0.000000000000000000e+00 0.000000000000000000e+00
3.235739900000000091e+01 1.000000000000000000e+00 2.250837299999999885e+01 2.114383999999999914e-04 8.172665800000000047e+01 9.099898399999999299e+01 1.919150999999999855e-15 7.385534999999999754e-06 -9.385397000000000089e-06 -2.467682999999999925e-10
3.076895299999999978e+01 1.000000000000000000e+00 2.033012099999999833e+01 2.087972000000000005e-04 7.941562700000000063e+01 8.666570500000000266e+01 2.243071000000000196e-15 9.178718999999999355e-06 -3.315399000000000069e-05 -7.440896000000000399e-10
2.925614699999999857e+01 1.000000000000000000e+00 1.835799499999999895e+01 2.062565999999999998e-04 7.699071999999999605e+01 8.253876999999999953e+01 3.493550000000000138e-15 1.521589000000000044e-05 -1.086948000000000016e-04 -2.282276999999999976e-09
2.781538000000000110e+01 1.000000000000000000e+00 1.657340299999999900e+01 2.038161999999999884e-04 7.445105100000000675e+01 7.860835699999999804e+01 7.545732000000000080e-15 3.431724000000000010e-05 -3.580071000000000100e-04 -7.421943999999999739e-09
2.644322000000000017e+01 1.000000000000000000e+00 1.495981500000000075e+01 2.014866000000000031e-04 7.180494500000000357e+01 7.486510499999999979e+01 1.975042999999999935e-14 9.219643999999999984e-05 -1.142329000000000087e-03 -2.458715999999999846e-08
2.513640200000000036e+01 9.999980000000000535e-01 1.350350599999999979e+01 1.993112999999999970e-04 6.905773800000000051e+01 7.130010500000000206e+01 5.483615000000000182e-14 2.626489000000000189e-04 -3.589661999999999974e-03 -8.077167999999999419e-08
2.389181299999999908e+01 9.999940000000000495e-01 1.219542099999999962e+01 1.974207000000000121e-04 6.618699800000000266e+01 6.790486699999999587e+01 1.490947000000000109e-13 7.345042999999999668e-04 -1.076099999999999973e-02 -2.522333999999999748e-07
2.270648999999999873e+01 9.999810000000000088e-01 1.103589900000000057e+01 1.961565999999999982e-04 6.311576199999999659e+01 6.467130400000000634e+01 3.781974000000000077e-13 1.923374000000000047e-03 -3.064112999999999906e-02 -7.368581000000000382e-07
2.157760999999999996e+01 9.999460000000000015e-01 1.004447799999999980e+01 1.963434000000000013e-04 5.965905200000000264e+01 6.159172000000000224e+01 8.938055000000000329e-13 4.705832000000000070e-03 -8.223993000000000275e-02 -2.014437999999999923e-06
2.050248699999999857e+01 9.998569999999999958e-01 9.277853000000000350e+00 1.997474000000000114e-04 5.552533999999999992e+01 5.865878500000000173e+01 1.956822999999999850e-12 1.070934999999999943e-02 -2.066031000000000117e-01 -5.091549000000000166e-06
1.947855900000000062e+01 9.996509999999999563e-01 8.862092000000000525e+00 2.099156999999999933e-04 5.036443700000000234e+01 5.586551000000000045e+01 4.053315999999999649e-12 2.320561999999999972e-02 -4.876269999999999771e-01 -1.200020999999999975e-05
1.850339100000000059e+01 9.992050000000000098e-01 9.048275000000000290e+00 2.334457000000000068e-04 4.446375900000000314e+01 5.320525099999999696e+01 7.731500000000000327e-12 4.689110999999999974e-02 -1.089058999999999999e+00 -2.648525999999999924e-05
1.757465900000000047e+01 9.983020000000000227e-01 1.029015300000000011e+01 2.815817999999999880e-04 3.884727699999999828e+01 5.067167100000000346e+01 1.381405999999999981e-11 9.036979000000000539e-02 -2.302430999999999894e+00 -5.475647000000000126e-05
1.669015299999999868e+01 9.965789999999999926e-01 1.336571700000000007e+01 3.724417999999999956e-04 3.502006899999999945e+01 4.825873800000000102e+01 2.343539999999999928e-11 1.684544000000000041e-01 -4.633610000000000007e+00 -1.067589000000000054e-04
1.584776500000000077e+01 9.934730000000000505e-01 1.957827299999999937e+01 5.333862000000000195e-04 3.435467299999999824e+01 4.596070300000000231e+01 3.725185000000000227e-11 2.973343999999999987e-01 -8.959065999999999974e+00 -1.971840999999999948e-04
1.504548999999999914e+01 9.881520000000000303e-01 3.104361600000000010e+01 8.025788000000000279e-04 3.729077300000000150e+01 4.377209700000000225e+01 5.608340999999999922e-11 4.962615000000000220e-01 -1.674041000000000068e+01 -3.454806999999999735e-04
1.428142000000000067e+01 9.794519999999999893e-01 5.108032599999999945e+01 1.232477000000000052e-03 4.392613899999999916e+01 4.168771300000000224e+01 8.045258999999999980e-11 7.816330000000000222e-01 -3.032706999999999908e+01 -5.792704000000000299e-04
1.355373400000000039e+01 9.658269999999999911e-01 8.464247899999999447e+01 1.887765999999999923e-03 5.464094000000000051e+01 3.970258599999999660e+01 1.165082999999999946e-10 1.228264999999999940e+00 -5.326353000000000293e+01 -9.283988999999999653e-04
1.286069999999999958e+01 9.453070000000000084e-01 1.388734080000000120e+02 2.848713000000000113e-03 6.905932799999999361e+01 3.781198899999999696e+01 1.539922000000000062e-10 1.744958999999999927e+00 -9.078712000000000160e+01 -1.432530999999999909e-03
1.220066699999999926e+01 9.154930000000000012e-01 2.243580330000000060e+02 4.198440999999999805e-03 8.711260199999999543e+01 3.601142099999999857e+01 1.969541999999999970e-10 2.381691000000000003e+00 -1.513345999999999947e+02 -2.118562999999999957e-03
1.157206399999999924e+01 8.735640000000000072e-01 3.573736450000000104e+02 6.041153999999999968e-03 1.078499620000000050e+02 3.429659199999999686e+01 2.413137000000000080e-10 3.098847000000000129e+00 -2.490660000000000025e+02 -3.044840999999999954e-03
1.097339500000000001e+01 8.163289999999999713e-01 5.584640289999999823e+02 8.487737999999999880e-03 1.301927180000000135e+02 3.266342300000000165e+01 2.861204000000000142e-10 3.888297000000000114e+00 -3.994320999999999913e+02 -4.254517000000000194e-03
1.040323399999999943e+01 7.402769999999999628e-01 8.550876279999999952e+02 1.167113999999999999e-02 1.525418369999999868e+02 3.110802400000000034e+01 3.288114999999999869e-10 4.717451999999999757e+00 -6.261811999999999898e+02 -5.822759000000000268e-03
9.860224000000000544e+00 6.416579999999999506e-01 1.286555024999999887e+03 1.575518999999999878e-02 1.852589580000000069e+02 2.962668999999999997e+01 4.024179999999999746e-10 6.085359999999999658e+00 -9.680084000000000515e+02 -7.851983999999999353e-03
9.343071000000000126e+00 5.165419999999999456e-01 1.901805393999999978e+03 2.096533000000000077e-02 2.066198990000000038e+02 2.821589799999999926e+01 4.407902999999999766e-10 7.018054000000000237e+00 -1.469375999999999976e+03 -1.051963000000000030e-02
8.850543999999999301e+00 3.608430000000000248e-01 2.793830891999999949e+03 2.754788000000000028e-02 2.243320209999999975e+02 2.687228400000000050e+01 4.711936000000000137e-10 7.893069999999999808e+00 -2.255344999999999800e+03 -1.395136999999999940e-02
8.381470999999999449e+00 1.703359999999999874e-01 4.088131974999999784e+03 3.578401999999999972e-02 2.387537210000000130e+02 2.559265200000000107e+01 4.956131999999999941e-10 8.730257999999999186e+00 -3.462291999999999916e+03 -1.831313000000000038e-02
7.934733999999999732e+00 0.000000000000000000e+00 5.997223173000000315e+03 4.611562000000000300e-02 2.473646950000000118e+02 2.437395499999999871e+01 5.081875000000000093e-10 9.409924000000000177e+00 -5.385574999999999818e+03 -2.407609999999999958e-02
7.509272000000000169e+00 0.000000000000000000e+00 8.269120740000000296e+03 5.666970999999999814e-02 2.477409240000000068e+02 2.321329300000000018e+01 5.051017999999999980e-10 9.827642000000000877e+00 -7.078780999999999949e+03 -2.597491000000000036e-02
7.104068999999999967e+00 0.000000000000000000e+00 1.056995551800000067e+04 6.696185999999999805e-02 2.430517800000000079e+02 2.210790000000000077e+01 4.931909000000000076e-10 1.008038999999999952e+01 -8.217271000000000640e+03 -2.676492000000000107e-02
6.718161000000000271e+00 0.000000000000000000e+00 1.282228431699999965e+04 7.694180000000000463e-02 2.345979590000000030e+02 2.105514300000000105e+01 4.742452000000000117e-10 1.018107000000000006e+01 -9.262315000000000509e+03 -2.741330999999999976e-02
6.350629999999999775e+00 0.000000000000000000e+00 1.498650110300000051e+04 8.644504000000000077e-02 2.231799560000000042e+02 2.005251799999999918e+01 4.494900000000000163e-10 1.013447000000000031e+01 -1.026246999999999935e+04 -2.758678999999999992e-02
6.000600000000000378e+00 0.000000000000000000e+00 1.702143085499999870e+04 9.535540000000000682e-02 2.108005499999999870e+02 1.909763799999999989e+01 4.231493000000000165e-10 1.001937000000000033e+01 -1.118503000000000065e+04 -2.734668000000000168e-02
