3.402526900000000154e+01 1.000000000000000000e+00 2.528416899999999856e+01 2.257197000000000066e-04 2.528430399999999878e+01 9.554893300000000522e+01 1.293916000000000000e+10 4.794926000000000000e+19 0.000000000000000000e+00 0.000000000000000000e+00
3.235739900000000091e+01 1.000000000000000000e+00 2.286229000000000156e+01 2.226965999999999982e-04 8.160360300000000677e+01 9.099898399999999299e+01 7.601665999999999620e-14 2.926690999999999928e-04 -9.502879999999999924e-08 -2.465853000000000156e-12
3.076895299999999978e+01 1.000000000000000000e+00 2.066826999999999970e+01 2.197927999999999872e-04 7.928230499999999381e+01 8.666570500000000266e+01 6.734369999999999657e-14 2.693013999999999760e-04 -2.895295000000000119e-07 -7.538819000000000615e-12
2.925614699999999857e+01 1.000000000000000000e+00 1.868151599999999846e+01 2.170015999999999926e-04 7.685418400000000361e+01 8.253876999999999953e+01 6.033554000000000617e-14 2.504318999999999968e-04 -8.958541999999999540e-07 -2.334575000000000117e-11
2.781538000000000110e+01 1.000000000000000000e+00 1.688318599999999847e+01 2.143171000000000084e-04 7.431806500000000426e+01 7.860835699999999804e+01 5.628222999999999711e-14 2.422668999999999962e-04 -2.922605000000000117e-06 -7.623920999999999620e-11
2.644322000000000017e+01 1.000000000000000000e+00 1.525605900000000048e+01 2.117339999999999891e-04 7.168187100000000100e+01 7.486510499999999979e+01 5.935309000000000615e-14 2.647503999999999851e-04 -9.633163999999999372e-06 -2.517843999999999893e-10
2.513640200000000036e+01 9.999989999999999712e-01 1.378441499999999920e+01 2.092476000000000123e-04 6.895313699999999812e+01 7.130010500000000206e+01 8.140244999999999965e-14 3.762090999999999959e-04 -3.141118000000000035e-05 -8.232737999999999617e-10
2.389181299999999908e+01 9.999949999999999672e-01 1.245393400000000028e+01 2.068546000000000100e-04 6.611578199999999583e+01 6.790486699999999587e+01 1.528993000000000097e-13 7.324700000000000395e-04 -9.727978000000000189e-05 -2.559022999999999839e-09
2.270648999999999873e+01 9.999850000000000128e-01 1.125163700000000055e+01 2.045542000000000074e-04 6.310555599999999998e+01 6.467130400000000634e+01 3.379363000000000067e-13 1.678192000000000008e-03 -2.824152000000000129e-04 -7.454405000000000171e-09
2.157760999999999996e+01 9.999569999999999848e-01 1.016587999999999958e+01 2.023507999999999871e-04 5.975601900000000199e+01 6.159172000000000224e+01 7.670806999999999992e-13 3.946515999999999740e-03 -7.677711000000000258e-04 -2.033573000000000087e-08
2.050248699999999857e+01 9.998860000000000525e-01 9.186415999999999471e+00 2.002584999999999869e-04 5.576386800000000221e+01 5.865878500000000173e+01 1.669301999999999908e-12 8.892976000000000353e-03 -1.934099000000000105e-03 -5.136161000000000168e-08
1.947855900000000062e+01 9.997209999999999708e-01 8.304593999999999809e+00 1.983099000000000103e-04 5.062730499999999978e+01 5.586551000000000045e+01 3.483346999999999980e-12 1.920519000000000046e-02 -4.546996999999999671e-03 -1.210492999999999906e-07
1.850339100000000059e+01 9.993640000000000301e-01 7.513715000000000366e+00 1.965687999999999941e-04 4.415773000000000081e+01 5.320525099999999696e+01 6.696745999999999827e-12 3.819677999999999962e-02 -1.002526999999999932e-02 -2.673914000000000103e-07
1.757465900000000047e+01 9.986410000000000009e-01 6.809472000000000413e+00 1.951470000000000071e-04 3.656564900000000051e+01 5.067167100000000346e+01 1.206960000000000019e-11 7.120074999999999321e-02 -2.072670999999999888e-02 -5.536823000000000504e-07
1.669015299999999868e+01 9.972630000000000106e-01 6.190655999999999715e+00 1.942285999999999991e-04 2.867047900000000027e+01 4.825873800000000102e+01 2.067129999999999897e-11 1.261309999999999931e-01 -4.050163999999999848e-02 -1.083195999999999954e-06
1.584776500000000077e+01 9.947789999999999688e-01 5.659775999999999918e+00 1.940943000000000095e-04 2.179713900000000137e+01 4.596070300000000231e+01 3.311352999999999815e-11 2.091442000000000023e-01 -7.500503999999999505e-02 -2.006813000000000144e-06
1.504548999999999914e+01 9.905249999999999888e-01 5.223730999999999902e+00 1.951473000000000010e-04 1.648330800000000096e+01 4.377209700000000225e+01 5.021865999999999758e-11 3.289320000000000022e-01 -1.322163000000000088e-01 -3.535915999999999910e-06
1.428142000000000067e+01 9.835720000000000018e-01 4.895223999999999798e+00 1.979592000000000070e-04 1.272565700000000000e+01 4.168771300000000224e+01 7.250445999999999780e-11 4.942883000000000138e-01 -2.239604000000000039e-01 -5.979016999999999679e-06
1.355373400000000039e+01 9.726900000000000546e-01 4.692217000000000304e+00 2.032600000000000021e-04 9.940825000000000244e+00 3.970258599999999660e+01 1.062233000000000012e-10 7.577412000000000036e-01 -3.642094000000000165e-01 -9.685085000000000463e-06
1.286069999999999958e+01 9.563199999999999479e-01 4.639731000000000272e+00 2.119850000000000109e-04 8.446367000000000402e+00 3.781198899999999696e+01 1.411794999999999931e-10 1.063258000000000036e+00 -5.726360000000000339e-01 -1.512787999999999991e-05
1.220066699999999926e+01 9.325719999999999565e-01 4.770737999999999701e+00 2.252850000000000089e-04 7.631846000000000352e+00 3.601142099999999857e+01 1.816676999999999950e-10 1.459896000000000083e+00 -8.745783999999999780e-01 -2.287420999999999931e-05
1.157206399999999924e+01 8.992529999999999690e-01 5.128593000000000401e+00 2.445702000000000119e-04 7.398711999999999733e+00 3.429659199999999686e+01 2.235837000000000083e-10 1.939098999999999906e+00 -1.304529999999999967e+00 -3.365053000000000120e-05
1.097339500000000001e+01 8.539149999999999796e-01 5.765353000000000172e+00 2.715091999999999788e-04 7.652944999999999887e+00 3.266342300000000165e+01 2.661143999999999801e-10 2.515010000000000190e+00 -1.901364999999999972e+00 -4.829758000000000185e-05
1.040323399999999943e+01 7.939289999999999958e-01 6.745194999999999830e+00 3.081285000000000230e-04 8.383003000000000426e+00 3.110802400000000034e+01 3.066819000000000057e-10 3.177668000000000159e+00 -2.717408999999999963e+00 -6.796072000000000278e-05
9.860224000000000544e+00 7.165850000000000275e-01 8.158281999999999812e+00 3.569186999999999815e-04 9.491542000000000812e+00 2.962668999999999997e+01 3.782853999999999746e-10 4.304286000000000278e+00 -3.841098999999999819e+00 -9.416446999999999394e-05
9.343071000000000126e+00 6.191910000000000469e-01 1.013490499999999983e+01 4.211112000000000145e-04 1.132827600000000068e+01 2.821589799999999926e+01 4.145968000000000091e-10 5.177291999999999561e+00 -5.408600999999999992e+00 -1.292079999999999867e-04
8.850543999999999301e+00 4.991829999999999878e-01 1.286418199999999956e+01 5.049861999999999797e-04 1.389319799999999994e+01 2.687228400000000050e+01 4.431041999999999948e-10 6.052743999999999680e+00 -7.626228000000000229e+00 -1.763951999999999946e-04
8.381470999999999449e+00 3.542270000000000141e-01 1.659682499999999905e+01 6.140463999999999558e-04 1.735368199999999916e+01 2.559265200000000107e+01 4.658303999999999551e-10 6.929001999999999661e+00 -1.075544999999999973e+01 -2.399500000000000049e-04
7.934733999999999732e+00 1.823049999999999948e-01 2.170839000000000141e+01 7.566492000000000400e-04 2.195849600000000024e+01 2.437395499999999871e+01 4.766504000000000273e-10 7.682962999999999987e+00 -1.525866000000000078e+01 -3.284461000000000130e-04
7.509272000000000169e+00 0.000000000000000000e+00 2.875525899999999879e+01 9.430498000000000049e-04 2.799580100000000016e+01 2.321329300000000018e+01 4.776971999999999497e-10 8.305016999999999427e+00 -2.184256999999999849e+01 -4.497443000000000165e-04
7.104068999999999967e+00 0.000000000000000000e+00 3.668859299999999735e+01 1.150224999999999945e-03 3.431136300000000006e+01 2.210790000000000077e+01 4.702449000000000333e-10 8.753389999999999560e+00 -2.697716000000000136e+01 -5.261247000000000146e-04
6.718161000000000271e+00 0.000000000000000000e+00 4.470190099999999944e+01 1.364498000000000013e-03 4.012890800000000269e+01 2.105514300000000105e+01 4.551378000000000142e-10 9.019470000000000098e+00 -3.075013999999999825e+01 -5.737608999999999635e-04
6.350629999999999775e+00 0.000000000000000000e+00 5.255838700000000330e+01 1.582896999999999993e-03 4.521845100000000173e+01 2.005251799999999918e+01 4.338714000000000037e-10 9.120366999999999891e+00 -3.424983999999999895e+01 -6.166983000000000447e-04
6.000600000000000378e+00 0.000000000000000000e+00 6.011045599999999922e+01 1.802346999999999934e-03 4.949554799999999943e+01 1.909763799999999989e+01 4.105752999999999936e-10 9.133141999999999427e+00 -3.760313000000000017e+01 -6.535644999999999866e-04
