3.402526900000000154e+01 1.000000000000000000e+00 8.570848800000000267e+01 2.527872000000000018e-03 9.306439199999999801e+01 9.554893300000000522e+01 2.176489999999999907e-11 9.216093000000000202e-02 -7.156770000000000259e-06 -1.073390000000000054e-10
3.235739900000000091e+01 1.000000000000000000e+00 8.094603299999999990e+01 2.347477000000000157e-03 8.872002200000000016e+01 9.099898399999999299e+01 1.768502999999999942e-11 7.850759999999999683e-02 -2.242798999999999870e-05 -3.444141999999999975e-10
3.076895299999999978e+01 9.999980000000000535e-01 7.652123899999999423e+01 2.197959000000000197e-03 8.458996399999999483e+01 8.666570500000000266e+01 1.489463999999999963e-11 6.932209000000000287e-02 -6.838675000000000385e-05 -1.081746000000000082e-09
2.925614699999999857e+01 9.999949999999999672e-01 7.240074199999999394e+01 2.072029999999999879e-03 8.066735400000000311e+01 8.253876999999999953e+01 1.267826999999999986e-11 6.186561000000000143e-02 -2.019141999999999920e-04 -3.262623000000000180e-09
2.781538000000000110e+01 9.999829999999999552e-01 6.855588400000000604e+01 1.964566000000000055e-03 7.692723800000000267e+01 7.860835699999999804e+01 1.113369999999999970e-11 5.696135000000000087e-02 -5.675653000000000122e-04 -9.329041000000000190e-09
2.644322000000000017e+01 9.999519999999999520e-01 6.496203400000000272e+01 1.871856000000000084e-03 7.333765300000000309e+01 7.486510499999999979e+01 1.054365999999999952e-11 5.655643999999999949e-02 -1.494682999999999906e-03 -2.493323999999999940e-08
2.513640200000000036e+01 9.998759999999999870e-01 6.159829899999999725e+01 1.791150999999999941e-03 6.985728799999999694e+01 7.130010500000000206e+01 1.140828999999999924e-11 6.416093000000000490e-02 -3.676224999999999979e-03 -6.212615999999999467e-08
2.389181299999999908e+01 9.997000000000000330e-01 5.844755599999999873e+01 1.720390000000000027e-03 6.642737800000000448e+01 6.790486699999999587e+01 1.467617999999999977e-11 8.654911999999999328e-02 -8.447100000000000788e-03 -1.443654000000000044e-07
2.270648999999999873e+01 9.993239999999999901e-01 5.549684700000000248e+01 1.658023999999999913e-03 6.299465599999999910e+01 6.467130400000000634e+01 2.147946000000000145e-11 1.328405000000000002e-01 -1.816780999999999952e-02 -3.136579000000000230e-07
2.157760999999999996e+01 9.985749999999999904e-01 5.273827899999999858e+01 1.602918000000000051e-03 5.951996599999999660e+01 6.159172000000000224e+01 3.348275000000000129e-11 2.171878999999999893e-01 -3.698213999999999668e-02 -6.440841999999999700e-07
2.050248699999999857e+01 9.971659999999999968e-01 5.016933900000000079e+01 1.554283000000000053e-03 5.602730100000000135e+01 5.865878500000000173e+01 5.242900999999999735e-11 3.567273999999999723e-01 -7.079278999999999433e-02 -1.242495000000000036e-06
1.947855900000000062e+01 9.946599999999999886e-01 4.779436499999999910e+01 1.511652000000000048e-03 5.252861399999999747e+01 5.586551000000000045e+01 8.347098999999999994e-11 5.958141999999999605e-01 -1.287666000000000088e-01 -2.275675000000000027e-06
1.850339100000000059e+01 9.904269999999999463e-01 4.562538899999999842e+01 1.474868000000000056e-03 4.930789099999999792e+01 5.320525099999999696e+01 1.235461000000000000e-10 9.252846000000000126e-01 -2.236030999999999991e-01 -3.975276000000000054e-06
1.757465900000000047e+01 9.836030000000000051e-01 4.368218300000000198e+01 1.444074999999999959e-03 4.643256199999999723e+01 5.067167100000000346e+01 1.752462999999999990e-10 1.377413999999999916e+00 -3.715188999999999853e-01 -6.638226999999999928e-06
1.669015299999999868e+01 9.730609999999999538e-01 4.199123399999999862e+01 1.419691999999999959e-03 4.396424900000000235e+01 4.825873800000000102e+01 2.402556999999999792e-10 1.982437000000000005e+00 -5.915399000000000074e-01 -1.061541999999999975e-05
1.584776500000000077e+01 9.574030000000000040e-01 4.059080999999999761e+01 1.402496999999999945e-03 4.196071500000000043e+01 4.596070300000000231e+01 3.137060999999999927e-10 2.718650999999999929e+00 -9.127986000000000155e-01 -1.643451000000000064e-05
1.504548999999999914e+01 9.349699999999999678e-01 3.952437599999999662e+01 1.393513000000000087e-03 4.042129899999999765e+01 4.377209700000000225e+01 3.937502000000000224e-10 3.586017000000000010e+00 -1.362894000000000050e+00 -2.458821000000000018e-05
1.428142000000000067e+01 9.038720000000000088e-01 3.885043199999999786e+01 1.394168000000000100e-03 3.936316300000000012e+01 4.168771300000000224e+01 4.770403000000000324e-10 4.569142000000000259e+00 -1.986626000000000003e+00 -3.586936000000000313e-05
1.355373400000000039e+01 8.620440000000000325e-01 3.863318600000000202e+01 1.406129000000000103e-03 3.879648799999999653e+01 3.970258599999999660e+01 6.103298000000000403e-10 6.153443000000000218e+00 -2.824943000000000204e+00 -5.097419999999999724e-05
1.286069999999999958e+01 8.073209999999999553e-01 3.896018500000000273e+01 1.431558000000000093e-03 3.882850899999999683e+01 3.781198899999999696e+01 6.974698000000000103e-10 7.409799999999999720e+00 -3.949139999999999873e+00 -7.108336999999999566e-05
1.220066699999999926e+01 7.375209999999999821e-01 3.994635699999999900e+01 1.473163999999999897e-03 3.950315799999999911e+01 3.601142099999999857e+01 7.794682000000000443e-10 8.735817000000000832e+00 -5.450256000000000434e+00 -9.764302000000000148e-05
1.157206399999999924e+01 6.505330000000000279e-01 4.176878299999999911e+01 1.534771000000000095e-03 4.094793599999999856e+01 3.429659199999999686e+01 8.426238000000000035e-10 9.974615000000000009e+00 -7.491427999999999976e+00 -1.332403000000000125e-04
1.097339500000000001e+01 5.444090000000000318e-01 4.467852299999999843e+01 1.621466999999999917e-03 4.334818099999999674e+01 3.266342300000000165e+01 8.894087999999999614e-10 1.113420999999999950e+01 -1.029271999999999920e+01 -1.811546999999999886e-04
1.040323399999999943e+01 4.174370000000000025e-01 4.902607600000000332e+01 1.739901000000000078e-03 4.694621699999999720e+01 3.110802400000000034e+01 9.173643999999999801e-10 1.215874999999999950e+01 -1.416699000000000019e+01 -2.457429000000000015e-04
9.860224000000000544e+00 2.682069999999999732e-01 5.542343000000000330e+01 1.900833999999999900e-03 5.247233500000000106e+01 2.962668999999999997e+01 1.044751999999999951e-09 1.467548999999999992e+01 -1.979549000000000092e+01 -3.367781000000000138e-04
9.343071000000000126e+00 9.565300000000000191e-02 6.468561599999999601e+01 2.117585999999999861e-03 5.994232199999999722e+01 2.821589799999999926e+01 1.040154999999999910e-09 1.549578999999999951e+01 -2.792420999999999864e+01 -4.628376000000000018e-04
8.850543999999999301e+00 0.000000000000000000e+00 7.784461500000000456e+01 2.405413999999999816e-03 7.000997300000000223e+01 2.687228400000000050e+01 1.017225999999999978e-09 1.607452999999999932e+01 -3.949613000000000085e+01 -6.326011999999999564e-04
8.381470999999999449e+00 0.000000000000000000e+00 9.231428200000000572e+01 2.722261000000000125e-03 8.026648000000000138e+01 2.559265200000000107e+01 9.844255999999999222e-10 1.646961999999999904e+01 -4.747890999999999906e+01 -7.297100999999999848e-04
7.934733999999999732e+00 0.000000000000000000e+00 1.063979159999999951e+02 3.042408999999999825e-03 8.916862500000000580e+01 2.437395499999999871e+01 9.335159000000000354e-10 1.650234000000000023e+01 -5.261923999999999779e+01 -7.776836000000000295e-04
7.509272000000000169e+00 0.000000000000000000e+00 1.198495819999999981e+02 3.361124999999999963e-03 9.648579800000000262e+01 2.321329300000000018e+01 8.721835999999999907e-10 1.626903000000000077e+01 -5.745671999999999713e+01 -8.172252999999999766e-04
7.104068999999999967e+00 0.000000000000000000e+00 1.324256080000000111e+02 3.674229000000000210e-03 1.020355849999999975e+02 2.210790000000000077e+01 8.048658999999999679e-10 1.582619000000000042e+01 -6.188577000000000083e+01 -8.479708000000000297e-04
6.718161000000000271e+00 0.000000000000000000e+00 1.438923629999999889e+02 3.978113999999999609e-03 1.056768280000000004e+02 2.105514300000000105e+01 7.340086000000000000e-10 1.520295999999999914e+01 -6.579688000000000159e+01 -8.697808999999999922e-04
6.350629999999999775e+00 0.000000000000000000e+00 1.540448370000000011e+02 4.269872000000000077e-03 1.073724420000000066e+02 2.005251799999999918e+01 6.623758999999999770e-10 1.444285999999999959e+01 -6.911679999999999779e+01 -8.830163000000000248e-04
6.000600000000000378e+00 0.000000000000000000e+00 1.627059079999999938e+02 4.547184000000000122e-03 1.073803719999999942e+02 1.909763799999999989e+01 5.957364000000000439e-10 1.366862000000000066e+01 -7.177382000000000062e+01 -8.880116999999999872e-04
