3.402526900000000154e+01 1.000000000000000000e+00 2.490358499999999964e+01 2.139869000000000027e-04 2.490372400000000042e+01 9.554893300000000522e+01 1.293916000000000000e+10 4.783535000000000000e+19 0.000000000000000000e+00 0.000000000000000000e+00
3.235739900000000091e+01 1.000000000000000000e+00 2.249925599999999903e+01 2.112453999999999883e-04 8.172937299999999539e+01 9.099898399999999299e+01 1.573753000000000035e-15 6.094728999999999597e-06 -9.383384000000000215e-06 -2.467713999999999984e-10
3.076895299999999978e+01 1.000000000000000000e+00 2.032152100000000061e+01 2.086085000000000001e-04 7.941758699999999749e+01 8.666570500000000266e+01 4.515575999999999836e-15 1.902390999999999994e-05 -3.315079000000000045e-05 -7.440954999999999561e-10
2.925614699999999857e+01 1.000000000000000000e+00 1.834986500000000120e+01 2.060718000000000012e-04 7.698783500000000402e+01 8.253876999999999953e+01 1.376314000000000063e-14 6.048685000000000178e-05 -1.086842999999999989e-04 -2.282294999999999924e-09
2.781538000000000110e+01 1.000000000000000000e+00 1.656570100000000068e+01 2.036351000000000046e-04 7.442667299999999386e+01 7.860835699999999804e+01 4.391574000000000074e-14 1.980209999999999935e-04 -3.579680000000000123e-04 -7.422006999999999969e-09
2.644322000000000017e+01 1.000000000000000000e+00 1.495250099999999982e+01 2.013089999999999932e-04 7.169814100000000678e+01 7.486510499999999979e+01 1.387625999999999928e-13 6.400291000000000010e-04 -1.142185999999999896e-03 -2.458738999999999899e-08
2.513640200000000036e+01 9.999980000000000535e-01 1.349653999999999954e+01 1.991371999999999880e-04 6.867499100000000567e+01 7.130010500000000206e+01 4.203489999999999995e-13 1.992747000000000008e-03 -3.589165999999999971e-03 -8.077243999999999823e-08
2.389181299999999908e+01 9.999940000000000495e-01 1.218876900000000063e+01 1.972497000000000031e-04 6.498206000000000415e+01 6.790486699999999587e+01 1.199436000000000101e-12 5.861144000000000423e-03 -1.075941000000000050e-02 -2.522357999999999987e-07
2.270648999999999873e+01 9.999810000000000088e-01 1.102952600000000061e+01 1.959886000000000093e-04 5.987800599999999918e+01 6.467130400000000634e+01 3.128140999999999807e-12 1.580055000000000001e-02 -3.063646999999999898e-02 -7.368651000000000196e-07
2.157760999999999996e+01 9.999460000000000015e-01 1.003834699999999991e+01 1.961782999999999984e-04 5.234600999999999971e+01 6.159172000000000224e+01 7.531892999999999439e-12 3.941523999999999722e-02 -8.222725999999999646e-02 -2.014456999999999812e-06
2.050248699999999857e+01 9.998569999999999958e-01 9.271921999999999997e+00 1.995850999999999875e-04 4.225622099999999648e+01 5.865878500000000173e+01 1.672984000000000134e-11 9.103092000000000128e-02 -2.065714999999999912e-01 -5.091596999999999796e-06
1.947855900000000062e+01 9.996509999999999563e-01 8.856306000000000012e+00 2.097559999999999887e-04 3.135217000000000098e+01 5.586551000000000045e+01 3.515279999999999699e-11 2.001026999999999945e-01 -4.875545000000000018e-01 -1.200032000000000067e-05
1.850339100000000059e+01 9.992050000000000098e-01 9.042562999999999462e+00 2.332885999999999944e-04 2.315159200000000084e+01 5.320525099999999696e+01 6.773127000000000448e-11 4.084467999999999988e-01 -1.088907000000000069e+00 -2.648548999999999839e-05
1.757465900000000047e+01 9.983020000000000227e-01 1.028445199999999993e+01 2.814275000000000088e-04 1.893446600000000046e+01 5.067167100000000346e+01 1.221229000000000075e-10 7.947077999999999642e-01 -2.302172000000000107e+00 -5.475689999999999746e-05
1.669015299999999868e+01 9.965789999999999926e-01 1.336004400000000025e+01 3.722905000000000094e-04 1.870009599999999850e+01 4.825873800000000102e+01 2.090798000000000042e-10 1.496609000000000078e+00 -4.633286000000000016e+00 -1.067596000000000002e-04
1.584776500000000077e+01 9.934730000000000505e-01 1.957253700000000052e+01 5.332381999999999660e-04 2.269939000000000107e+01 4.596070300000000231e+01 3.347584999999999768e-10 2.664581999999999784e+00 -8.958527999999999381e+00 -1.971852999999999974e-04
1.504548999999999914e+01 9.881520000000000303e-01 3.103774400000000000e+01 8.024347000000000034e-04 3.189088299999999876e+01 4.377209700000000225e+01 5.073774999999999883e-10 4.482447999999999766e+00 -1.673965000000000103e+01 -3.454824999999999910e-04
1.428142000000000067e+01 9.794519999999999893e-01 5.107426199999999739e+01 1.232337000000000016e-03 4.834559899999999999e+01 4.168771300000000224e+01 7.321158999999999864e-10 7.106721000000000288e+00 -3.032610999999999990e+01 -5.792729000000000151e-04
1.355373400000000039e+01 9.658269999999999911e-01 8.463617899999999850e+01 1.887631000000000074e-03 7.544469499999999584e+01 3.970258599999999660e+01 1.071400000000000043e-09 1.128989999999999938e+01 -5.326238000000000028e+01 -9.284022000000000064e-04
1.286069999999999958e+01 9.453070000000000084e-01 1.388667939999999987e+02 2.848583999999999925e-03 1.171276060000000001e+02 3.781198899999999696e+01 1.423215999999999938e-09 1.612324999999999875e+01 -9.078574000000000410e+01 -1.432534999999999972e-03
1.220066699999999926e+01 9.154930000000000012e-01 2.243509410000000059e+02 4.198318000000000362e-03 1.787916449999999884e+02 3.601142099999999857e+01 1.830273999999999960e-09 2.212997999999999976e+01 -1.513327999999999918e+02 -2.118568999999999834e-03
1.157206399999999924e+01 8.735640000000000072e-01 3.573659589999999753e+02 6.041038999999999784e-03 2.662933070000000271e+02 3.429659199999999686e+01 2.251560999999999934e-09 2.891167000000000087e+01 -2.490638999999999896e+02 -3.044849000000000080e-03
1.097339500000000001e+01 8.163289999999999713e-01 5.584559040000000323e+02 8.487629999999999481e-03 3.838908739999999966e+02 3.266342300000000165e+01 2.678819000000000156e-09 3.640319999999999823e+01 -3.994300000000000068e+02 -4.254525999999999794e-03
1.040323399999999943e+01 7.402769999999999628e-01 8.550790240000000040e+02 1.167104000000000058e-02 5.323960240000000113e+02 3.110802400000000034e+01 3.086285000000000163e-09 4.427821999999999747e+01 -6.261787000000000489e+02 -5.822769000000000209e-03
9.860224000000000544e+00 6.416579999999999506e-01 1.286546154999999999e+03 1.575508999999999937e-02 7.378934829999999465e+02 2.962668999999999997e+01 3.803986999999999677e-09 5.752349999999999852e+01 -9.680060999999999467e+02 -7.851993999999999294e-03
9.343071000000000126e+00 5.165419999999999456e-01 1.901796293999999989e+03 2.096523999999999957e-02 9.507383519999999635e+02 2.821589799999999926e+01 4.168816000000000052e-09 6.637385999999999342e+01 -1.469374000000000024e+03 -1.051964000000000024e-02
8.850543999999999301e+00 3.608430000000000248e-01 2.793821373000000222e+03 2.754780000000000076e-02 1.177825730000000021e+03 2.687228400000000050e+01 4.455419000000000411e-09 7.463387000000000171e+01 -2.255342000000000098e+03 -1.395137999999999934e-02
8.381470999999999449e+00 1.703359999999999874e-01 4.088122123999999985e+03 3.578395000000000187e-02 1.406373401999999942e+03 2.559265200000000107e+01 4.683982000000000007e-09 8.250888999999999385e+01 -3.462288000000000011e+03 -1.831313999999999859e-02
7.934733999999999732e+00 0.000000000000000000e+00 5.997212932999999794e+03 4.611555999999999989e-02 1.607208368999999948e+03 2.437395499999999871e+01 4.793472000000000216e-09 8.875928999999999292e+01 -5.385570999999999913e+03 -2.407611999999999947e-02
7.509272000000000169e+00 0.000000000000000000e+00 8.269110581999999340e+03 5.666965999999999670e-02 1.736663064999999960e+03 2.321329300000000018e+01 4.799290999999999780e-09 9.337891000000000474e+01 -7.078778000000000247e+03 -2.597493000000000024e-02
7.104068999999999967e+00 0.000000000000000000e+00 1.056994618500000070e+04 6.696180999999999661e-02 1.794796878000000106e+03 2.210790000000000077e+01 4.720545000000000267e-09 9.648403000000000418e+01 -8.217270000000000437e+03 -2.676492999999999928e-02
6.718161000000000271e+00 0.000000000000000000e+00 1.282227573300000040e+04 7.694175000000000320e-02 1.797709957000000031e+03 2.105514300000000105e+01 4.566158000000000064e-09 9.802621999999999503e+01 -9.262314000000000306e+03 -2.741332000000000144e-02
6.350629999999999775e+00 0.000000000000000000e+00 1.498649320099999932e+04 8.644499999999999407e-02 1.758301439000000073e+03 2.005251799999999918e+01 4.350522000000000210e-09 9.808962999999999965e+01 -1.026246999999999935e+04 -2.758680000000000160e-02
6.000600000000000378e+00 0.000000000000000000e+00 1.702142358500000046e+04 9.535536000000000012e-02 1.696378148999999894e+03 1.909763799999999989e+01 4.115019000000000222e-09 9.743599000000000387e+01 -1.118502000000000044e+04 -2.734668999999999989e-02
