3.402526900000000154e+01 1.000000000000000000e+00 5.498026500000000283e+01 1.270908000000000064e-03 5.498030500000000131e+01 9.554893300000000522e+01 1.293916000000000000e+10 5.279575000000000000e+19 0.000000000000000000e+00 0.000000000000000000e+00
3.235739900000000091e+01 1.000000000000000000e+00 5.107467599999999663e+01 1.211047999999999942e-03 5.107471999999999923e+01 9.099898399999999299e+01 9.357438000000000000e+09 3.994386000000000000e+19 0.000000000000000000e+00 0.000000000000000000e+00
3.076895299999999978e+01 1.000000000000000000e+00 4.748169399999999740e+01 1.158270999999999997e-03 4.748174099999999953e+01 8.666570500000000266e+01 5.946278000000000000e+09 2.655412000000000000e+19 0.000000000000000000e+00 0.000000000000000000e+00
2.925614699999999857e+01 1.000000000000000000e+00 4.417793499999999796e+01 1.111414000000000022e-03 7.613431300000000590e+01 8.253876999999999953e+01 4.448947999999999997e-12 2.077692999999999901e-02 -1.030856999999999978e-07 -1.997094999999999984e-12
2.781538000000000110e+01 1.000000000000000000e+00 4.114078700000000310e+01 1.069562999999999937e-03 7.306907800000000464e+01 7.860835699999999804e+01 3.770852999999999947e-12 1.842277999999999971e-02 -3.127489000000000246e-07 -6.155162000000000142e-12
2.644322000000000017e+01 1.000000000000000000e+00 3.834866000000000241e+01 1.031985000000000020e-03 7.010863200000000006e+01 7.486510499999999979e+01 3.196699999999999899e-12 1.633831999999999993e-02 -9.852354999999999287e-07 -1.949655999999999867e-11
2.513640200000000036e+01 1.000000000000000000e+00 3.578114000000000061e+01 9.980896999999999859e-04 6.724155700000000024e+01 7.130010500000000206e+01 2.721549000000000079e-12 1.455126999999999983e-02 -3.304754999999999922e-06 -6.541404999999999550e-11
2.389181299999999908e+01 9.999989999999999712e-01 3.341906800000000288e+01 9.673910999999999882e-04 6.445264299999999480e+01 6.790486699999999587e+01 2.362374000000000047e-12 1.321233999999999950e-02 -1.119323999999999924e-05 -2.214468000000000092e-10
2.270648999999999873e+01 9.999970000000000248e-01 3.124460300000000146e+01 9.394874999999999797e-04 6.171145299999999878e+01 6.467130400000000634e+01 2.187085000000000066e-12 1.279301000000000049e-02 -3.696101000000000139e-05 -7.326717000000000395e-10
2.157760999999999996e+01 9.999909999999999632e-01 2.924124300000000076e+01 9.140437999999999645e-04 5.894663299999999850e+01 6.159172000000000224e+01 2.382447000000000097e-12 1.457252000000000026e-02 -1.159752999999999940e-04 -2.307062999999999812e-09
2.050248699999999857e+01 9.999700000000000255e-01 2.739385000000000048e+01 8.907789000000000375e-04 5.600505100000000169e+01 5.865878500000000173e+01 3.369560999999999803e-12 2.155556000000000139e-02 -3.387834000000000266e-04 -6.768788999999999837e-09
1.947855900000000062e+01 9.999149999999999983e-01 2.568870899999999935e+01 8.694583000000000303e-04 5.258656200000000069e+01 5.586551000000000045e+01 6.050802000000000373e-12 4.050316999999999806e-02 -9.195972000000000391e-04 -1.846262999999999914e-08
1.850339100000000059e+01 9.997740000000000515e-01 2.411366599999999849e+01 8.498900999999999895e-04 4.832919799999999810e+01 5.320525099999999696e+01 1.192242999999999972e-11 8.353907000000000693e-02 -2.325428000000000044e-03 -4.690502999999999845e-08
1.757465900000000047e+01 9.994480000000000031e-01 2.265833200000000147e+01 8.319255999999999483e-04 4.300541700000000134e+01 5.067167100000000346e+01 2.351170000000000048e-11 1.724725000000000008e-01 -5.467328999999999939e-03 -1.107732000000000062e-07
1.669015299999999868e+01 9.987399999999999611e-01 2.131447500000000161e+01 8.154656000000000144e-04 3.688886699999999763e+01 4.825873800000000102e+01 4.498612000000000057e-11 3.455112000000000183e-01 -1.204419999999999970e-02 -2.450782000000000035e-07
1.584776500000000077e+01 9.973009999999999931e-01 2.007649199999999823e+01 8.004711000000000075e-04 3.102693299999999965e+01 4.596070300000000231e+01 8.067197000000000406e-11 6.487519999999999953e-01 -2.491733000000000142e-02 -5.090061000000000172e-07
1.504548999999999914e+01 9.945500000000000451e-01 1.894201199999999830e+01 7.869792000000000020e-04 2.618278700000000114e+01 4.377209700000000225e+01 1.364454999999999917e-10 1.149067999999999978e+00 -4.861283000000000271e-02 -9.966910000000000937e-07
1.428142000000000067e+01 9.895739999999999537e-01 1.791302299999999903e+01 7.751325999999999789e-04 2.256776899999999841e+01 4.168771300000000224e+01 2.184478000000000022e-10 1.926932000000000089e+00 -9.051560999999999635e-02 -1.861839999999999948e-06
1.355373400000000039e+01 9.810219999999999496e-01 1.699576700000000073e+01 7.651872999999999574e-04 1.985490000000000066e+01 3.970258599999999660e+01 3.480787000000000007e-10 3.217477999999999838e+00 -1.600254999999999872e-01 -3.300596999999999919e-06
1.286069999999999958e+01 9.669950000000000490e-01 1.620195999999999970e+01 7.575490000000000479e-04 1.805980999999999881e+01 3.781198899999999696e+01 5.063899000000000155e-10 4.907920999999999978e+00 -2.707783000000000273e-01 -5.597837000000000391e-06
1.220066699999999926e+01 9.449579999999999647e-01 1.555042500000000061e+01 7.528184999999999955e-04 1.678390699999999924e+01 3.601142099999999857e+01 7.093688000000000330e-10 7.215226999999999613e+00 -4.423694000000000237e-01 -9.159655999999999365e-06
1.157206399999999924e+01 9.116790000000000171e-01 1.506761900000000054e+01 7.518186000000000053e-04 1.592085999999999935e+01 3.429659199999999686e+01 9.443619000000000205e-10 1.009327000000000041e+01 -7.000408999999999660e-01 -1.450633999999999976e-05
1.097339500000000001e+01 8.632119999999999793e-01 1.478859500000000082e+01 7.556210000000000487e-04 1.539871400000000001e+01 3.266342300000000165e+01 1.209166999999999946e-09 1.360291999999999923e+01 -1.076270000000000060e+00 -2.229269000000000018e-05
1.040323399999999943e+01 7.949420000000000375e-01 1.476347499999999968e+01 7.656854999999999521e-04 1.521394100000000016e+01 3.110802400000000034e+01 1.491110000000000034e-09 1.769519000000000020e+01 -1.621469000000000049e+00 -3.352503999999999776e-05
9.860224000000000544e+00 7.016769999999999952e-01 1.506340199999999996e+01 7.839798000000000253e-04 1.537572699999999948e+01 2.962668999999999997e+01 1.934752999999999884e-09 2.428263000000000105e+01 -2.407777999999999974e+00 -4.960231999999999912e-05
9.343071000000000126e+00 5.778020000000000378e-01 1.580028100000000002e+01 8.133564000000000245e-04 1.603717200000000176e+01 2.821589799999999926e+01 2.248758000000000187e-09 2.994382999999999839e+01 -3.560601000000000127e+00 -7.288873999999999494e-05
8.850543999999999301e+00 4.174629999999999730e-01 1.715120599999999840e+01 8.580362000000000232e-04 1.732611199999999840e+01 2.687228400000000050e+01 2.537949000000000001e-09 3.597534000000000276e+01 -5.283857000000000248e+00 -1.071452999999999989e-04
8.381470999999999449e+00 2.147930000000000117e-01 1.938836999999999833e+01 9.240910999999999657e-04 1.949959600000000037e+01 2.559265200000000107e+01 2.807260000000000085e-09 4.249748000000000303e+01 -7.893489999999999895e+00 -1.578321999999999896e-04
7.934733999999999732e+00 0.000000000000000000e+00 2.305429600000000079e+01 1.022653000000000104e-03 2.307946899999999957e+01 2.437395499999999871e+01 3.009823999999999883e-09 4.880664999999999765e+01 -1.217310999999999943e+01 -2.385556000000000102e-04
7.509272000000000169e+00 0.000000000000000000e+00 2.774723600000000090e+01 1.146602999999999945e-03 2.764775399999999905e+01 2.321329300000000018e+01 3.149404999999999838e-09 5.462104000000000070e+01 -1.626435999999999993e+01 -3.106923999999999732e-04
7.104068999999999967e+00 0.000000000000000000e+00 3.276567699999999661e+01 1.283622000000000105e-03 3.250235299999999938e+01 2.210790000000000077e+01 3.226988000000000024e-09 5.963701999999999970e+01 -1.924316999999999922e+01 -3.594458000000000136e-04
6.718161000000000271e+00 0.000000000000000000e+00 3.802722200000000186e+01 1.431851999999999951e-03 3.755121599999999660e+01 2.105514300000000105e+01 3.241278999999999887e-09 6.365017999999999887e+01 -2.233275000000000077e+01 -4.076982000000000262e-04
6.350629999999999775e+00 0.000000000000000000e+00 4.343478499999999798e+01 1.589123000000000011e-03 4.268685500000000133e+01 2.005251799999999918e+01 3.197436000000000041e-09 6.657377999999999929e+01 -2.548839999999999861e+01 -4.541014000000000226e-04
6.000600000000000378e+00 0.000000000000000000e+00 4.887214300000000122e+01 1.753051999999999952e-03 4.778944700000000267e+01 1.909763799999999989e+01 3.123582999999999800e-09 6.883777000000000612e+01 -2.863437000000000054e+01 -4.973583000000000387e-04
