3.402526900000000154e+01 1.000000000000000000e+00 4.436885900000000049e+01 8.592873999999999478e-04 8.404332599999999331e+01 9.554893300000000522e+01 4.729663000000000382e-12 1.887103000000000044e-02 -5.630741999999999562e-04 -1.121179000000000063e-08
3.235739900000000091e+01 9.999989999999999712e-01 4.100902800000000070e+01 8.281617000000000232e-04 8.101579999999999870e+01 9.099898399999999299e+01 3.931006000000000345e-12 1.639557999999999988e-02 -2.015587000000000108e-03 -3.502784999999999956e-08
3.076895299999999978e+01 9.999980000000000535e-01 3.794125700000000023e+01 8.001176999999999508e-04 7.801720899999999403e+01 8.666570500000000266e+01 3.480212000000000115e-12 1.517675999999999921e-02 -6.450815999999999842e-03 -1.084800999999999948e-07
2.925614699999999857e+01 9.999930000000000208e-01 3.515357199999999693e+01 7.749713000000000521e-04 7.505191600000000562e+01 8.253876999999999953e+01 3.254405000000000005e-12 1.484610999999999917e-02 -1.875939000000000079e-02 -3.279827000000000031e-07
2.781538000000000110e+01 9.999780000000000335e-01 3.265027899999999761e+01 7.529229000000000347e-04 7.203213700000000586e+01 7.860835699999999804e+01 3.437478999999999837e-12 1.641795999999999880e-02 -5.173127000000000281e-02 -9.416190000000000092e-07
2.644322000000000017e+01 9.999360000000000470e-01 3.046875899999999859e+01 7.349152000000000072e-04 6.878896199999999794e+01 7.486510499999999979e+01 4.411068000000000163e-12 2.207386999999999891e-02 -1.342037000000000091e-01 -2.524932000000000206e-06
2.513640200000000036e+01 9.998340000000000005e-01 2.871238599999999863e+01 7.233012000000000469e-04 6.509098899999999333e+01 7.130010500000000206e+01 6.796351000000000390e-12 3.566433000000000103e-02 -3.286582000000000114e-01 -6.299552000000000160e-06
2.389181299999999908e+01 9.996000000000000441e-01 2.759868099999999913e+01 7.229467999999999745e-04 6.068956000000000017e+01 6.790486699999999587e+01 1.168466000000000042e-11 6.438966999999999608e-02 -7.551953000000000138e-01 -1.464266000000000017e-05
2.270648999999999873e+01 9.990999999999999881e-01 2.753793399999999991e+01 7.428318999999999851e-04 5.577516800000000075e+01 6.467130400000000634e+01 2.037057999999999861e-11 1.183088000000000056e-01 -1.634563999999999906e+00 -3.178514999999999840e-05
2.157760999999999996e+01 9.981010000000000160e-01 2.926850200000000157e+01 7.986895999999999839e-04 5.123146299999999798e+01 6.159172000000000224e+01 3.471480000000000067e-11 2.137939000000000089e-01 -3.368929000000000062e+00 -6.516679999999999413e-05
2.050248699999999857e+01 9.962239999999999984e-01 3.399164499999999833e+01 9.147261999999999971e-04 4.868549399999999849e+01 5.865878500000000173e+01 5.658618999999999963e-11 3.723768000000000078e-01 -6.590912000000000326e+00 -1.253373999999999970e-04
1.947855900000000062e+01 9.928850000000000176e-01 4.369205600000000089e+01 1.127338000000000081e-03 4.966770199999999846e+01 5.586551000000000045e+01 9.128114000000000579e-11 6.459972999999999965e-01 -1.239864000000000033e+01 -2.285350999999999865e-04
1.850339100000000059e+01 9.872419999999999529e-01 6.148917800000000256e+01 1.487587000000000067e-03 5.600400799999999890e+01 5.320525099999999696e+01 1.358013999999999928e-10 1.037079000000000084e+00 -2.251814999999999856e+01 -3.966945999999999949e-04
1.757465900000000047e+01 9.781370000000000342e-01 9.193496799999999780e+01 2.060784999999999874e-03 6.840818799999999555e+01 5.067167100000000346e+01 1.926412999999999942e-10 1.585056999999999938e+00 -3.943021000000000242e+01 -6.554603999999999899e-04
1.669015299999999868e+01 9.640589999999999993e-01 1.423188920000000053e+02 2.929221000000000082e-03 8.792845199999999295e+01 4.825873800000000102e+01 2.633144999999999803e-10 2.324591999999999992e+00 -6.772512000000000398e+01 -1.038159999999999994e-03
1.584776500000000077e+01 9.431180000000000119e-01 2.236088849999999866e+02 4.187863000000000002e-03 1.149924639999999982e+02 4.596070300000000231e+01 3.426374000000000166e-10 3.229823999999999806e+00 -1.143392000000000053e+02 -1.578565000000000090e-03
1.504548999999999914e+01 9.130509999999999460e-01 3.515784360000000106e+02 5.939296000000000159e-03 1.494183889999999906e+02 4.377209700000000225e+01 4.284147000000000219e-10 4.293092999999999826e+00 -1.894224000000000103e+02 -2.308904999999999985e-03
1.428142000000000067e+01 8.712429999999999897e-01 5.470362360000000308e+02 8.299667000000000155e-03 1.898793860000000109e+02 4.168771300000000224e+01 5.171208000000000161e-10 5.489527999999999963e+00 -3.060316000000000258e+02 -3.272683000000000189e-03
1.355373400000000039e+01 8.147780000000000022e-01 8.372658169999999700e+02 1.140355000000000014e-02 2.454011250000000075e+02 3.970258599999999660e+01 6.554451999999999650e-10 7.351244999999999585e+00 -4.824395999999999844e+02 -4.526028999999999990e-03
1.286069999999999958e+01 7.404969999999999608e-01 1.261169883000000027e+03 1.540731000000000045e-02 2.948765989999999988e+02 3.781198899999999696e+01 7.471957000000000402e-10 8.838509999999999422e+00 -7.488839000000000397e+02 -6.137720999999999628e-03
1.220066699999999926e+01 6.450599999999999667e-01 1.863068297999999913e+03 2.050841000000000122e-02 3.435426239999999893e+02 3.601142099999999857e+01 8.336237000000000027e-10 1.038654000000000011e+01 -1.134142000000000053e+03 -8.214801000000000741e-03
1.157206399999999924e+01 5.249890000000000390e-01 2.730968424000000141e+03 2.695482999999999907e-02 3.859994580000000042e+02 3.429659199999999686e+01 9.009207999999999729e-10 1.181354999999999933e+01 -1.734520999999999958e+03 -1.089775999999999939e-02
1.097339500000000001e+01 3.766760000000000108e-01 3.991232304000000113e+03 3.504531999999999786e-02 4.210833589999999731e+02 3.266342300000000165e+01 9.515850000000000801e-10 1.312439000000000000e+01 -2.665719999999999800e+03 -1.434396999999999929e-02
1.040323399999999943e+01 1.963449999999999918e-01 5.866615891000000374e+03 4.532176000000000260e-02 4.471041280000000029e+02 3.110802400000000034e+01 9.841560000000000082e-10 1.427094999999999914e+01 -4.178476999999999862e+03 -1.907145999999999841e-02
9.860224000000000544e+00 0.000000000000000000e+00 8.855442003000000113e+03 5.869855999999999685e-02 5.117896349999999757e+02 2.962668999999999997e+01 1.117782000000000059e-09 1.703659999999999997e+01 -6.932591999999999643e+03 -2.593312000000000048e-02
9.343071000000000126e+00 0.000000000000000000e+00 1.266519894500000009e+04 7.394174000000000579e-02 5.166983099999999922e+02 2.821589799999999926e+01 1.110687000000000096e-09 1.778698999999999941e+01 -9.704204999999999927e+03 -3.105410999999999935e-02
8.850543999999999301e+00 0.000000000000000000e+00 1.650222729199999958e+04 8.848351000000000133e-02 5.049119840000000181e+02 2.687228400000000050e+01 1.074636999999999998e-09 1.807755999999999830e+01 -1.133970000000000073e+04 -3.140493999999999924e-02
8.381470999999999449e+00 0.000000000000000000e+00 2.022737749299999996e+04 1.018620999999999971e-01 4.868211969999999837e+02 2.559265200000000107e+01 1.029600000000000043e-09 1.819088999999999956e+01 -1.280223999999999978e+04 -3.067550999999999958e-02
7.934733999999999732e+00 0.000000000000000000e+00 2.372417768599999908e+04 1.141825000000000062e-01 4.607148450000000253e+02 2.437395499999999871e+01 9.693003000000000468e-10 1.798526000000000025e+01 -1.406038999999999942e+04 -2.996400000000000105e-02
7.509272000000000169e+00 0.000000000000000000e+00 2.675859778300000107e+04 1.261802999999999952e-01 4.307784100000000080e+02 2.321329300000000018e+01 9.023079000000000125e-10 1.758174999999999955e+01 -1.478795999999999913e+04 -3.078617000000000159e-02
7.104068999999999967e+00 0.000000000000000000e+00 2.930956185399999958e+04 1.377860999999999947e-01 3.980066840000000070e+02 2.210790000000000077e+01 8.300862000000000033e-10 1.698495000000000132e+01 -1.531830999999999949e+04 -3.144621000000000222e-02
6.718161000000000271e+00 0.000000000000000000e+00 3.138735441300000093e+04 1.488711000000000062e-01 3.635930660000000216e+02 2.105514300000000105e+01 7.548844999999999692e-10 1.621978999999999971e+01 -1.569104999999999927e+04 -3.175676000000000193e-02
6.350629999999999775e+00 0.000000000000000000e+00 3.301004935500000283e+04 1.593421999999999894e-01 3.288946799999999939e+02 2.005251799999999918e+01 6.794860999999999951e-10 1.533067999999999920e+01 -1.591359000000000015e+04 -3.175317999999999891e-02
6.000600000000000378e+00 0.000000000000000000e+00 3.419936761300000217e+04 1.691346999999999989e-01 2.965477819999999838e+02 1.909763799999999989e+01 6.096373999999999735e-10 1.444318999999999953e+01 -1.599210000000000036e+04 -3.146667999999999688e-02
