3.402526900000000154e+01 1.000000000000000000e+00 2.496198800000000162e+01 2.157620999999999920e-04 2.496212600000000137e+01 9.554893300000000522e+01 1.293916000000000000e+10 4.785299000000000000e+19 0.000000000000000000e+00 0.000000000000000000e+00
3.235739900000000091e+01 1.000000000000000000e+00 2.255469700000000088e+01 2.129784999999999871e-04 8.171061799999999664e+01 9.099898399999999299e+01 1.094509000000000052e-14 4.197404999999999837e-05 -9.401472000000000185e-07 -2.467432999999999913e-11
3.076895299999999978e+01 1.000000000000000000e+00 2.037418500000000066e+01 2.103010000000000046e-04 7.939814599999999700e+01 8.666570500000000266e+01 1.037743999999999927e-14 4.129344999999999679e-05 -2.936514999999999955e-06 -7.530677999999999873e-11
2.925614699999999857e+01 1.000000000000000000e+00 1.839986800000000144e+01 2.077238999999999984e-04 7.697214200000000517e+01 8.253876999999999953e+01 1.149638999999999984e-14 4.756096999999999875e-05 -9.256801000000000279e-06 -2.328357999999999995e-10
2.781538000000000110e+01 1.000000000000000000e+00 1.661294200000000032e+01 2.052425999999999990e-04 7.442977199999999982e+01 7.860835699999999804e+01 1.786626999999999991e-14 7.708688999999999472e-05 -3.042546999999999992e-05 -7.596110000000000355e-10
2.644322000000000017e+01 1.000000000000000000e+00 1.499626899999999985e+01 2.028537000000000124e-04 7.177260599999999613e+01 7.486510499999999979e+01 4.025840000000000115e-14 1.806322000000000017e-04 -9.973205000000000340e-05 -2.509035999999999813e-09
2.513640200000000036e+01 9.999980000000000535e-01 1.353433599999999970e+01 2.005576999999999924e-04 6.898575200000000507e+01 7.130010500000000206e+01 1.087561999999999981e-13 5.058557999999999891e-04 -3.225675999999999912e-04 -8.208205999999999272e-09
2.389181299999999908e+01 9.999940000000000495e-01 1.221331900000000026e+01 1.983638000000000133e-04 6.598988900000000513e+01 6.790486699999999587e+01 3.001753000000000023e-13 1.445286999999999961e-03 -9.917842999999999971e-04 -2.552967000000000165e-08
2.270648999999999873e+01 9.999810000000000088e-01 1.102143700000000059e+01 1.963032000000000080e-04 6.258403200000000055e+01 6.467130400000000634e+01 7.758179000000000197e-13 3.866805999999999976e-03 -2.864404000000000082e-03 -7.440638999999999663e-08
2.157760999999999996e+01 9.999460000000000015e-01 9.949808000000000874e+00 1.944557000000000024e-04 5.834631499999999704e+01 6.159172000000000224e+01 1.863870999999999985e-12 9.615802999999999157e-03 -7.758797999999999910e-03 -2.030679000000000101e-07
2.050248699999999857e+01 9.998569999999999958e-01 8.993983999999999313e+00 1.929965000000000012e-04 5.267592799999999897e+01 5.865878500000000173e+01 4.139381000000000252e-12 2.211120999999999920e-02 -1.952098999999999848e-02 -5.129790999999999960e-07
1.947855900000000062e+01 9.996509999999999563e-01 8.156791999999999376e+00 1.922809000000000042e-04 4.497229500000000257e+01 5.586551000000000045e+01 8.703027999999999577e-12 4.814859999999999973e-02 -4.589531000000000166e-02 -1.209093000000000013e-06
1.850339100000000059e+01 9.992050000000000098e-01 7.452792999999999779e+00 1.929742999999999931e-04 3.596764100000000042e+01 5.320525099999999696e+01 1.677861000000000135e-11 9.628116000000000452e-02 -1.013727999999999990e-01 -2.670670000000000131e-06
1.757465900000000047e+01 9.983020000000000227e-01 6.913814000000000348e+00 1.962179000000000039e-04 2.718223000000000056e+01 5.067167100000000346e+01 3.027165999999999786e-11 1.807182999999999984e-01 -2.103221999999999869e-01 -5.529692000000000385e-06
1.669015299999999868e+01 9.965789999999999926e-01 6.597533999999999565e+00 2.038642999999999922e-04 2.010452799999999840e+01 4.825873800000000102e+01 5.186124000000000087e-11 3.240328000000000097e-01 -4.132061000000000206e-01 -1.080640000000000042e-05
1.584776500000000077e+01 9.934739999999999682e-01 6.598220999999999670e+00 2.187453000000000010e-04 1.551886900000000047e+01 4.596070300000000231e+01 8.308131999999999843e-11 5.490114000000000383e-01 -7.736245999999999956e-01 -2.003159999999999977e-05
1.504548999999999914e+01 9.881550000000000056e-01 7.058279999999999887e+00 2.448897999999999808e-04 1.310763399999999912e+01 4.377209700000000225e+01 1.259894999999999918e-10 8.934668000000000054e-01 -1.385512999999999995e+00 -3.528997000000000053e-05
1.428142000000000067e+01 9.794640000000000013e-01 8.189386000000000720e+00 2.879725999999999879e-04 1.249877799999999972e+01 4.168771300000000224e+01 1.818821999999999998e-10 1.406160999999999994e+00 -2.393380000000000063e+00 -5.962821000000000012e-05
1.355373400000000039e+01 9.658590000000000231e-01 1.027250100000000010e+01 3.552625000000000227e-04 1.331129899999999999e+01 3.970258599999999660e+01 2.663858999999999827e-10 2.268574000000000090e+00 -3.976738999999999802e+00 -9.656750000000000674e-05
1.286069999999999958e+01 9.453909999999999814e-01 1.371446599999999982e+01 4.561165999999999962e-04 1.599570300000000067e+01 3.781198899999999696e+01 3.540074999999999793e-10 3.335898999999999948e+00 -6.437400000000000233e+00 -1.509462999999999951e-04
1.220066699999999926e+01 9.156950000000000367e-01 1.905693899999999985e+01 6.013900999999999665e-04 2.059484799999999893e+01 3.601142099999999857e+01 4.554682000000000257e-10 4.733235999999999777e+00 -1.016291000000000011e+01 -2.275334000000000059e-04
1.157206399999999924e+01 8.740200000000000191e-01 2.705449000000000126e+01 8.054053000000000254e-04 2.760514200000000073e+01 3.429659199999999686e+01 5.605141999999999544e-10 6.378135000000000332e+00 -1.575337999999999994e+01 -3.349614000000000215e-04
1.097339500000000001e+01 8.172909999999999897e-01 3.871364200000000011e+01 1.084864999999999961e-03 3.762422200000000316e+01 3.266342300000000165e+01 6.671010000000000107e-10 8.244643999999999195e+00 -2.401492000000000004e+01 -4.815325000000000182e-04
1.040323399999999943e+01 7.422020000000000284e-01 5.544532099999999986e+01 1.460132999999999960e-03 5.142702799999999996e+01 3.110802400000000034e+01 7.687785999999999740e-10 1.024412000000000056e+01 -3.620472000000000179e+01 -6.790477999999999532e-04
9.860224000000000544e+00 6.453229999999999800e-01 7.911206799999999362e+01 1.959284999999999846e-03 7.043364900000000262e+01 2.962668999999999997e+01 9.480672999999999817e-10 1.353611000000000075e+01 -5.396506000000000114e+01 -9.486183999999999502e-04
9.343071000000000126e+00 5.232240000000000224e-01 1.127301520000000039e+02 2.618236999999999821e-03 9.507805100000000209e+01 2.821589799999999926e+01 1.039139999999999991e-09 1.582515000000000072e+01 -8.066957999999999629e+01 -1.315299999999999933e-03
8.850543999999999301e+00 3.725999999999999868e-01 1.610387080000000140e+02 3.484304000000000134e-03 1.268252949999999970e+02 2.687228400000000050e+01 1.110724000000000103e-09 1.797926000000000002e+01 -1.217069000000000045e+02 -1.815369999999999961e-03
8.381470999999999449e+00 1.903700000000000114e-01 2.313242960000000039e+02 4.621949000000000196e-03 1.667080630000000099e+02 2.559265200000000107e+01 1.167894000000000020e-09 2.003937000000000168e+01 -1.856020000000000039e+02 -2.503324999999999821e-03
7.934733999999999732e+00 0.000000000000000000e+00 3.378573719999999980e+02 6.143670000000000381e-03 2.151298480000000097e+02 2.437395499999999871e+01 1.195409000000000002e-09 2.169979999999999976e+01 -2.930015999999999963e+02 -3.511999000000000024e-03
7.509272000000000169e+00 0.000000000000000000e+00 4.675301910000000021e+02 7.863791999999999657e-03 2.594451230000000237e+02 2.321329300000000018e+01 1.197727000000000035e-09 2.294413000000000125e+01 -3.892658999999999878e+02 -4.185066999999999780e-03
7.104068999999999967e+00 0.000000000000000000e+00 6.067409810000000334e+02 9.624825999999999521e-03 2.932710450000000151e+02 2.210790000000000077e+01 1.178585999999999925e-09 2.378500000000000014e+01 -4.673557999999999879e+02 -4.529415999999999651e-03
6.718161000000000271e+00 0.000000000000000000e+00 7.527286289999999553e+02 1.139746999999999982e-02 3.163815849999999728e+02 2.105514300000000105e+01 1.140392999999999952e-09 2.422155000000000058e+01 -5.482924000000000433e+02 -4.818763000000000213e-03
6.350629999999999775e+00 0.000000000000000000e+00 8.985689499999999725e+02 1.316742000000000086e-02 3.286631590000000074e+02 2.005251799999999918e+01 1.086859999999999905e-09 2.428000000000000114e+01 -6.199826000000000477e+02 -5.082523000000000249e-03
6.000600000000000378e+00 0.000000000000000000e+00 1.039042230000000018e+03 1.491676999999999934e-02 3.325565829999999892e+02 1.909763799999999989e+01 1.028293000000000101e-09 2.415090999999999966e+01 -6.833786000000000058e+02 -5.305759999999999643e-03
