3.402526900000000154e+01 1.000000000000000000e+00 2.490360000000000085e+01 2.139870000000000097e-04 8.393234099999999387e+01 9.554893300000000522e+01 1.173642999999999969e-14 4.235298999999999851e-05 -4.389344000000000000e-06 -1.149301000000000036e-10
3.235739900000000091e+01 1.000000000000000000e+00 2.249929600000000107e+01 2.112457999999999892e-04 8.170635699999999702e+01 9.099898399999999299e+01 3.719128000000000034e-14 1.411748999999999957e-04 -1.409331000000000009e-05 -3.669291999999999968e-10
3.076895299999999978e+01 9.999989999999999712e-01 2.032159400000000105e+01 2.086094000000000088e-04 7.933505100000000709e+01 8.666570500000000266e+01 1.109311000000000043e-13 4.400784000000000249e-04 -4.416821000000000245e-05 -1.145622000000000038e-09
2.925614699999999857e+01 9.999970000000000248e-01 1.834998699999999872e+01 2.060746000000000073e-04 7.672401499999999430e+01 8.253876999999999953e+01 3.095581000000000096e-13 1.278309999999999950e-03 -1.322857999999999998e-04 -3.443604000000000013e-09
2.781538000000000110e+01 9.999919999999999920e-01 1.656585600000000014e+01 2.036414999999999916e-04 7.367949000000000126e+01 7.860835699999999804e+01 7.975389999999999806e-13 3.421411999999999978e-03 -3.753197999999999908e-04 -9.822417999999999447e-09
2.644322000000000017e+01 9.999759999999999760e-01 1.495246700000000040e+01 2.013182000000000133e-04 6.980128299999999797e+01 7.486510499999999979e+01 1.915433999999999934e-12 8.526979999999999976e-03 -9.953055000000001016e-04 -2.619414000000000112e-08
2.513640200000000036e+01 9.999379999999999935e-01 1.349508800000000086e+01 1.991271000000000132e-04 6.451272500000000321e+01 7.130010500000000206e+01 4.213272000000000225e-12 1.945180999999999993e-02 -2.465389000000000122e-03 -6.517083000000000045e-08
2.389181299999999908e+01 9.998500000000000165e-01 1.218125399999999914e+01 1.971169999999999899e-04 5.712653799999999649e+01 6.790486699999999587e+01 8.682510000000000735e-12 4.154639000000000248e-02 -5.699062000000000398e-03 -1.512011999999999894e-07
2.270648999999999873e+01 9.996629999999999683e-01 1.100122299999999953e+01 1.953798000000000026e-04 4.780895600000000201e+01 6.467130400000000634e+01 1.649200999999999972e-11 8.175358000000000624e-02 -1.232660000000000006e-02 -3.279558999999999833e-07
2.157760999999999996e+01 9.992879999999999541e-01 9.948798999999999282e+00 1.940784000000000085e-04 3.768601300000000265e+01 6.159172000000000224e+01 2.933781000000000139e-11 1.506136999999999893e-01 -2.522548999999999972e-02 -6.726646999999999922e-07
2.050248699999999857e+01 9.985849999999999449e-01 9.021779999999999688e+00 1.934663999999999948e-04 2.851403600000000083e+01 5.865878500000000173e+01 4.898959999999999878e-11 2.604563999999999768e-01 -4.852797999999999834e-02 -1.295638999999999946e-06
1.947855900000000062e+01 9.973340000000000538e-01 8.223202000000000567e+00 1.939300000000000084e-04 2.092312300000000036e+01 5.586551000000000045e+01 8.062285999999999842e-11 4.440546000000000215e-01 -8.868971999999999967e-02 -2.368844000000000032e-06
1.850339100000000059e+01 9.952199999999999935e-01 7.562254000000000254e+00 1.960204000000000113e-04 1.594758599999999937e+01 5.320525099999999696e+01 1.211941000000000117e-10 6.925923000000000496e-01 -1.547615999999999992e-01 -4.129540000000000276e-06
1.757465900000000047e+01 9.918120000000000269e-01 7.054509000000000363e+00 2.004669000000000101e-04 1.267365900000000067e+01 5.067167100000000346e+01 1.733111999999999888e-10 1.030664999999999942e+00 -2.582727000000000217e-01 -6.871784000000000410e-06
1.669015299999999868e+01 9.865469999999999517e-01 6.722123999999999988e+00 2.081825999999999946e-04 1.057863700000000051e+01 4.825873800000000102e+01 2.386714999999999755e-10 1.484275999999999929e+00 -4.136382000000000114e-01 -1.094570999999999993e-05
1.584776500000000077e+01 9.787270000000000136e-01 6.597306999999999810e+00 2.203428000000000006e-04 9.377973000000000781e+00 4.596070300000000231e+01 3.124170999999999985e-10 2.046565000000000190e+00 -6.425345000000000084e-01 -1.685249999999999831e-05
1.504548999999999914e+01 9.675240000000000506e-01 6.719293000000000404e+00 2.382879999999999927e-04 8.825950999999999880e+00 4.377209700000000225e+01 3.927094999999999765e-10 2.734503999999999824e+00 -9.677637999999999519e-01 -2.505473000000000127e-05
1.428142000000000067e+01 9.519910000000000316e-01 7.133389000000000202e+00 2.635142000000000257e-04 8.811507000000000644e+00 4.168771300000000224e+01 4.762048000000000511e-10 3.558441999999999883e+00 -1.415383999999999975e+00 -3.606917000000000147e-05
1.355373400000000039e+01 9.311000000000000387e-01 7.891728999999999772e+00 2.977728000000000232e-04 9.178074999999999761e+00 3.970258599999999660e+01 6.096652000000000466e-10 4.926256000000000412e+00 -2.017278999999999822e+00 -5.062151999999999776e-05
1.286069999999999958e+01 9.037669999999999870e-01 9.053044999999999121e+00 3.428414999999999870e-04 1.016583999999999932e+01 3.781198899999999696e+01 6.969414000000000062e-10 6.124291000000000373e+00 -2.810775000000000023e+00 -6.921776999999999780e-05
1.220066699999999926e+01 8.689029999999999809e-01 1.069212199999999946e+01 4.006888000000000116e-04 1.167535900000000026e+01 3.601142099999999857e+01 7.790436000000000414e-10 7.459565999999999697e+00 -3.854017999999999944e+00 -9.266518999999999429e-05
1.157206399999999924e+01 8.254540000000000211e-01 1.290023300000000006e+01 4.734375999999999884e-04 1.377959899999999926e+01 3.429659199999999686e+01 8.422684999999999644e-10 8.781238000000000099e+00 -5.217664000000000080e+00 -1.218213000000000054e-04
1.097339500000000001e+01 7.724459999999999660e-01 1.578534499999999952e+01 5.634490999999999718e-04 1.654732200000000120e+01 3.266342300000000165e+01 8.890893999999999924e-10 1.006588999999999956e+01 -6.986550000000000260e+00 -1.577918000000000094e-04
1.040323399999999943e+01 7.090269999999999628e-01 1.945627199999999846e+01 6.733966000000000300e-04 2.004880700000000004e+01 3.110802400000000034e+01 9.170497999999999903e-10 1.123250999999999955e+01 -9.233791000000000082e+00 -2.019594999999999897e-04
9.860224000000000544e+00 6.344940000000000024e-01 2.406537300000000101e+01 8.064071000000000130e-04 2.434172399999999925e+01 2.962668999999999997e+01 1.044400999999999938e-09 1.378416999999999959e+01 -1.212088999999999928e+01 -2.561636999999999747e-04
9.343071000000000126e+00 5.483219999999999761e-01 2.980982699999999852e+01 9.657189000000000485e-04 2.965862500000000068e+01 2.821589799999999926e+01 1.039730000000000089e-09 1.473389000000000060e+01 -1.584702000000000055e+01 -3.218400999999999749e-04
8.850543999999999301e+00 4.501740000000000186e-01 3.699909199999999743e+01 1.156378000000000007e-03 3.611242399999999719e+01 2.687228400000000050e+01 1.016706999999999972e-09 1.542051999999999978e+01 -2.079019999999999868e+01 -4.040110000000000185e-04
8.381470999999999449e+00 3.399099999999999899e-01 4.590190299999999723e+01 1.383974000000000055e-03 4.377790999999999855e+01 2.559265200000000107e+01 9.840243000000000055e-10 1.592761999999999922e+01 -2.709356999999999971e+01 -5.058919999999999736e-04
7.934733999999999732e+00 2.175759999999999916e-01 5.677404700000000304e+01 1.653458999999999918e-03 5.259309499999999815e+01 2.437395499999999871e+01 9.333025000000000452e-10 1.607937000000000083e+01 -3.496741000000000099e+01 -6.284984999999999660e-04
7.509272000000000169e+00 8.340200000000000391e-02 6.980907600000000457e+01 1.966232000000000049e-03 6.232465799999999945e+01 2.321329300000000018e+01 8.721283000000000436e-10 1.595612000000000030e+01 -4.452868000000000137e+01 -7.659195999999999843e-04
7.104068999999999967e+00 0.000000000000000000e+00 8.421668400000000076e+01 2.306793000000000125e-03 7.191771599999999864e+01 2.210790000000000077e+01 8.048995000000000286e-10 1.560131999999999941e+01 -5.360858999999999952e+01 -8.777312000000000438e-04
6.718161000000000271e+00 0.000000000000000000e+00 9.762901300000000049e+01 2.636887999999999992e-03 7.945226399999999956e+01 2.105514300000000105e+01 7.340359000000000170e-10 1.503570999999999991e+01 -5.777396999999999849e+01 -8.997668999999999589e-04
6.350629999999999775e+00 0.000000000000000000e+00 1.097381919999999980e+02 2.953560000000000040e-03 8.478397800000000473e+01 2.005251799999999918e+01 6.623985999999999753e-10 1.431553000000000075e+01 -6.116333999999999804e+01 -9.130572999999999901e-04
6.000600000000000378e+00 0.000000000000000000e+00 1.203487999999999971e+02 3.254431999999999811e-03 8.805781500000000506e+01 1.909763799999999989e+01 5.957554000000000001e-10 1.356921999999999962e+01 -6.387624999999999886e+01 -9.178635000000000526e-04
