3.402526900000000154e+01 1.000000000000000000e+00 5.498026500000000283e+01 1.270908000000000064e-03 5.498030500000000131e+01 9.554893300000000522e+01 1.293916000000000000e+10 5.279575000000000000e+19 0.000000000000000000e+00 0.000000000000000000e+00
3.235739900000000091e+01 1.000000000000000000e+00 5.107467599999999663e+01 1.211047999999999942e-03 5.107469100000000140e+01 9.099898399999999299e+01 9.357449000000000000e+09 3.994391000000000000e+19 0.000000000000000000e+00 0.000000000000000000e+00
3.076895299999999978e+01 1.000000000000000000e+00 4.748170999999999964e+01 1.158271999999999904e-03 7.931730399999999293e+01 8.666570500000000266e+01 5.247086999999999895e-12 2.342332000000000095e-02 -9.691060000000000012e-06 -1.834875000000000087e-10
2.925614699999999857e+01 1.000000000000000000e+00 4.417799399999999821e+01 1.111416000000000053e-03 7.613383399999999313e+01 8.253876999999999953e+01 4.454963000000000351e-12 2.080556000000000072e-02 -2.997351000000000095e-05 -5.492399999999999562e-10
2.781538000000000110e+01 1.000000000000000000e+00 4.114097999999999900e+01 1.069566000000000093e-03 7.306665300000000229e+01 7.860835699999999804e+01 3.789691999999999722e-12 1.851734999999999839e-02 -9.780286000000000231e-05 -1.723610999999999912e-09
2.644322000000000017e+01 1.000000000000000000e+00 3.834927400000000119e+01 1.031996000000000085e-03 7.009766000000000474e+01 7.486510499999999979e+01 3.257516999999999922e-12 1.665617000000000139e-02 -3.237041999999999762e-04 -5.606604999999999997e-09
2.513640200000000036e+01 1.000000000000000000e+00 3.578309200000000345e+01 9.981241000000000071e-04 6.719789900000000671e+01 7.130010500000000206e+01 2.917382000000000180e-12 1.561568999999999978e-02 -1.082875999999999977e-03 -1.892323000000000063e-08
2.389181299999999908e+01 9.999980000000000535e-01 3.342511499999999813e+01 9.675009000000000256e-04 6.429728799999999467e+01 6.790486699999999587e+01 2.967205000000000179e-12 1.663627000000000161e-02 -3.498680000000000106e-03 -6.276078999999999457e-08
2.270648999999999873e+01 9.999940000000000495e-01 3.126263799999999904e+01 9.398256000000000231e-04 6.123061500000000024e+01 6.467130400000000634e+01 3.905070999999999810e-12 2.294478000000000142e-02 -1.081560999999999981e-02 -1.985451000000000009e-07
2.157760999999999996e+01 9.999820000000000375e-01 2.929237799999999936e+01 9.150308000000000009e-04 5.764533699999999783e+01 6.159172000000000224e+01 6.883216999999999709e-12 4.237244999999999900e-02 -3.156681000000000070e-02 -5.911420000000000400e-07
2.050248699999999857e+01 9.999479999999999480e-01 2.753012999999999977e+01 8.934712999999999510e-04 5.301299800000000317e+01 5.865878500000000173e+01 1.420543000000000039e-11 9.161096000000000517e-02 -8.596676999999999791e-02 -1.629457999999999926e-06
1.947855900000000062e+01 9.998620000000000285e-01 2.602898700000000076e+01 8.763139999999999992e-04 4.690548799999999829e+01 5.586551000000000045e+01 3.050110999999999907e-11 2.061437000000000130e-01 -2.183425999999999978e-01 -4.175802000000000376e-06
1.850339100000000059e+01 9.996589999999999643e-01 2.491181699999999921e+01 8.662207000000000327e-04 4.009654599999999647e+01 5.320525099999999696e+01 6.241391999999999544e-11 4.426874000000000087e-01 -5.198989000000000527e-01 -9.980489000000000320e-06
1.757465900000000047e+01 9.992130000000000178e-01 2.441655300000000040e+01 8.683538000000000411e-04 3.422626000000000346e+01 5.067167100000000346e+01 1.205649000000000062e-10 8.996389000000000191e-01 -1.157901000000000069e+00 -2.224108999999999884e-05
1.669015299999999868e+01 9.983009999999999939e-01 2.497324400000000111e+01 8.919407000000000507e-04 3.072726799999999869e+01 4.825873800000000102e+01 2.213110999999999979e-10 1.744542999999999955e+00 -2.434200000000000141e+00 -4.656626999999999961e-05
1.584776500000000077e+01 9.965439999999999854e-01 2.730239399999999961e+01 9.520728999999999694e-04 3.043116699999999852e+01 4.596070300000000231e+01 3.786825999999999802e-10 3.172518999999999867e+00 -4.848035999999999568e+00 -9.180652000000000409e-05
1.504548999999999914e+01 9.933429999999999760e-01 3.256486400000000003e+01 1.071763000000000099e-03 3.388506600000000191e+01 4.377209700000000225e+01 6.110797000000000317e-10 5.477128000000000441e+00 -9.207418000000000546e+00 -1.710802999999999890e-04
1.428142000000000067e+01 9.878069999999999906e-01 4.263426100000000218e+01 1.285490999999999934e-03 4.231465800000000144e+01 4.168771300000000224e+01 9.351178000000000979e-10 9.012012999999999607e+00 -1.686386999999999858e+01 -3.046287000000000062e-04
1.355373400000000039e+01 9.786759999999999904e-01 6.021274300000000324e+01 1.638422000000000055e-03 5.780966399999999794e+01 3.970258599999999660e+01 1.435317000000000039e-09 1.488580999999999932e+01 -2.965307999999999922e+01 -5.154378000000000475e-04
1.286069999999999958e+01 9.642560000000000020e-01 8.949322999999999695e+01 2.189598000000000065e-03 8.364079399999999964e+01 3.781198899999999696e+01 2.006412000000000123e-09 2.235035999999999845e+01 -5.081322000000000116e+01 -8.351734999999999888e-04
1.220066699999999926e+01 9.423669999999999547e-01 1.369511880000000019e+02 3.012405000000000117e-03 1.248105800000000016e+02 3.601142099999999857e+01 2.706908999999999798e-09 3.225970999999999833e+01 -8.563327999999999918e+01 -1.301690000000000095e-03
1.157206399999999924e+01 9.103280000000000260e-01 2.121572559999999896e+02 4.192971000000000198e-03 1.879765179999999987e+02 3.429659199999999686e+01 3.480338000000000188e-09 4.418578999999999724e+01 -1.420717999999999961e+02 -1.956405000000000036e-03
1.097339500000000001e+01 8.649630000000000374e-01 3.289424109999999928e+02 5.825139000000000011e-03 2.817761649999999918e+02 3.266342300000000165e+01 4.314079000000000153e-09 5.812978999999999985e+01 -2.320514000000000010e+02 -2.838465000000000085e-03
1.040323399999999943e+01 8.026379999999999626e-01 5.060658960000000093e+02 8.022982999999999157e-03 4.155061670000000049e+02 3.110802400000000034e+01 5.162424999999999986e-09 7.360838999999999999e+01 -3.716675999999999931e+02 -4.013616999999999706e-03
9.860224000000000544e+00 7.193330000000000002e-01 7.685070600000000240e+02 1.092034000000000060e-02 6.082192049999999881e+02 2.962668999999999997e+01 6.546999000000000337e-09 9.855862000000000478e+01 -5.833486000000000331e+02 -5.556944999999999767e-03
9.343071000000000126e+00 6.107139999999999791e-01 1.154904588999999987e+03 1.468193999999999923e-02 8.567700539999999592e+02 2.821589799999999926e+01 7.413805999999999617e-09 1.176581999999999937e+02 -9.094030000000000200e+02 -7.575934000000000314e-03
8.850543999999999301e+00 4.722120000000000206e-01 1.715278745999999956e+03 1.957025000000000084e-02 1.169605348000000049e+03 2.687228400000000050e+01 8.167773999999999841e-09 1.364984000000000037e+02 -1.398897999999999911e+03 -1.032943000000000056e-02
8.381470999999999449e+00 2.990269999999999873e-01 2.533831760999999915e+03 2.582732000000000083e-02 1.550261895000000095e+03 2.559265200000000107e+01 8.833205999999999906e-09 1.553286999999999978e+02 -2.161561999999999898e+03 -1.387338999999999933e-02
7.934733999999999732e+00 8.618900000000000172e-02 3.737113390999999865e+03 3.372939999999999966e-02 1.979542106999999987e+03 2.437395499999999871e+01 9.276582000000000051e-09 1.715517999999999859e+02 -3.356074000000000069e+03 -1.838011999999999979e-02
7.509272000000000169e+00 0.000000000000000000e+00 5.417807531999999810e+03 4.325840999999999714e-02 2.406101481000000149e+03 2.321329300000000018e+01 9.522264000000000609e-09 1.851099000000000103e+02 -5.002770000000000437e+03 -2.327214999999999839e-02
7.104068999999999967e+00 0.000000000000000000e+00 7.315358908000000156e+03 5.266977999999999938e-02 2.730822044000000005e+03 2.210790000000000077e+01 9.581061999999999810e-09 1.957075000000000102e+02 -6.303444000000000415e+03 -2.430386000000000005e-02
6.718161000000000271e+00 0.000000000000000000e+00 9.280450494000000617e+03 6.184420000000000195e-02 2.940729499999999916e+03 2.105514300000000105e+01 9.463618000000000231e-09 2.030715999999999894e+02 -7.407876000000000204e+03 -2.502829000000000165e-02
6.350629999999999775e+00 0.000000000000000000e+00 1.121266343400000005e+04 7.086626999999999510e-02 3.045693600999999944e+03 2.005251799999999918e+01 9.192841000000000598e-09 2.071936000000000035e+02 -8.362816999999999098e+03 -2.596619000000000010e-02
6.000600000000000378e+00 0.000000000000000000e+00 1.307605554499999926e+04 7.957693999999999879e-02 3.078442599999999857e+03 1.909763799999999989e+01 8.852754999999999587e-09 2.095564999999999998e+02 -9.281698000000000320e+03 -2.646344000000000127e-02
