3.402526900000000154e+01 1.000000000000000000e+00 5.498027499999999890e+01 1.270908000000000064e-03 8.605222899999999697e+01 9.554893300000000522e+01 7.580119000000000449e-12 3.091790000000000163e-02 -9.814565000000000111e-06 -1.787676000000000042e-10
3.235739900000000091e+01 1.000000000000000000e+00 5.107473499999999689e+01 1.211049000000000066e-03 8.263388199999999983e+01 9.099898399999999299e+01 6.182276000000000303e-12 2.638054999999999914e-02 -3.072829000000000120e-05 -5.581139999999999816e-10
3.076895299999999978e+01 1.000000000000000000e+00 4.748190400000000011e+01 1.158275000000000060e-03 7.931559599999999932e+01 8.666570500000000266e+01 5.258633999999999664e-12 2.347544999999999840e-02 -9.869978999999999916e-05 -1.761783000000000015e-09
2.925614699999999857e+01 1.000000000000000000e+00 4.417860300000000251e+01 1.111425999999999994e-03 7.612690499999999361e+01 8.253876999999999953e+01 4.491907000000000279e-12 2.097925999999999958e-02 -3.187434999999999748e-04 -5.658489999999999968e-09
2.781538000000000110e+01 9.999989999999999712e-01 4.114284099999999711e+01 1.069599999999999978e-03 7.304208199999999351e+01 7.860835699999999804e+01 3.901337000000000302e-12 1.906458000000000111e-02 -1.018196999999999982e-03 -1.826634999999999866e-08
2.644322000000000017e+01 9.999949999999999672e-01 3.835471400000000131e+01 1.032097000000000049e-03 7.002073799999999437e+01 7.486510499999999979e+01 3.568035999999999924e-12 1.824575000000000155e-02 -3.105104999999999931e-03 -5.671701000000000079e-08
2.513640200000000036e+01 9.999860000000000415e-01 3.579813500000000204e+01 9.984130000000000782e-04 6.698785300000000120e+01 7.130010500000000206e+01 3.694726000000000063e-12 1.977724999999999969e-02 -8.973616000000000231e-03 -1.665763999999999907e-07
2.389181299999999908e+01 9.999580000000000135e-01 3.346394599999999997e+01 9.682653000000000483e-04 6.379113399999999956e+01 6.790486699999999587e+01 4.730975999999999813e-12 2.651649000000000020e-02 -2.421413999999999858e-02 -4.558952999999999967e-07
2.270648999999999873e+01 9.998879999999999990e-01 3.135564099999999854e+01 9.416976000000000079e-04 6.019864299999999702e+01 6.467130400000000634e+01 7.431252999999999981e-12 4.362226999999999771e-02 -6.091322999999999876e-02 -1.159913000000000045e-06
2.157760999999999996e+01 9.997230000000000283e-01 2.949961899999999915e+01 9.192891999999999600e-04 5.591668500000000108e+01 6.159172000000000224e+01 1.309806000000000003e-11 8.055025999999999853e-02 -1.439322000000000101e-01 -2.766905999999999881e-06
2.050248699999999857e+01 9.993630000000000013e-01 2.795790099999999967e+01 9.024349000000000086e-04 5.082669700000000290e+01 5.865878500000000173e+01 2.358347000000000069e-11 1.520542000000000005e-01 -3.174474999999999936e-01 -6.139136999999999765e-06
1.947855900000000062e+01 9.986289999999999889e-01 2.684960200000000086e+01 8.938343999999999543e-04 4.507863900000000257e+01 5.586551000000000045e+01 4.255002000000000290e-11 2.879803000000000224e-01 -6.594672000000000311e-01 -1.280115000000000025e-05
1.850339100000000059e+01 9.972229999999999706e-01 2.637812999999999874e+01 8.980961999999999886e-04 3.990029499999999985e+01 5.320525099999999696e+01 7.169211999999999603e-11 5.105855999999999728e-01 -1.297835000000000072e+00 -2.520609999999999911e-05
1.757465900000000047e+01 9.946760000000000046e-01 2.685863300000000109e+01 9.223265999999999930e-04 3.621431100000000214e+01 5.067167100000000346e+01 1.147618999999999979e-10 8.631379999999999608e-01 -2.423906999999999812e+00 -4.692256000000000091e-05
1.669015299999999868e+01 9.902980000000000116e-01 2.876116599999999934e+01 9.768339999999999922e-04 3.472787300000000243e+01 4.825873800000000102e+01 1.761714000000000044e-10 1.405761000000000038e+00 -4.323945000000000149e+00 -8.298889999999999414e-05
1.584776500000000077e+01 9.831220000000000514e-01 3.277800899999999729e+01 1.075973999999999941e-03 3.602429999999999666e+01 4.596070300000000231e+01 2.553085999999999883e-10 2.172210000000000196e+00 -7.427552999999999628e+00 -1.403749000000000034e-04
1.504548999999999914e+01 9.718609999999999749e-01 3.986864299999999872e+01 1.238493999999999923e-03 4.053303100000000114e+01 4.377209700000000225e+01 3.529434000000000222e-10 3.214370000000000172e+00 -1.231298999999999921e+01 -2.277396000000000108e-04
1.428142000000000067e+01 9.548870000000000413e-01 5.130678100000000086e+01 1.487402999999999989e-03 4.886798300000000239e+01 4.168771300000000224e+01 4.676316999999999910e-10 4.566205000000000069e+00 -1.974390000000000001e+01 -3.550890000000000014e-04
1.355373400000000039e+01 9.302190000000000181e-01 6.895848599999999351e+01 1.851619000000000095e-03 6.226042499999999791e+01 3.970258599999999660e+01 6.401173000000000266e-10 6.695828999999999809e+00 -3.103939000000000092e+01 -5.363625999999999594e-04
1.286069999999999958e+01 8.955560000000000187e-01 9.536268200000000661e+01 2.363614999999999900e-03 8.162165400000000659e+01 3.781198899999999696e+01 7.901221000000000048e-10 8.835829000000000377e+00 -4.796956999999999738e+01 -7.844112000000000090e-04
1.220066699999999926e+01 8.483190000000000452e-01 1.341110759999999971e+02 3.061514999999999896e-03 1.085262989999999945e+02 3.601142099999999857e+01 9.487789999999999969e-10 1.130976000000000070e+01 -7.330952000000000623e+01 -1.117043000000000072e-03
1.157206399999999924e+01 7.857300000000000395e-01 1.901191210000000069e+02 3.989740999999999774e-03 1.440516369999999995e+02 3.429659199999999686e+01 1.095730000000000103e-09 1.388169000000000075e+01 -1.109420999999999964e+02 -1.555708000000000047e-03
1.097339500000000001e+01 7.048969999999999958e-01 2.706284739999999829e+02 5.200480999999999854e-03 1.892880989999999883e+02 3.266342300000000165e+01 1.229534000000000027e-09 1.651236000000000104e+01 -1.673459000000000003e+02 -2.127402999999999933e-03
1.040323399999999943e+01 6.029109999999999747e-01 3.855453719999999862e+02 6.760933999999999694e-03 2.440606429999999989e+02 3.110802400000000034e+01 1.341962000000000003e-09 1.906388000000000105e+01 -2.511989000000000090e+02 -2.875567999999999787e-03
9.860224000000000544e+00 4.769340000000000246e-01 5.475331240000000435e+02 8.765208999999999501e-03 3.194126719999999864e+02 2.962668999999999997e+01 1.590044999999999962e-09 2.385142000000000095e+01 -3.734461999999999762e+02 -3.872694999999999783e-03
9.343071000000000126e+00 3.242700000000000027e-01 7.810378940000000512e+02 1.134566000000000047e-02 3.934600649999999860e+02 2.821589799999999926e+01 1.662907999999999982e-09 2.630705000000000027e+01 -5.650318999999999505e+02 -5.226119000000000424e-03
8.850543999999999301e+00 1.423919999999999908e-01 1.115351809000000003e+03 1.465083000000000010e-02 4.679450850000000059e+02 2.687228400000000050e+01 1.702108999999999917e-09 2.836933000000000149e+01 -8.513686000000000149e+02 -7.015674000000000389e-03
8.381470999999999449e+00 0.000000000000000000e+00 1.598214494999999943e+03 1.896830000000000044e-02 5.377843739999999571e+02 2.559265200000000107e+01 1.719474000000000095e-09 3.017008999999999830e+01 -1.292964999999999918e+03 -9.594962000000000282e-03
7.934733999999999732e+00 0.000000000000000000e+00 2.164823156999999810e+03 2.361415000000000042e-02 5.820410660000000007e+02 2.437395499999999871e+01 1.693811000000000077e-09 3.126001000000000118e+01 -1.670055000000000064e+03 -1.089989000000000062e-02
7.509272000000000169e+00 0.000000000000000000e+00 2.756162898999999925e+03 2.816043000000000018e-02 6.009976609999999937e+02 2.321329300000000018e+01 1.638032999999999900e-09 3.177873999999999910e+01 -1.965798000000000002e+03 -1.129953000000000034e-02
7.104068999999999967e+00 0.000000000000000000e+00 3.346157208999999966e+03 3.258612999999999787e-02 6.004061470000000327e+02 2.210790000000000077e+01 1.560627000000000095e-09 3.181650000000000134e+01 -2.230780000000000200e+03 -1.164247000000000025e-02
6.718161000000000271e+00 0.000000000000000000e+00 3.920594560000000001e+03 3.683713000000000265e-02 5.846667979999999716e+02 2.105514300000000105e+01 1.465759999999999910e-09 3.139514000000000138e+01 -2.480951000000000022e+03 -1.183624999999999955e-02
6.350629999999999775e+00 0.000000000000000000e+00 4.467436480999999731e+03 4.086657999999999957e-02 5.578288209999999481e+02 2.005251799999999918e+01 1.359104999999999930e-09 3.058002000000000109e+01 -2.713797999999999774e+03 -1.187700000000000040e-02
6.000600000000000378e+00 0.000000000000000000e+00 4.974749633000000358e+03 4.464196000000000136e-02 5.260935520000000452e+02 1.909763799999999989e+01 1.253509000000000040e-09 2.962471000000000032e+01 -2.922010000000000218e+03 -1.178312999999999930e-02
