3.402526900000000154e+01 1.000000000000000000e+00 2.528416899999999856e+01 2.257197000000000066e-04 2.528430399999999878e+01 9.554893300000000522e+01 1.293916000000000000e+10 4.794926000000000000e+19 0.000000000000000000e+00 0.000000000000000000e+00
3.235739900000000091e+01 1.000000000000000000e+00 2.286229000000000156e+01 2.226965999999999982e-04 2.286239300000000085e+01 9.099898399999999299e+01 9.357449000000000000e+09 3.603640000000000000e+19 0.000000000000000000e+00 0.000000000000000000e+00
3.076895299999999978e+01 1.000000000000000000e+00 2.066826899999999867e+01 2.197927999999999872e-04 2.066839600000000132e+01 8.666570500000000266e+01 5.946286000000000000e+09 2.378665000000000000e+19 0.000000000000000000e+00 0.000000000000000000e+00
2.925614699999999857e+01 1.000000000000000000e+00 1.868151999999999902e+01 2.170016999999999996e-04 7.685469600000000412e+01 8.253876999999999953e+01 5.998182999999999908e-14 2.490557999999999813e-04 -3.893376000000000042e-06 -1.027456000000000003e-10
2.781538000000000110e+01 1.000000000000000000e+00 1.688320399999999921e+01 2.143175999999999892e-04 7.432012500000000443e+01 7.860835699999999804e+01 5.484415999999999857e-14 2.366845999999999870e-04 -1.286400999999999985e-05 -3.143059999999999898e-10
2.644322000000000017e+01 1.000000000000000000e+00 1.525611999999999924e+01 2.117354000000000057e-04 7.168893099999999663e+01 7.486510499999999979e+01 5.448942000000000023e-14 2.450021999999999834e-04 -4.203621999999999714e-05 -9.909420999999999379e-10
2.513640200000000036e+01 1.000000000000000000e+00 1.378461500000000051e+01 2.092522000000000089e-04 6.897320799999999963e+01 7.130010500000000206e+01 6.832649999999999669e-14 3.208533000000000066e-04 -1.412948999999999878e-04 -3.320434999999999815e-09
2.389181299999999908e+01 9.999989999999999712e-01 1.245458099999999924e+01 2.068697000000000092e-04 6.616166900000000339e+01 6.790486699999999587e+01 1.258391000000000075e-13 6.149684999999999787e-04 -4.708760999999999893e-04 -1.125006000000000075e-08
2.270648999999999873e+01 9.999970000000000248e-01 1.125370099999999951e+01 2.046038999999999876e-04 6.317656000000000205e+01 6.467130400000000634e+01 3.062443999999999810e-13 1.550025000000000014e-03 -1.528164000000000041e-03 -3.727369000000000056e-08
2.157760999999999996e+01 9.999909999999999632e-01 1.017220700000000022e+01 2.025083000000000005e-04 5.976968899999999962e+01 6.159172000000000224e+01 8.071470999999999909e-13 4.223198000000000056e-03 -4.716538999999999628e-03 -1.175875999999999987e-07
2.050248699999999857e+01 9.999700000000000255e-01 9.204767999999999617e+00 2.007270999999999979e-04 5.539367800000000130e+01 5.865878500000000173e+01 2.061056999999999989e-12 1.115798999999999958e-02 -1.368464999999999959e-02 -3.451945000000000011e-07
1.947855900000000062e+01 9.999149999999999983e-01 8.354430999999999941e+00 1.996067000000000078e-04 4.914258800000000349e+01 5.586551000000000045e+01 4.983515999999999866e-12 2.793746000000000076e-02 -3.703814999999999885e-02 -9.418552999999999886e-07
1.850339100000000059e+01 9.997749999999999693e-01 7.640431000000000417e+00 1.999078000000000107e-04 4.060984599999999745e+01 5.320525099999999696e+01 1.108717999999999962e-11 6.449584999999999346e-02 -9.387591000000000685e-02 -2.392000000000000137e-06
1.757465900000000047e+01 9.994480000000000031e-01 7.110376999999999725e+00 2.031461000000000031e-04 3.085585899999999882e+01 5.067167100000000346e+01 2.291892999999999956e-11 1.388418999999999903e-01 -2.217826999999999993e-01 -5.645525999999999859e-06
1.669015299999999868e+01 9.987399999999999611e-01 6.861932999999999616e+00 2.121574000000000094e-04 2.219619700000000151e+01 4.825873800000000102e+01 4.467048999999999781e-11 2.838775000000000048e-01 -4.931567000000000034e-01 -1.247987999999999917e-05
1.584776500000000077e+01 9.973020000000000218e-01 7.072570999999999941e+00 2.318255999999999984e-04 1.655850799999999978e+01 4.596070300000000231e+01 8.069317999999999524e-11 5.452274999999999761e-01 -1.035222000000000087e+00 -2.588602000000000055e-05
1.504548999999999914e+01 9.945530000000000204e-01 8.044586000000000681e+00 2.700142000000000210e-04 1.399889199999999967e+01 4.377209700000000225e+01 1.368874000000000034e-10 1.002102999999999966e+00 -2.064715000000000078e+00 -5.059099000000000332e-05
1.428142000000000067e+01 9.895789999999999864e-01 1.027947200000000016e+01 3.391425000000000212e-04 1.418666499999999964e+01 4.168771300000000224e+01 2.194227999999999911e-10 1.772912000000000043e+00 -3.951318999999999804e+00 -9.428119000000000050e-05
1.355373400000000039e+01 9.810299999999999576e-01 1.454219499999999954e+01 4.565018000000000005e-04 1.699080100000000115e+01 3.970258599999999660e+01 3.497017999999999969e-10 3.145164999999999988e+00 -7.246902000000000399e+00 -1.665327999999999991e-04
1.286069999999999958e+01 9.670050000000000034e-01 2.204204899999999867e+01 6.458489999999999891e-04 2.330153200000000169e+01 3.781198899999999696e+01 5.087757000000000508e-10 5.087671000000000276e+00 -1.290096999999999916e+01 -2.809652999999999847e-04
1.220066699999999926e+01 9.449650000000000549e-01 3.460182199999999852e+01 9.393083000000000205e-04 3.419307400000000285e+01 3.601142099999999857e+01 7.126322999999999566e-10 7.849680000000000213e+00 -2.236029999999999873e+01 -4.565290000000000060e-04
1.157206399999999924e+01 9.116619999999999724e-01 5.493759000000000015e+01 1.377821999999999901e-03 5.156925100000000128e+01 3.429659199999999686e+01 9.485961000000000099e-10 1.138172999999999924e+01 -3.787812000000000268e+01 -7.162682000000000077e-04
1.097339500000000001e+01 8.631259999999999488e-01 8.684454300000000160e+01 2.011703000000000102e-03 7.785088399999999353e+01 3.266342300000000165e+01 1.214435000000000056e-09 1.571538999999999930e+01 -6.257853000000000065e+01 -1.088056999999999913e-03
1.040323399999999943e+01 7.946839999999999460e-01 1.360105240000000038e+02 2.905173000000000044e-03 1.161813070000000039e+02 3.110802400000000034e+01 1.497467999999999983e-09 2.074036999999999864e+01 -1.017678999999999974e+02 -1.612263999999999971e-03
9.860224000000000544e+00 7.010370000000000212e-01 2.115814990000000080e+02 4.137354999999999679e-03 1.730805379999999900e+02 2.962668999999999997e+01 1.942229999999999816e-09 2.863440999999999903e+01 -1.649656999999999982e+02 -2.337704999999999818e-03
9.343071000000000126e+00 5.763800000000000034e-01 3.282687470000000189e+02 5.814760999999999888e-03 2.512357719999999972e+02 2.821589799999999926e+01 2.257413000000000092e-09 3.529614000000000118e+01 -2.682488000000000170e+02 -3.344788999999999922e-03
8.850543999999999301e+00 4.145320000000000116e-01 5.083861380000000167e+02 8.089568999999999580e-03 3.563545669999999745e+02 2.687228400000000050e+01 2.547911000000000054e-09 4.213389999999999702e+01 -4.360754999999999768e+02 -4.764331999999999595e-03
8.381470999999999449e+00 2.090680000000000038e-01 7.865417320000000245e+02 1.117358000000000066e-02 4.913470100000000116e+02 2.559265200000000107e+01 2.818703999999999824e-09 4.919850000000000279e+01 -7.093387000000000171e+02 -6.780020000000000317e-03
7.934733999999999732e+00 0.000000000000000000e+00 1.231669137000000092e+03 1.543276000000000023e-02 6.551906289999999444e+02 2.437395499999999871e+01 3.023175999999999859e-09 5.561984999999999957e+01 -1.189358999999999924e+03 -9.818669999999999828e-03
7.509272000000000169e+00 0.000000000000000000e+00 1.806286399000000074e+03 2.040969999999999937e-02 8.074871419999999489e+02 2.321329300000000018e+01 3.162747999999999840e-09 6.124611000000000161e+01 -1.673599999999999909e+03 -1.208837999999999926e-02
7.104068999999999967e+00 0.000000000000000000e+00 2.457842462000000069e+03 2.555226000000000025e-02 9.284854169999999840e+02 2.210790000000000077e+01 3.238843000000000083e-09 6.595722999999999558e+01 -2.111530999999999949e+03 -1.320366000000000074e-02
6.718161000000000271e+00 0.000000000000000000e+00 3.171292312999999922e+03 3.077014000000000138e-02 1.016436432999999965e+03 2.105514300000000105e+01 3.251627000000000149e-09 6.960163000000000011e+01 -2.575509000000000015e+03 -1.415352999999999924e-02
6.350629999999999775e+00 0.000000000000000000e+00 3.921128188000000137e+03 3.600387000000000032e-02 1.071076888999999937e+03 2.005251799999999918e+01 3.206365999999999927e-09 7.211845999999999890e+01 -3.033623000000000047e+03 -1.498842000000000056e-02
6.000600000000000378e+00 0.000000000000000000e+00 4.691976216000000022e+03 4.115267000000000230e-02 1.100638509999999997e+03 1.909763799999999989e+01 3.131136999999999876e-09 7.398896000000000583e+01 -3.502297999999999774e+03 -1.556872999999999937e-02
