3.402526900000000154e+01 1.000000000000000000e+00 2.576956099999999950e+01 2.405979999999999892e-04 2.576969300000000018e+01 9.554893300000000522e+01 1.293916000000000000e+10 4.809095000000000000e+19 0.000000000000000000e+00 0.000000000000000000e+00
3.235739900000000091e+01 1.000000000000000000e+00 2.332087100000000035e+01 2.372022999999999905e-04 8.146581799999999873e+01 9.099898399999999299e+01 1.765897999999999934e-13 6.765261000000000278e-04 -4.811776000000000007e-07 -1.231916999999999990e-11
3.076895299999999978e+01 1.000000000000000000e+00 2.110185099999999991e+01 2.339470000000000015e-04 7.911546699999999532e+01 8.666570500000000266e+01 2.047905999999999968e-13 8.107976000000000245e-04 -1.479418000000000046e-06 -3.763854000000000251e-11
2.925614699999999857e+01 1.000000000000000000e+00 1.909186800000000162e+01 2.308239999999999977e-04 7.659865299999999877e+01 8.253876999999999953e+01 3.404266000000000007e-13 1.402012999999999914e-03 -4.619068999999999736e-06 -1.164738000000000088e-10
2.781538000000000110e+01 1.000000000000000000e+00 1.727203300000000041e+01 2.278263000000000044e-04 7.369542800000000682e+01 7.860835699999999804e+01 8.305792999999999806e-13 3.578663000000000156e-03 -1.515857000000000046e-05 -3.801639000000000111e-10
2.644322000000000017e+01 1.000000000000000000e+00 1.562507399999999969e+01 2.249479999999999882e-04 6.968687599999999804e+01 7.486510499999999979e+01 2.422404999999999915e-12 1.088058000000000081e-02 -4.993595000000000087e-05 -1.255408000000000097e-09
2.513640200000000036e+01 9.999989999999999712e-01 1.413526399999999938e+01 2.221853999999999886e-04 6.281974400000000003e+01 7.130010500000000206e+01 7.202491000000000112e-12 3.361166000000000154e-02 -1.621577000000000077e-04 -4.105979999999999918e-09
2.389181299999999908e+01 9.999949999999999672e-01 1.278839999999999932e+01 2.195397000000000082e-04 5.076929299999999756e+01 6.790486699999999587e+01 2.050779999999999871e-11 9.925140000000000351e-02 -5.001492999999999651e-04 -1.276740999999999944e-08
2.270648999999999873e+01 9.999850000000000128e-01 1.157192900000000080e+01 2.170229999999999989e-04 3.534749500000000211e+01 6.467130400000000634e+01 5.354735000000000043e-11 2.686040000000000094e-01 -1.448223999999999909e-03 -3.719987999999999707e-08
2.157760999999999996e+01 9.999569999999999848e-01 1.047533499999999940e+01 2.146723000000000012e-04 2.253333900000000156e+01 6.159172000000000224e+01 1.291452999999999893e-10 6.709943999999999908e-01 -3.929020000000000082e-03 -1.015040999999999990e-07
2.050248699999999857e+01 9.998860000000000525e-01 9.490869000000000000e+00 2.125724999999999913e-04 1.499802999999999997e+01 5.865878500000000173e+01 2.873246000000000151e-10 1.545817999999999914e+00 -9.888931000000000110e-03 -2.563935000000000254e-07
1.947855900000000062e+01 9.997209999999999708e-01 8.614919000000000437e+00 2.108985000000000070e-04 1.104717800000000061e+01 5.586551000000000045e+01 6.047907999999999832e-10 3.368644000000000194e+00 -2.324114999999999862e-02 -6.043025999999999865e-07
1.850339100000000059e+01 9.993640000000000301e-01 7.850184999999999746e+00 2.099806000000000068e-04 8.985421000000000546e+00 5.320525099999999696e+01 1.166757999999999995e-09 6.732314999999999827e+00 -5.127069000000000071e-02 -1.334836000000000055e-06
1.757465900000000047e+01 9.986410000000000009e-01 7.208300000000000374e+00 2.103871000000000105e-04 7.769757000000000247e+00 5.067167100000000346e+01 2.106133000000000176e-09 1.260748000000000069e+01 -1.061456000000000066e-01 -2.763754000000000119e-06
1.669015299999999868e+01 9.972630000000000106e-01 6.713931999999999789e+00 2.130463999999999936e-04 7.007165999999999784e+00 4.825873800000000102e+01 3.609927999999999944e-09 2.248744999999999905e+01 -2.079446000000000072e-01 -5.405979999999999866e-06
1.584776500000000077e+01 9.947789999999999688e-01 6.408779000000000003e+00 2.193645000000000035e-04 6.574353999999999587e+00 4.596070300000000231e+01 5.785094999999999863e-09 3.772267000000000081e+01 -3.867666000000000159e-01 -1.001283000000000049e-05
1.504548999999999914e+01 9.905239999999999601e-01 6.356535000000000046e+00 2.313546000000000092e-04 6.457093999999999667e+00 4.377209700000000225e+01 8.775496000000000112e-09 6.045915000000000106e+01 -6.864833000000000185e-01 -1.763419000000000065e-05
1.428142000000000067e+01 9.835709999999999731e-01 6.652377999999999680e+00 2.518592999999999960e-04 6.718163999999999803e+00 4.168771300000000224e+01 1.267167999999999982e-08 9.340600000000000591e+01 -1.173971000000000098e+00 -2.979901000000000118e-05
1.355373400000000039e+01 9.726879999999999971e-01 7.420341999999999771e+00 2.844952000000000201e-04 7.463784999999999670e+00 3.970258599999999660e+01 1.856791999999999889e-08 1.482753999999999905e+02 -1.928296000000000010e+00 -4.823097999999999811e-05
1.286069999999999958e+01 9.563160000000000549e-01 8.827204999999999302e+00 3.338686999999999905e-04 8.859709000000000501e+00 3.781198899999999696e+01 2.468008999999999888e-08 2.158848999999999876e+02 -3.065328000000000053e+00 -7.525436000000000636e-05
1.220066699999999926e+01 9.325639999999999485e-01 1.109886999999999979e+01 4.055926999999999970e-04 1.112414300000000011e+01 3.601142099999999857e+01 3.175988999999999919e-08 3.058476999999999748e+02 -4.751279000000000252e+00 -1.136098999999999979e-04
1.157206399999999924e+01 8.992350000000000065e-01 1.454356499999999919e+01 5.064708000000000231e-04 1.456324599999999947e+01 3.429659199999999686e+01 3.908921000000000092e-08 4.141908999999999992e+02 -7.227019000000000304e+00 -1.667732999999999911e-04
1.097339500000000001e+01 8.538759999999999684e-01 1.955382900000000035e+01 6.444391999999999742e-04 1.956703699999999913e+01 3.266342300000000165e+01 4.652594000000000322e-08 5.399627000000000407e+02 -1.079255999999999993e+01 -2.386773999999999927e-04
1.040323399999999943e+01 7.938520000000000021e-01 2.661294900000000041e+01 8.290379000000000064e-04 2.661653000000000091e+01 3.110802400000000034e+01 5.361895999999999906e-08 6.771426999999999907e+02 -1.582527999999999935e+01 -3.346787000000000047e-04
9.860224000000000544e+00 7.164369999999999905e-01 3.642577599999999904e+01 1.071810999999999988e-03 3.641351699999999880e+01 2.962668999999999997e+01 6.614319999999999634e-08 9.029186999999999443e+02 -2.302295000000000158e+01 -4.617137999999999906e-04
9.343071000000000126e+00 6.189179999999999682e-01 4.996979600000000232e+01 1.387627000000000001e-03 4.992961700000000036e+01 2.821589799999999926e+01 7.249114000000000203e-08 1.063855000000000018e+03 -3.334872000000000014e+01 -6.303320000000000494e-04
8.850543999999999301e+00 4.986990000000000034e-01 6.843959800000000371e+01 1.796318999999999997e-03 6.834745999999999810e+01 2.687228400000000050e+01 7.747298999999999842e-08 1.216336999999999989e+03 -4.787843999999999767e+01 -8.561464000000000400e-04
8.381470999999999449e+00 3.533919999999999839e-01 9.376330699999999752e+01 2.322809999999999805e-03 9.357367000000000701e+01 2.559265200000000107e+01 8.144263000000000458e-08 1.362670000000000073e+03 -6.901591999999999416e+01 -1.157707000000000007e-03
7.934733999999999732e+00 1.809040000000000092e-01 1.291325620000000072e+02 3.002387000000000025e-03 1.287505439999999908e+02 2.437395499999999871e+01 8.332730000000000527e-08 1.481460000000000036e+03 -1.009595000000000056e+02 -1.568271999999999895e-03
7.509272000000000169e+00 0.000000000000000000e+00 1.789965339999999969e+02 3.879813000000000185e-03 1.782260229999999979e+02 2.321329300000000018e+01 8.350068000000000493e-08 1.573711000000000013e+03 -1.489829000000000008e+02 -2.124706000000000077e-03
7.104068999999999967e+00 0.000000000000000000e+00 2.368343370000000050e+02 4.836594999999999957e-03 2.354247220000000027e+02 2.210790000000000077e+01 8.220094999999999995e-08 1.637481999999999971e+03 -1.893887000000000000e+02 -2.443545000000000092e-03
6.718161000000000271e+00 0.000000000000000000e+00 2.977708589999999731e+02 5.807887000000000292e-03 2.954317520000000172e+02 2.105514300000000105e+01 7.956706000000000627e-08 1.671898999999999887e+03 -2.232229000000000099e+02 -2.620889999999999852e-03
6.350629999999999775e+00 0.000000000000000000e+00 3.588728070000000230e+02 6.784412000000000081e-03 3.552753099999999904e+02 2.005251799999999918e+01 7.585522000000000392e-08 1.679086999999999989e+03 -2.531753999999999962e+02 -2.782917000000000203e-03
6.000600000000000378e+00 0.000000000000000000e+00 4.186679790000000025e+02 7.753012000000000098e-03 4.134643820000000005e+02 1.909763799999999989e+01 7.178790999999999845e-08 1.672589999999999918e+03 -2.817780999999999949e+02 -2.915356000000000024e-03
