3.402526900000000154e+01 1.000000000000000000e+00 2.490358300000000114e+01 2.139869000000000027e-04 2.490372299999999939e+01 9.554893300000000522e+01 1.293916000000000000e+10 4.783535000000000000e+19 0.000000000000000000e+00 0.000000000000000000e+00
3.235739900000000091e+01 1.000000000000000000e+00 2.249923499999999876e+01 2.112449999999999875e-04 2.249939399999999878e+01 9.099898399999999299e+01 9.357438000000000000e+09 3.594226000000000000e+19 0.000000000000000000e+00 0.000000000000000000e+00
3.076895299999999978e+01 1.000000000000000000e+00 2.032144600000000167e+01 2.086068999999999966e-04 2.032162900000000150e+01 8.666570500000000266e+01 5.946278000000000000e+09 2.371822000000000000e+19 0.000000000000000000e+00 0.000000000000000000e+00
2.925614699999999857e+01 1.000000000000000000e+00 1.834963000000000122e+01 2.060669000000000107e-04 7.699487399999999582e+01 8.253876999999999953e+01 8.953778000000000182e-17 3.456407000000000147e-07 -7.698561999999999662e-08 -2.056284999999999856e-12
2.781538000000000110e+01 1.000000000000000000e+00 1.656496800000000036e+01 2.036200000000000054e-04 7.445806199999999819e+01 7.860835699999999804e+01 2.648661000000000146e-16 1.078354999999999944e-06 -2.364666999999999928e-07 -6.326282999999999692e-12
2.644322000000000017e+01 1.000000000000000000e+00 1.495027200000000001e+01 2.012613999999999972e-04 7.182287999999999784e+01 7.486510499999999979e+01 8.291175999999999893e-16 3.565860000000000194e-06 -7.491900000000000005e-07 -2.002279999999999986e-11
2.513640200000000036e+01 1.000000000000000000e+00 1.348985200000000084e+01 1.989867000000000035e-04 6.911203999999999326e+01 7.130010500000000206e+01 2.721134999999999990e-15 1.230155000000000083e-05 -2.516575000000000126e-06 -6.717431999999999846e-11
2.389181299999999908e+01 1.000000000000000000e+00 1.216939799999999927e+01 1.967921000000000026e-04 6.634945500000000607e+01 6.790486699999999587e+01 8.869914000000000660e-15 4.190515999999999707e-05 -8.510612000000000637e-06 -2.274095999999999950e-10
2.270648999999999873e+01 1.000000000000000000e+00 1.097587700000000055e+01 1.946740999999999934e-04 6.355632800000000060e+01 6.467130400000000634e+01 2.713457999999999925e-14 1.333650000000000081e-04 -2.809602000000000142e-05 -7.522240999999999770e-10
2.157760999999999996e+01 9.999980000000000535e-01 9.897449999999999193e+00 1.926305999999999917e-04 6.073400099999999924e+01 6.159172000000000224e+01 7.713069999999999566e-14 3.932292999999999791e-04 -8.822823999999999944e-05 -2.368246999999999835e-09
2.050248699999999857e+01 9.999949999999999672e-01 8.923405999999999949e+00 1.906611999999999966e-04 5.783827999999999747e+01 5.865878500000000173e+01 2.018167000000000058e-13 1.065565000000000088e-03 -2.581481000000000162e-04 -6.945187999999999861e-09
1.947855900000000062e+01 9.999860000000000415e-01 8.044150000000000134e+00 1.887698999999999898e-04 5.473451000000000022e+01 5.586551000000000045e+01 4.922232000000000266e-13 2.688348000000000126e-03 -7.021565999999999919e-04 -1.893638000000000032e-08
1.850339100000000059e+01 9.999620000000000175e-01 7.251276999999999973e+00 1.869693000000000125e-04 5.118849099999999908e+01 5.320525099999999696e+01 1.098757999999999911e-12 6.202748000000000116e-03 -1.779624999999999957e-03 -4.808518999999999781e-08
1.757465900000000047e+01 9.999080000000000190e-01 6.537709999999999688e+00 1.852873999999999906e-04 4.685316300000000211e+01 5.067167100000000346e+01 2.274922999999999878e-12 1.326412000000000077e-02 -4.192602999999999608e-03 -1.134838999999999935e-07
1.669015299999999868e+01 9.997899999999999565e-01 5.898016000000000147e+00 1.837789999999999899e-04 4.136354800000000154e+01 4.825873800000000102e+01 4.438288999999999891e-12 2.671195999999999987e-02 -9.259477000000000332e-03 -2.510179999999999783e-07
1.584776500000000077e+01 9.995500000000000496e-01 5.328786000000000023e+00 1.825402000000000112e-04 3.486444600000000094e+01 4.596070300000000231e+01 8.022268000000000770e-12 4.981936000000000003e-02 -1.918260999999999925e-02 -5.206227999999999521e-07
1.504548999999999914e+01 9.990919999999999801e-01 4.829239000000000281e+00 1.817296000000000091e-04 2.795674599999999899e+01 4.377209700000000225e+01 1.361527999999999972e-11 8.725349000000000299e-02 -3.755437999999999832e-02 -1.020147000000000009e-06
1.428142000000000067e+01 9.982630000000000114e-01 4.401873000000000147e+00 1.815924000000000065e-04 2.155672799999999967e+01 4.168771300000000224e+01 2.183211000000000036e-11 1.445043000000000022e-01 -6.980580000000000118e-02 -1.897040000000000052e-06
1.355373400000000039e+01 9.968390000000000306e-01 4.052840999999999916e+00 1.824769000000000011e-04 1.593744300000000003e+01 3.970258599999999660e+01 3.481315000000000298e-11 2.384201999999999988e-01 -1.232938999999999979e-01 -3.348501000000000028e-06
1.286069999999999958e+01 9.945019999999999971e-01 3.792851999999999890e+00 1.848668000000000034e-04 1.214860400000000062e+01 3.781198899999999696e+01 5.066385000000000207e-11 3.606088000000000071e-01 -2.084869000000000028e-01 -5.652793000000000344e-06
1.220066699999999926e+01 9.908320000000000460e-01 3.637605999999999895e+00 1.893967999999999889e-04 9.545935000000000059e+00 3.601142099999999857e+01 7.098288999999999785e-11 5.287281000000000342e-01 -3.389876000000000000e-01 -9.159086000000000148e-06
1.157206399999999924e+01 9.852880000000000527e-01 3.607880000000000198e+00 1.968553000000000056e-04 7.933633999999999631e+00 3.429659199999999686e+01 9.450451000000000239e-11 7.441183000000000103e-01 -5.316492000000000440e-01 -1.427954999999999951e-05
1.097339500000000001e+01 9.772149999999999448e-01 3.728425000000000100e+00 2.081471000000000048e-04 7.019009999999999749e+00 3.266342300000000165e+01 1.210075000000000084e-10 1.019568000000000030e+00 -8.050893999999999551e-01 -2.142896000000000159e-05
1.040323399999999943e+01 9.658419999999999783e-01 4.031849000000000238e+00 2.243734999999999957e-04 6.650739999999999874e+00 3.110802400000000034e+01 1.492240999999999914e-10 1.362524000000000068e+00 -1.188372999999999902e+00 -3.122321999999999750e-05
9.860224000000000544e+00 9.503059999999999841e-01 4.554096000000000366e+00 2.466961000000000045e-04 6.566345000000000098e+00 2.962668999999999997e+01 1.936091999999999946e-10 1.933540000000000036e+00 -1.708495000000000097e+00 -4.412572999999999875e-05
9.343071000000000126e+00 9.296710000000000251e-01 5.330968000000000373e+00 2.763312999999999880e-04 7.064650000000000318e+00 2.821589799999999926e+01 2.250277999999999940e-10 2.474661999999999917e+00 -2.390404999999999891e+00 -6.064748999999999759e-05
8.850543999999999301e+00 9.029629999999999601e-01 6.404834000000000138e+00 3.147180000000000181e-04 7.945758999999999794e+00 2.687228400000000050e+01 2.539624999999999903e-10 3.078625000000000167e+00 -3.275964000000000098e+00 -8.170386999999999333e-05
8.381470999999999449e+00 8.692029999999999479e-01 7.823623000000000438e+00 3.632547999999999767e-04 9.204848999999999393e+00 2.559265200000000107e+01 2.809051999999999845e-10 3.744085000000000107e+00 -4.412779999999999703e+00 -1.077884999999999998e-04
7.934733999999999732e+00 8.274519999999999653e-01 9.637721000000000871e+00 4.232298999999999914e-04 1.087126400000000004e+01 2.437395499999999871e+01 3.011674000000000037e-10 4.393181000000000225e+00 -5.849984000000000073e+00 -1.392706000000000011e-04
7.509272000000000169e+00 7.768420000000000325e-01 1.190669399999999989e+01 4.960048999999999578e-04 1.295506499999999939e+01 2.321329300000000018e+01 3.151321000000000248e-10 5.004044000000000381e+00 -7.660169999999999924e+00 -1.769549000000000089e-04
7.104068999999999967e+00 7.166109999999999980e-01 1.468935699999999933e+01 5.830024999999999531e-04 1.546209499999999970e+01 2.210790000000000077e+01 3.228978999999999940e-10 5.551918999999999826e+00 -9.905193999999999832e+00 -2.217044000000000046e-04
6.718161000000000271e+00 6.461320000000000396e-01 1.802322300000000155e+01 6.854812000000000058e-04 1.836458100000000115e+01 2.105514300000000105e+01 3.243318000000000111e-10 6.008289000000000435e+00 -1.260230999999999923e+01 -2.738929000000000081e-04
6.350629999999999775e+00 5.649319999999999897e-01 2.197849599999999981e+01 8.048928000000000332e-04 2.164187300000000036e+01 2.005251799999999918e+01 3.199500000000000170e-10 6.359173000000000187e+00 -1.590906000000000020e+01 -3.348526999999999797e-04
6.000600000000000378e+00 4.727049999999999863e-01 2.662848899999999830e+01 9.423866000000000144e-04 2.525119099999999861e+01 1.909763799999999989e+01 3.125647000000000032e-10 6.641974000000000267e+00 -1.993703000000000003e+01 -4.046675000000000012e-04
