3.402526900000000154e+01 1.000000000000000000e+00 4.436831099999999850e+01 8.592765000000000255e-04 4.436837100000000333e+01 9.554893300000000522e+01 1.293916000000000000e+10 5.164018000000000000e+19 0.000000000000000000e+00 0.000000000000000000e+00
3.235739900000000091e+01 1.000000000000000000e+00 4.100518600000000191e+01 8.280937999999999624e-04 4.100521400000000227e+01 9.099898399999999299e+01 9.357449000000000000e+09 3.902627000000000000e+19 0.000000000000000000e+00 0.000000000000000000e+00
3.076895299999999978e+01 1.000000000000000000e+00 3.792771700000000124e+01 7.998843999999999746e-04 3.792774899999999860e+01 8.666570500000000266e+01 5.946286000000000000e+09 2.591470000000000000e+19 0.000000000000000000e+00 0.000000000000000000e+00
2.925614699999999857e+01 1.000000000000000000e+00 3.511374299999999948e+01 7.742607000000000525e-04 7.515728500000000167e+01 8.253876999999999953e+01 2.869970000000000139e-12 1.306514999999999933e-02 -9.595159000000000403e-06 -2.015765999999999923e-10
2.781538000000000110e+01 1.000000000000000000e+00 3.254202800000000195e+01 7.509026000000000025e-04 7.233472299999999677e+01 7.860835699999999804e+01 2.479745999999999923e-12 1.179884999999999962e-02 -3.110131000000000055e-05 -6.157259999999999684e-10
2.644322000000000017e+01 1.000000000000000000e+00 3.019243900000000025e+01 7.295434999999999854e-04 6.956399999999999295e+01 7.486510499999999979e+01 2.183661999999999950e-12 1.086491000000000019e-02 -1.016713000000000035e-04 -1.937804000000000105e-09
2.513640200000000036e+01 1.000000000000000000e+00 2.804613799999999912e+01 7.099619999999999629e-04 6.680225500000000238e+01 7.130010500000000206e+01 2.068308999999999926e-12 1.077215999999999937e-02 -3.440434999999999934e-04 -6.484278999999999958e-09
2.389181299999999908e+01 9.999989999999999712e-01 2.608589100000000016e+01 6.919795999999999976e-04 6.391578799999999916e+01 6.790486699999999587e+01 2.420242999999999909e-12 1.320707999999999951e-02 -1.148506000000000093e-03 -2.198727000000000032e-08
2.270648999999999873e+01 9.999970000000000248e-01 2.429692899999999867e+01 6.754715999999999585e-04 6.054721500000000134e+01 6.467130400000000634e+01 4.019776999999999947e-12 2.297304000000000013e-02 -3.721031999999999985e-03 -7.296276000000000582e-08
2.157760999999999996e+01 9.999909999999999632e-01 2.266901299999999964e+01 6.604090000000000394e-04 5.590972500000000167e+01 6.159172000000000224e+01 8.823418999999999402e-12 5.273057999999999912e-02 -1.148974999999999996e-02 -2.303874000000000054e-07
2.050248699999999857e+01 9.999700000000000255e-01 2.120109599999999972e+01 6.469575000000000412e-04 4.900279499999999899e+01 5.865878500000000173e+01 2.112212999999999898e-11 1.319926999999999906e-01 -3.331662999999999986e-02 -6.768423999999999887e-07
1.947855900000000062e+01 9.999149999999999983e-01 1.991078900000000118e+01 6.356928999999999661e-04 3.983251800000000031e+01 5.586551000000000045e+01 5.001411999999999732e-11 3.269740999999999898e-01 -9.010245999999999533e-02 -1.847575000000000052e-06
1.850339100000000059e+01 9.997749999999999693e-01 1.885265400000000113e+01 6.280129999999999654e-04 3.096536100000000147e+01 5.320525099999999696e+01 1.105345000000000049e-10 7.570500000000000007e-01 -2.279938999999999993e-01 -4.693628999999999578e-06
1.757465900000000047e+01 9.994480000000000031e-01 1.814638300000000015e+01 6.268022999999999737e-04 2.471470599999999962e+01 5.067167100000000346e+01 2.280271999999999992e-10 1.639669999999999961e+00 -5.375826000000000215e-01 -1.108123999999999930e-05
1.669015299999999868e+01 9.987399999999999611e-01 1.802560799999999830e+01 6.375308000000000320e-04 2.141795799999999872e+01 4.825873800000000102e+01 4.442408999999999853e-10 3.366595999999999922e+00 -1.191332999999999975e+00 -2.449557999999999833e-05
1.584776500000000077e+01 9.973009999999999931e-01 1.890325199999999839e+01 6.696792000000000239e-04 2.068991700000000122e+01 4.596070300000000231e+01 8.025093000000000383e-10 6.449894999999999712e+00 -2.487814999999999888e+00 -5.080783000000000039e-05
1.504548999999999914e+01 9.945500000000000451e-01 2.147156299999999973e+01 7.385421000000000520e-04 2.241970200000000091e+01 4.377209700000000225e+01 1.361662000000000049e-09 1.170123000000000069e+01 -4.927858999999999767e+00 -9.927915000000000643e-05
1.428142000000000067e+01 9.895749999999999824e-01 2.690200000000000102e+01 8.682167000000000183e-04 2.733677899999999994e+01 4.168771300000000224e+01 2.183182000000000123e-09 2.021881000000000128e+01 -9.394062999999999164e+00 -1.848530999999999937e-04
1.355373400000000039e+01 9.810200000000000031e-01 3.701536099999999863e+01 1.092122000000000058e-03 3.698897500000000349e+01 3.970258599999999660e+01 3.481094000000000056e-09 3.488206999999999880e+01 -1.721405000000000030e+01 -3.260326000000000131e-04
1.286069999999999958e+01 9.669839999999999547e-01 5.462706699999999671e+01 1.455960000000000067e-03 5.400626700000000113e+01 3.781198899999999696e+01 5.065934999999999629e-09 5.491704000000000008e+01 -3.053412000000000148e+01 -5.489483000000000513e-04
1.220066699999999926e+01 9.449199999999999822e-01 8.392787800000000686e+01 2.021199999999999906e-03 8.228174500000000080e+01 3.601142099999999857e+01 7.097591999999999906e-09 8.288177000000000305e+01 -5.263033000000000072e+01 -8.897227999999999647e-04
1.157206399999999924e+01 9.115659999999999874e-01 1.315103070000000116e+02 2.864372000000000012e-03 1.278858519999999999e+02 3.429659199999999686e+01 9.449470000000000043e-09 1.182206000000000046e+02 -8.925455999999999790e+01 -1.389791000000000030e-03
1.097339500000000001e+01 8.629219999999999668e-01 2.073728209999999876e+02 4.075279000000000228e-03 1.998346779999999967e+02 3.266342300000000165e+01 1.209946000000000073e-08 1.613572000000000060e+02 -1.493331000000000017e+02 -2.094322000000000024e-03
1.040323399999999943e+01 7.942580000000000195e-01 3.268177789999999732e+02 5.762843000000000132e-03 3.113861009999999965e+02 3.110802400000000034e+01 1.492080000000000084e-08 2.112373000000000047e+02 -2.474070000000000107e+02 -3.065337000000000010e-03
9.860224000000000544e+00 7.001779999999999671e-01 5.112377389999999764e+02 8.057876999999999748e-03 4.820256899999999973e+02 2.962668999999999997e+01 1.935907000000000065e-08 2.900251999999999839e+02 -4.032255999999999858e+02 -4.379272000000000026e-03
9.343071000000000126e+00 5.747060000000000501e-01 7.945815509999999904e+02 1.116505999999999922e-02 7.353949659999999540e+02 2.821589799999999926e+01 2.250106000000000005e-08 3.559402999999999793e+02 -6.540573000000000548e+02 -6.224692000000000419e-03
8.850543999999999301e+00 4.113640000000000074e-01 1.230153612999999950e+03 1.533027000000000001e-02 1.109001670999999988e+03 2.687228400000000050e+01 2.539493000000000094e-08 4.235043000000000006e+02 -1.060976000000000113e+03 -8.758056999999999648e-03
8.381470999999999449e+00 2.032519999999999882e-01 1.892535343999999895e+03 2.093124999999999847e-02 1.644797238999999990e+03 2.559265200000000107e+01 2.809026999999999879e-08 4.932893000000000256e+02 -1.706023999999999887e+03 -1.235202000000000001e-02
7.934733999999999732e+00 0.000000000000000000e+00 2.945361532999999781e+03 2.852108000000000074e-02 2.419908691000000090e+03 2.437395499999999871e+01 3.011838999999999736e-08 5.565288000000000466e+02 -2.845403999999999996e+03 -1.754527999999999990e-02
7.509272000000000169e+00 0.000000000000000000e+00 4.310025544000000082e+03 3.704114000000000018e-02 3.308491962999999942e+03 2.321329300000000018e+01 3.151307000000000148e-08 6.122441000000000031e+02 -4.023217999999999847e+03 -2.076421999999999990e-02
7.104068999999999967e+00 0.000000000000000000e+00 5.844090384000000086e+03 4.557570999999999845e-02 4.173773266000000149e+03 2.210790000000000077e+01 3.228592000000000301e-08 6.591852000000000089e+02 -5.054780999999999949e+03 -2.199127000000000026e-02
6.718161000000000271e+00 0.000000000000000000e+00 7.517350916999999754e+03 5.392953999999999803e-02 4.970885747000000265e+03 2.105514300000000105e+01 3.242596999999999902e-08 6.955526999999999589e+02 -6.157679000000000087e+03 -2.274997000000000130e-02
6.350629999999999775e+00 0.000000000000000000e+00 9.226197478000000046e+03 6.221779000000000198e-02 5.635204533000000083e+03 2.005251799999999918e+01 3.198541999999999975e-08 7.207029999999999745e+02 -7.129516999999999825e+03 -2.380652999999999936e-02
6.000600000000000378e+00 0.000000000000000000e+00 1.090553160600000047e+04 7.040807999999999789e-02 6.157317410999999993e+03 1.909763799999999989e+01 3.124509000000000175e-08 7.394433000000000220e+02 -8.015979000000000269e+03 -2.480134999999999978e-02
