3.402526900000000154e+01 1.000000000000000000e+00 2.576956099999999950e+01 2.405979999999999892e-04 2.576969300000000018e+01 9.554893300000000522e+01 1.293916000000000000e+10 4.809095000000000000e+19 0.000000000000000000e+00 0.000000000000000000e+00
3.235739900000000091e+01 1.000000000000000000e+00 2.332087500000000091e+01 2.372023999999999975e-04 8.146832999999999458e+01 9.099898399999999299e+01 1.616188000000000110e-13 6.230485000000000233e-04 -2.601582999999999957e-06 -6.660796000000000167e-11
3.076895299999999978e+01 1.000000000000000000e+00 2.110186500000000009e+01 2.339472999999999954e-04 7.912997199999999509e+01 8.666570500000000266e+01 1.596047000000000086e-13 6.416529999999999500e-04 -8.421918000000000703e-06 -2.023917000000000105e-10
2.925614699999999857e+01 1.000000000000000000e+00 1.909191500000000019e+01 2.308250000000000135e-04 7.667268799999999374e+01 8.253876999999999953e+01 1.961114000000000099e-13 8.287918000000000021e-04 -2.690528000000000001e-05 -6.140009999999999562e-10
2.781538000000000110e+01 1.000000000000000000e+00 1.727218099999999978e+01 2.278295999999999913e-04 7.402127500000000282e+01 7.860835699999999804e+01 3.575913999999999943e-13 1.587787999999999916e-03 -8.831288999999999871e-05 -1.973276999999999906e-09
2.644322000000000017e+01 1.000000000000000000e+00 1.562553699999999957e+01 2.249581999999999971e-04 7.091050199999999393e+01 7.486510499999999979e+01 9.170614999999999895e-13 4.222787999999999889e-03 -2.894471000000000023e-04 -6.513317000000000288e-09
2.513640200000000036e+01 9.999989999999999712e-01 1.413670399999999994e+01 2.222180999999999994e-04 6.653469800000000589e+01 7.130010500000000206e+01 2.684915999999999947e-12 1.276498000000000042e-02 -9.425301999999999769e-04 -2.173887999999999845e-08
2.389181299999999908e+01 9.999970000000000248e-01 1.279273500000000041e+01 2.196416999999999879e-04 5.904611400000000287e+01 6.790486699999999587e+01 7.844743000000000070e-12 3.851058999999999732e-02 -2.938964999999999980e-03 -6.983643999999999877e-08
2.270648999999999873e+01 9.999919999999999920e-01 1.158444800000000008e+01 2.173276000000000027e-04 4.688564600000000127e+01 6.467130400000000634e+01 2.128314999999999903e-11 1.080635999999999958e-01 -8.715307000000000262e-03 -2.113780999999999941e-07
2.157760999999999996e+01 9.999749999999999472e-01 1.050964399999999976e+01 2.155299000000000114e-04 3.231804300000000296e+01 6.159172000000000224e+01 5.346514000000000295e-11 2.810796999999999879e-01 -2.433652000000000037e-02 -5.998752000000000007e-07
2.050248699999999857e+01 9.999320000000000430e-01 9.579271999999999565e+00 2.148238000000000014e-04 2.079956100000000063e+01 5.865878500000000173e+01 1.237770000000000111e-10 6.747206999999999510e-01 -6.340086000000000332e-02 -1.574406000000000076e-06
1.947855900000000062e+01 9.998280000000000500e-01 8.828754999999999242e+00 2.164172999999999921e-04 1.403266499999999972e+01 5.586551000000000045e+01 2.701233999999999918e-10 1.529671000000000003e+00 -1.544386000000000092e-01 -3.848443000000000416e-06
1.850339100000000059e+01 9.995929999999999538e-01 8.337405999999999651e+00 2.226525000000000032e-04 1.079438299999999984e+01 5.320525099999999696e+01 5.400510999999999488e-10 3.193508000000000013e+00 -3.538284999999999902e-01 -8.794260000000000399e-06
1.757465900000000047e+01 9.991010000000000169e-01 8.254899999999999238e+00 2.376838999999999894e-04 9.481465999999999283e+00 5.067167100000000346e+01 1.008037000000000042e-09 6.284351000000000020e+00 -7.618899000000000088e-01 -1.878763999999999890e-05
1.669015299999999868e+01 9.981330000000000480e-01 8.846189000000000746e+00 2.684971000000000081e-04 9.504628999999999550e+00 4.825873800000000102e+01 1.783176000000000006e-09 1.189838999999999913e+01 -1.556361000000000105e+00 -3.782093999999999842e-05
1.584776500000000077e+01 9.963370000000000282e-01 1.054128399999999921e+01 3.259474000000000160e-04 1.093191099999999949e+01 4.596070300000000231e+01 2.942569000000000202e-09 2.139846000000000004e+01 -3.020271000000000150e+00 -7.188988999999999688e-05
1.504548999999999914e+01 9.931790000000000340e-01 1.402293300000000009e+01 4.258630999999999918e-04 1.426853099999999941e+01 4.377209700000000225e+01 4.587141000000000259e-09 3.685768000000000200e+01 -5.616829000000000072e+00 -1.295016999999999870e-04
1.428142000000000067e+01 9.878879999999999884e-01 2.040623199999999926e+01 5.910687999999999880e-04 2.054602900000000076e+01 4.168771300000000224e+01 6.794451999999999648e-09 6.057493999999999801e+01 -1.015990000000000038e+01 -2.233962999999999943e-04
1.355373400000000039e+01 9.794169999999999821e-01 3.128921899999999923e+01 8.502314999999999656e-04 3.130023900000000125e+01 3.970258599999999660e+01 1.015997999999999990e-08 9.989588000000000534e+01 -1.774095000000000155e+01 -3.670867999999999766e-04
1.286069999999999958e+01 9.664000000000000368e-01 4.897655900000000173e+01 1.239277999999999907e-03 4.879072399999999732e+01 3.781198899999999696e+01 1.380480999999999919e-08 1.482895000000000039e+02 -3.004074999999999918e+01 -5.784559000000000532e-04
1.220066699999999926e+01 9.471380000000000354e-01 7.680403099999999483e+01 1.802861000000000003e-03 7.625407500000000027e+01 3.601142099999999857e+01 1.813486000000000163e-08 2.107225999999999999e+02 -4.964300000000000068e+01 -8.806248999999999718e-04
1.157206399999999924e+01 9.196029999999999482e-01 1.191780830000000009e+02 2.592795000000000169e-03 1.179280420000000049e+02 3.429659199999999686e+01 2.274867000000000143e-08 2.835742999999999938e+02 -7.982846000000000686e+01 -1.298033000000000086e-03
1.097339500000000001e+01 8.814659999999999718e-01 1.825700170000000071e+02 3.663168999999999974e-03 1.799755570000000091e+02 3.266342300000000165e+01 2.755941000000000048e-08 3.663199999999999932e+02 -1.262995999999999981e+02 -1.850623000000000025e-03
1.040323399999999943e+01 8.301490000000000258e-01 2.759954270000000065e+02 5.074201000000000406e-03 2.708110260000000267e+02 3.110802400000000034e+01 3.228506000000000018e-08 4.556082999999999856e+02 -1.970127999999999986e+02 -2.567016999999999997e-03
9.860224000000000544e+00 7.628899999999999570e-01 4.117161899999999832e+02 6.894497000000000299e-03 4.023504730000000222e+02 2.962668999999999997e+01 4.030985000000000013e-08 6.020661000000000058e+02 -3.031478000000000179e+02 -3.483551000000000095e-03
9.343071000000000126e+00 6.768250000000000099e-01 6.035258969999999863e+02 9.208255999999999733e-03 5.855962610000000268e+02 2.821589799999999926e+01 4.481033000000000153e-08 7.068097000000000207e+02 -4.552687999999999988e+02 -4.655328999999999717e-03
8.850543999999999301e+00 5.690650000000000430e-01 8.738627810000000409e+02 1.211256999999999959e-02 8.396904879999999594e+02 2.687228400000000050e+01 4.852449999999999885e-08 8.070612999999999602e+02 -6.805225000000000364e+02 -6.140925999999999677e-03
8.381470999999999449e+00 4.367659999999999876e-01 1.251563713000000007e+03 1.575744999999999924e-02 1.187003570999999965e+03 2.559265200000000107e+01 5.164109999999999779e-08 9.046621999999999844e+02 -1.008460000000000036e+03 -8.091433999999999779e-03
7.934733999999999732e+00 2.771520000000000095e-01 1.770066145999999890e+03 2.029272999999999841e-02 1.648210037000000057e+03 2.437395499999999871e+01 5.343595000000000013e-08 9.851823000000000548e+02 -1.471624000000000024e+03 -1.056711999999999929e-02
7.509272000000000169e+00 8.755699999999999594e-02 2.487105570000000171e+03 2.583977000000000149e-02 2.256564588000000185e+03 2.321329300000000018e+01 5.410853000000000071e-08 1.049294000000000096e+03 -2.155768000000000029e+03 -1.356658999999999990e-02
7.104068999999999967e+00 0.000000000000000000e+00 3.426415341999999782e+03 3.227055999999999675e-02 3.002465321000000131e+03 2.210790000000000077e+01 5.378228000000000135e-08 1.096528000000000020e+03 -3.024664999999999964e+03 -1.653084999999999971e-02
6.718161000000000271e+00 0.000000000000000000e+00 4.405105867999999646e+03 3.856143000000000071e-02 3.715191013000000112e+03 2.105514300000000105e+01 5.252263999999999762e-08 1.125326999999999998e+03 -3.567641999999999825e+03 -1.710381000000000054e-02
6.350629999999999775e+00 0.000000000000000000e+00 5.402099264999999832e+03 4.460544000000000314e-02 4.367638523999999961e+03 2.005251799999999918e+01 5.048395999999999779e-08 1.136393000000000029e+03 -4.114775999999999840e+03 -1.737922000000000078e-02
6.000600000000000378e+00 0.000000000000000000e+00 6.390667905999999675e+03 5.033166000000000029e-02 4.939399841000000379e+03 1.909763799999999989e+01 4.814171000000000208e-08 1.138339999999999918e+03 -4.640042999999999665e+03 -1.741151999999999977e-02
