3.402526900000000154e+01 1.000000000000000000e+00 5.498026500000000283e+01 1.270908000000000064e-03 5.498030500000000131e+01 9.554893300000000522e+01 1.293916000000000000e+10 5.279575000000000000e+19 0.000000000000000000e+00 0.000000000000000000e+00
3.235739900000000091e+01 1.000000000000000000e+00 5.107467599999999663e+01 1.211047999999999942e-03 5.107471999999999923e+01 9.099898399999999299e+01 9.357438000000000000e+09 3.994386000000000000e+19 0.000000000000000000e+00 0.000000000000000000e+00
3.076895299999999978e+01 1.000000000000000000e+00 4.748169399999999740e+01 1.158270999999999997e-03 4.748174099999999953e+01 8.666570500000000266e+01 5.946278000000000000e+09 2.655412000000000000e+19 0.000000000000000000e+00 0.000000000000000000e+00
2.925614699999999857e+01 1.000000000000000000e+00 4.417795100000000019e+01 1.111414999999999929e-03 7.613432199999999739e+01 8.253876999999999953e+01 4.449053000000000026e-12 2.077752999999999892e-02 -1.030856999999999946e-05 -1.997094999999999968e-10
2.781538000000000110e+01 1.000000000000000000e+00 4.114084799999999831e+01 1.069564000000000062e-03 7.306911100000000658e+01 7.860835699999999804e+01 3.771094999999999897e-12 1.842455000000000134e-02 -3.278448999999999686e-05 -6.110994000000000042e-10
2.644322000000000017e+01 1.000000000000000000e+00 3.834885899999999737e+01 1.031989000000000083e-03 7.010871899999999357e+01 7.486510499999999979e+01 3.197249999999999932e-12 1.634290000000000048e-02 -1.069573000000000068e-04 -1.923381999999999842e-09
2.513640200000000036e+01 1.000000000000000000e+00 3.578178700000000134e+01 9.981013000000000385e-04 6.724175999999999931e+01 7.130010500000000206e+01 2.722849000000000084e-12 1.456269999999999960e-02 -3.626055000000000098e-04 -6.434793000000000404e-09
2.389181299999999908e+01 1.000000000000000000e+00 3.342113599999999707e+01 9.674285999999999823e-04 6.445305799999999863e+01 6.790486699999999587e+01 2.365506999999999969e-12 1.324018000000000070e-02 -1.214992999999999932e-03 -2.181411000000000130e-08
2.270648999999999873e+01 9.999989999999999712e-01 3.125104400000000027e+01 9.396075999999999517e-04 6.171226500000000215e+01 6.467130400000000634e+01 2.194739999999999996e-12 1.286141000000000020e-02 -3.944981000000000182e-03 -7.238379999999999731e-08
2.157760999999999996e+01 9.999970000000000248e-01 2.926048000000000116e+01 9.144131999999999478e-04 5.894835599999999687e+01 6.159172000000000224e+01 2.400733000000000126e-12 1.473850999999999981e-02 -1.219212000000000073e-02 -2.285742000000000034e-07
2.050248699999999857e+01 9.999900000000000455e-01 2.744816399999999845e+01 8.918475000000000361e-04 5.601053000000000281e+01 5.865878500000000173e+01 3.411339999999999881e-12 2.195265000000000064e-02 -3.534476999999999758e-02 -6.716114000000000128e-07
1.947855900000000062e+01 9.999719999999999720e-01 2.583252200000000087e+01 8.723466999999999940e-04 5.261024700000000109e+01 5.586551000000000045e+01 6.140788999999999957e-12 4.142557000000000184e-02 -9.550356999999999597e-02 -1.833609999999999966e-06
1.850339100000000059e+01 9.999249999999999527e-01 2.447087799999999902e+01 8.571841000000000182e-04 4.843310799999999716e+01 5.320525099999999696e+01 1.210469000000000019e-11 8.563956000000000346e-02 -2.413515999999999995e-01 -4.658971999999999852e-06
1.757465900000000047e+01 9.998160000000000380e-01 2.348884500000000131e+01 8.491246999999999510e-04 4.339419300000000135e+01 5.067167100000000346e+01 2.385661000000000006e-11 1.772266000000000119e-01 -5.681899999999999729e-01 -1.099924999999999976e-05
1.669015299999999868e+01 9.995800000000000241e-01 2.313142799999999966e+01 8.535199000000000475e-04 3.807209499999999736e+01 4.825873800000000102e+01 4.560002000000000142e-11 3.565991000000000022e-01 -1.257312999999999903e+00 -2.432214000000000156e-05
1.584776500000000077e+01 9.990999999999999881e-01 2.382831200000000038e+01 8.796783999999999767e-04 3.394852499999999651e+01 4.596070300000000231e+01 8.169927999999999759e-11 6.755472999999999617e-01 -2.618946999999999914e+00 -5.041686999999999964e-05
1.504548999999999914e+01 9.981830000000000425e-01 2.630414299999999983e+01 9.428410000000000350e-04 3.236527300000000196e+01 4.377209700000000225e+01 1.380740000000000032e-10 1.214679999999999982e+00 -5.182076000000000349e+00 -9.866080999999999636e-05
1.428142000000000067e+01 9.965239999999999654e-01 3.173544800000000166e+01 1.066338000000000008e-03 3.437760699999999758e+01 4.168771300000000224e+01 2.209034000000000056e-10 2.081284999999999830e+00 -9.809770000000000323e+00 -1.830566000000000051e-04
1.355373400000000039e+01 9.936719999999999997e-01 4.190967799999999954e+01 1.282874999999999944e-03 4.101132400000000189e+01 3.970258599999999660e+01 3.516013999999999869e-10 3.562418999999999780e+00 -1.778403000000000134e+01 -3.220155999999999735e-04
1.286069999999999958e+01 9.889930000000000110e-01 5.949458400000000324e+01 1.637128000000000064e-03 5.391542599999999652e+01 3.781198899999999696e+01 5.112294000000000172e-10 5.576061000000000156e+00 -3.107472999999999885e+01 -5.410633999999999669e-04
1.220066699999999926e+01 9.816369999999999818e-01 8.852564200000000483e+01 2.185724000000000000e-03 7.526107899999999518e+01 3.601142099999999857e+01 7.157270000000000452e-10 8.382483000000000573e+00 -5.288358000000000203e+01 -8.703095999999999792e-04
1.157206399999999924e+01 9.705169999999999630e-01 1.349756779999999878e+02 2.994984000000000014e-03 1.079188879999999955e+02 3.429659199999999686e+01 9.523433000000000608e-10 1.192745000000000033e+01 -8.815052000000000021e+01 -1.341331999999999984e-03
1.097339500000000001e+01 9.543009999999999549e-01 2.071229419999999948e+02 4.136365999999999828e-03 1.552071530000000052e+02 3.266342300000000165e+01 1.218760000000000039e-09 1.625312999999999874e+01 -1.436889999999999930e+02 -1.982827999999999848e-03
1.040323399999999943e+01 9.314149999999999929e-01 3.173583499999999731e+02 5.694875999999999758e-03 2.206625980000000027e+02 3.110802400000000034e+01 1.502265999999999990e-09 2.125527999999999906e+01 -2.311466000000000065e+02 -2.841724999999999807e-03
9.860224000000000544e+00 9.000660000000000327e-01 4.802274160000000052e+02 7.749021000000000034e-03 3.139935419999999908e+02 2.962668999999999997e+01 1.947275999999999884e-09 2.914564000000000021e+01 -3.615074000000000183e+02 -3.934767999999999946e-03
9.343071000000000126e+00 8.582790000000000141e-01 7.128962800000000470e+02 1.038313000000000083e-02 4.234698000000000206e+02 2.821589799999999926e+01 2.262437000000000177e-09 3.574698000000000064e+01 -5.490212000000000216e+02 -5.302397999999999834e-03
8.850543999999999301e+00 8.039429999999999632e-01 1.039271140999999943e+03 1.367735999999999952e-02 5.509732669999999644e+02 2.687228400000000050e+01 2.552505999999999871e-09 4.251053999999999888e+01 -8.193443999999999505e+02 -6.969541000000000104e-03
8.381470999999999449e+00 7.348620000000000152e-01 1.481665209000000004e+03 1.773657000000000011e-02 6.911083370000000059e+02 2.559265200000000107e+01 2.822539000000000152e-09 4.949548999999999666e+01 -1.186693999999999960e+03 -9.022669999999999996e-03
7.934733999999999732e+00 6.488009999999999611e-01 2.073006563999999798e+03 2.264075999999999936e-02 8.314547189999999546e+02 2.437395499999999871e+01 3.025520000000000115e-09 5.582101000000000113e+01 -1.694296000000000049e+03 -1.145277999999999921e-02
7.509272000000000169e+00 5.435389999999999944e-01 2.863756155000000035e+03 2.846020999999999967e-02 9.638671809999999596e+02 2.321329300000000018e+01 3.165258999999999978e-09 6.141295000000000215e+01 -2.412331999999999880e+03 -1.427617999999999943e-02
7.104068999999999967e+00 4.169089999999999741e-01 3.904328399999999874e+03 3.528428000000000120e-02 1.077899570000000040e+03 2.210790000000000077e+01 3.242835000000000000e-09 6.614039999999999964e+01 -3.385802000000000135e+03 -1.757649000000000017e-02
6.718161000000000271e+00 2.668059999999999876e-01 5.260007899999999609e+03 4.315296999999999883e-02 1.164503228000000036e+03 2.105514300000000105e+01 3.256831000000000124e-09 6.980877999999999872e+01 -4.705351999999999862e+03 -2.127534999999999843e-02
6.350629999999999775e+00 9.124400000000000566e-02 6.976502322000000277e+03 5.185835999999999918e-02 1.217680065999999897e+03 2.005251799999999918e+01 3.212070000000000055e-09 7.234050000000000580e+01 -6.385966000000000349e+03 -2.472921000000000147e-02
6.000600000000000378e+00 0.000000000000000000e+00 8.856768061000000671e+03 6.072725000000000345e-02 1.238787649999999985e+03 1.909763799999999989e+01 3.136349999999999825e-09 7.420212999999999681e+01 -7.790293999999999869e+03 -2.653542000000000053e-02
