3.402526900000000154e+01 1.000000000000000000e+00 2.496198800000000162e+01 2.157620999999999920e-04 2.496212600000000137e+01 9.554893300000000522e+01 1.293916000000000000e+10 4.785299000000000000e+19 0.000000000000000000e+00 0.000000000000000000e+00
3.235739900000000091e+01 1.000000000000000000e+00 2.255469599999999986e+01 2.129784999999999871e-04 2.255480199999999869e+01 9.099898399999999299e+01 9.357449000000000000e+09 3.595682000000000000e+19 0.000000000000000000e+00 0.000000000000000000e+00
3.076895299999999978e+01 1.000000000000000000e+00 2.037417900000000159e+01 2.103007999999999906e-04 2.037430900000000022e+01 8.666570500000000266e+01 5.946286000000000000e+09 2.372876000000000000e+19 0.000000000000000000e+00 0.000000000000000000e+00
2.925614699999999857e+01 1.000000000000000000e+00 1.839984899999999968e+01 2.077234999999999976e-04 7.697375599999999451e+01 8.253876999999999953e+01 9.089523999999999509e-15 3.744191999999999947e-05 -7.711939999999999638e-07 -2.056076999999999984e-11
2.781538000000000110e+01 1.000000000000000000e+00 1.661288400000000109e+01 2.052412000000000095e-04 7.443667399999999645e+01 7.860835699999999804e+01 9.863665999999999536e-15 4.205499000000000238e-05 -2.421675999999999800e-06 -6.316831999999999957e-11
2.644322000000000017e+01 1.000000000000000000e+00 1.499609000000000059e+01 2.028491999999999958e-04 7.179880400000000407e+01 7.486510499999999979e+01 1.464452000000000155e-14 6.497955000000000029e-05 -7.762922000000000008e-06 -1.997325999999999933e-10
2.513640200000000036e+01 1.000000000000000000e+00 1.353378499999999995e+01 2.005435000000000019e-04 6.907300100000000498e+01 7.130010500000000206e+01 3.280562000000000077e-14 1.518877000000000128e-04 -2.612631999999999891e-05 -6.697982000000000497e-10
2.389181299999999908e+01 1.000000000000000000e+00 1.221169300000000035e+01 1.983211999999999876e-04 6.624858500000000561e+01 6.790486699999999587e+01 9.362368000000000280e-14 4.501773999999999836e-04 -8.792464999999999851e-05 -2.267935999999999891e-09
2.270648999999999873e+01 9.999989999999999712e-01 1.101690800000000081e+01 1.961826000000000010e-04 6.324748000000000303e+01 6.467130400000000634e+01 2.756772999999999991e-13 1.373096999999999989e-03 -2.886893000000000076e-04 -7.504592999999999337e-09
2.157760999999999996e+01 9.999949999999999672e-01 9.937960999999999601e+00 1.941355999999999984e-04 5.981673800000000085e+01 6.159172000000000224e+01 7.751112000000000022e-13 3.993734999999999993e-03 -9.012964999999999519e-04 -2.363795000000000025e-08
2.050248699999999857e+01 9.999829999999999552e-01 8.965097999999999345e+00 1.922066999999999905e-04 5.539488000000000056e+01 5.865878500000000173e+01 2.021495000000000163e-12 1.077542000000000083e-02 -2.629715999999999824e-03 -6.933879000000000226e-08
1.947855900000000062e+01 9.999529999999999808e-01 8.090977000000000530e+00 1.904630999999999891e-04 4.904476900000000228e+01 5.586551000000000045e+01 4.925122000000000266e-12 2.715042000000000150e-02 -7.138483000000000155e-03 -1.890976999999999874e-07
1.850339100000000059e+01 9.998749999999999583e-01 7.312089000000000283e+00 1.890553000000000058e-04 4.031569999999999965e+01 5.320525099999999696e+01 1.099003999999999949e-11 6.266768999999999812e-02 -1.808972999999999831e-02 -4.802055999999999573e-07
1.757465900000000047e+01 9.996930000000000538e-01 6.630995000000000417e+00 1.882860999999999996e-04 3.021915999999999869e+01 5.067167100000000346e+01 2.275124000000000071e-11 1.342288000000000092e-01 -4.264392000000000182e-02 -1.133387999999999905e-06
1.669015299999999868e+01 9.992999999999999661e-01 6.060211999999999932e+00 1.887245999999999921e-04 2.102069900000000047e+01 4.825873800000000102e+01 4.438437000000000185e-11 2.712397999999999754e-01 -9.435681999999999403e-02 -2.506891000000000051e-06
1.584776500000000077e+01 9.985009999999999719e-01 5.626989000000000019e+00 1.913510000000000048e-04 1.455164399999999958e+01 4.596070300000000231e+01 8.022348999999999384e-11 5.094745000000000523e-01 -1.961341000000000057e-01 -5.200007000000000170e-06
1.504548999999999914e+01 9.969740000000000268e-01 5.380015000000000214e+00 1.977480000000000047e-04 1.065064600000000006e+01 4.377209700000000225e+01 1.361521999999999933e-10 9.047910999999999593e-01 -3.852593000000000267e-01 -1.016529000000000004e-05
1.428142000000000067e+01 9.942109999999999559e-01 5.401945000000000441e+00 2.104274999999999906e-04 8.613583999999999463e+00 4.168771300000000224e+01 2.183196000000000037e-10 1.536615000000000064e+00 -7.249539000000000399e-01 -1.896053999999999855e-05
1.355373400000000039e+01 9.894629999999999814e-01 5.813665999999999556e+00 2.328767999999999995e-04 7.788630000000000386e+00 3.970258599999999660e+01 3.481277999999999877e-10 2.635867999999999878e+00 -1.300400000000000000e+00 -3.349580999999999940e-05
1.286069999999999958e+01 9.816740000000000466e-01 6.794813999999999687e+00 2.699778000000000225e-04 8.155398999999999177e+00 3.781198899999999696e+01 5.066316999999999598e-10 4.202510000000000190e+00 -2.246839000000000031e+00 -5.662263999999999833e-05
1.220066699999999926e+01 9.694359999999999644e-01 8.590503999999999252e+00 3.282013999999999982e-04 9.583168999999999826e+00 3.601142099999999857e+01 7.098187999999999642e-10 6.527972000000000108e+00 -3.742471999999999799e+00 -9.199351999999999399e-05
1.157206399999999924e+01 9.509530000000000483e-01 1.153145400000000009e+01 4.155636000000000204e-04 1.228247200000000028e+01 3.429659199999999686e+01 9.450309000000000727e-10 9.664573000000000746e+00 -6.038660000000000139e+00 -1.438273000000000112e-04
1.097339500000000001e+01 9.240319999999999645e-01 1.609768100000000146e+01 5.421964999999999511e-04 1.662778700000000143e+01 3.266342300000000165e+01 1.210062000000000076e-09 1.370220999999999911e+01 -9.550836000000000325e+00 -2.179960000000000047e-04
1.040323399999999943e+01 8.861029999999999740e-01 2.288310200000000094e+01 7.194508000000000066e-04 2.312333299999999880e+01 3.110802400000000034e+01 1.492227999999999906e-09 1.855390999999999835e+01 -1.473211000000000048e+01 -3.197707999999999844e-04
9.860224000000000544e+00 8.342730000000000423e-01 3.269123499999999893e+01 9.617850000000000487e-04 3.245911399999999958e+01 2.962668999999999997e+01 1.936091999999999894e-09 2.618791999999999831e+01 -2.230904999999999916e+01 -4.586613999999999925e-04
9.343071000000000126e+00 7.654039999999999733e-01 4.673314599999999785e+01 1.287450000000000096e-03 4.569702900000000056e+01 2.821589799999999926e+01 2.250312000000000077e-09 3.286845000000000283e+01 -3.355776000000000181e+01 -6.470723000000000490e-04
8.850543999999999301e+00 6.762150000000000105e-01 6.640125700000000109e+01 1.717327999999999954e-03 6.389526800000000151e+01 2.687228400000000050e+01 2.539706999999999986e-09 3.979601999999999862e+01 -4.960844000000000165e+01 -8.970380999999999928e-04
8.381470999999999449e+00 5.633979999999999544e-01 9.375099199999999655e+01 2.279108000000000175e-03 8.856942100000000551e+01 2.559265200000000107e+01 2.809214000000000097e-09 4.698508999999999958e+01 -7.284345000000000425e+01 -1.231286999999999963e-03
7.934733999999999732e+00 4.237369999999999748e-01 1.321356790000000103e+02 3.007908000000000109e-03 1.219184479999999979e+02 2.437395499999999871e+01 3.011955999999999975e-09 5.357121000000000066e+01 -1.076448000000000036e+02 -1.677686000000000064e-03
7.509272000000000169e+00 2.542119999999999935e-01 1.863685739999999953e+02 3.949275999999999828e-03 1.665821229999999957e+02 2.321329300000000018e+01 3.151770000000000170e-09 5.944525000000000148e+01 -1.599050000000000011e+02 -2.275539999999999941e-03
7.104068999999999967e+00 5.209600000000000342e-02 2.620100039999999808e+02 5.135764000000000128e-03 2.243261589999999899e+02 2.210790000000000077e+01 3.229576999999999796e-09 6.444583000000000084e+01 -2.352007000000000119e+02 -3.012730999999999829e-03
6.718161000000000271e+00 0.000000000000000000e+00 3.589757930000000101e+02 6.526147999999999845e-03 2.910696570000000065e+02 2.105514300000000105e+01 3.243899000000000029e-09 6.834546000000000276e+01 -3.236582000000000221e+02 -3.714533999999999805e-03
6.350629999999999775e+00 0.000000000000000000e+00 4.622008890000000179e+02 7.963044000000000719e-03 3.534117370000000165e+02 2.005251799999999918e+01 3.199762999999999841e-09 7.104670000000000130e+01 -3.860376999999999725e+02 -4.052581000000000412e-03
6.000600000000000378e+00 0.000000000000000000e+00 5.698229260000000522e+02 9.422536999999999927e-03 4.095763660000000073e+02 1.909763799999999989e+01 3.125613999999999956e-09 7.306085000000000207e+01 -4.510679999999999836e+02 -4.345225000000000302e-03
