3.402526900000000154e+01 1.000000000000000000e+00 2.490359600000000029e+01 2.139869000000000027e-04 8.393809299999999496e+01 9.554893300000000522e+01 2.784584000000000156e-32 0.000000000000000000e+00 0.000000000000000000e+00 0.000000000000000000e+00
3.235739900000000091e+01 1.000000000000000000e+00 2.249926900000000174e+01 2.112449999999999875e-04 8.172967900000000441e+01 9.099898399999999299e+01 2.524327999999999794e-32 0.000000000000000000e+00 0.000000000000000000e+00 0.000000000000000000e+00
3.076895299999999978e+01 1.000000000000000000e+00 2.032149899999999931e+01 2.086068999999999966e-04 7.941903399999999635e+01 8.666570500000000266e+01 2.273095999999999932e-32 0.000000000000000000e+00 0.000000000000000000e+00 0.000000000000000000e+00
2.925614699999999857e+01 1.000000000000000000e+00 1.834970099999999960e+01 2.060669999999999906e-04 7.699455799999999783e+01 8.253876999999999953e+01 9.694274999999999147e-16 3.801124999999999966e-06 -7.698561999999999662e-07 -2.056284999999999856e-11
2.781538000000000110e+01 1.000000000000000000e+00 1.656505800000000050e+01 2.036201000000000124e-04 7.445689699999999789e+01 7.860835699999999804e+01 2.713708999999999857e-15 1.131543999999999953e-05 -2.418177999999999804e-06 -6.317390000000000247e-11
2.644322000000000017e+01 1.000000000000000000e+00 1.495038599999999995e+01 2.012616999999999911e-04 7.181771999999999423e+01 7.486510499999999979e+01 8.347934000000000015e-15 3.689126000000000091e-05 -7.752330000000000703e-06 -1.997495000000000039e-10
2.513640200000000036e+01 1.000000000000000000e+00 1.349000900000000058e+01 1.989877999999999992e-04 6.909000199999999836e+01 7.130010500000000206e+01 2.725994000000000016e-14 1.261901999999999967e-04 -2.609037999999999871e-05 -6.698543999999999735e-10
2.389181299999999908e+01 1.000000000000000000e+00 1.216966299999999990e+01 1.967957000000000105e-04 6.626316900000000487e+01 6.790486699999999587e+01 8.873897000000000472e-14 4.265138999999999823e-04 -8.779823000000000455e-05 -2.268127999999999884e-09
2.270648999999999873e+01 1.000000000000000000e+00 1.097644999999999982e+01 1.946856999999999917e-04 6.325900000000000034e+01 6.467130400000000634e+01 2.713746000000000138e-13 1.350763000000000050e-03 -2.882631000000000082e-04 -7.505235000000000501e-09
2.157760999999999996e+01 9.999989999999999712e-01 9.898911999999999267e+00 1.926657999999999875e-04 5.982357100000000116e+01 6.159172000000000224e+01 7.713213999999999894e-13 3.970956000000000312e-03 -8.999391999999999505e-04 -2.363992999999999945e-08
2.050248699999999857e+01 9.999980000000000535e-01 8.927301999999999182e+00 1.907625000000000087e-04 5.539319600000000321e+01 5.865878500000000173e+01 2.018156999999999839e-12 1.074756999999999969e-02 -2.625728999999999824e-03 -6.934426000000000555e-08
1.947855900000000062e+01 9.999949999999999672e-01 8.054285999999999390e+00 1.890431999999999996e-04 4.902793400000000190e+01 5.586551000000000045e+01 4.922183999999999820e-12 2.710562999999999861e-02 -7.127620999999999783e-03 -1.891097000000000010e-07
1.850339100000000059e+01 9.999869999999999592e-01 7.276358000000000104e+00 1.876583999999999989e-04 4.027883400000000336e+01 5.320525099999999696e+01 1.098745000000000040e-11 6.257893999999999957e-02 -1.806183000000000094e-02 -4.802177000000000160e-07
1.757465900000000047e+01 9.999689999999999968e-01 6.596071000000000240e+00 1.869107000000000060e-04 3.016630400000000023e+01 5.067167100000000346e+01 2.274896999999999894e-11 1.340380999999999934e-01 -4.257397999999999738e-02 -1.133282999999999971e-06
1.669015299999999868e+01 9.999299999999999855e-01 6.025921999999999557e+00 1.873691000000000083e-04 2.096342599999999834e+01 4.825873800000000102e+01 4.438237999999999693e-11 2.708290999999999893e-01 -9.419255999999999462e-02 -2.506341999999999931e-06
1.584776500000000077e+01 9.998500000000000165e-01 5.593077000000000076e+00 1.900120000000000097e-04 1.449838699999999925e+01 4.596070300000000231e+01 8.022172999999999890e-11 5.086420000000000385e-01 -1.957230000000000081e-01 -5.196737000000000115e-06
1.504548999999999914e+01 9.996969999999999468e-01 5.346765000000000434e+00 1.964373000000000106e-04 1.060392000000000046e+01 4.377209700000000225e+01 1.361509999999999985e-10 9.032609999999999806e-01 -3.851640000000000064e-01 -1.017774000000000024e-05
1.428142000000000067e+01 9.994210000000000038e-01 5.367257999999999640e+00 2.090950999999999964e-04 8.569705000000000794e+00 4.168771300000000224e+01 2.183176999999999925e-10 1.533916000000000057e+00 -7.220254999999999868e-01 -1.890978999999999908e-05
1.355373400000000039e+01 9.989460000000000006e-01 5.774396000000000306e+00 2.314426000000000124e-04 7.743083000000000382e+00 3.970258599999999660e+01 3.481251000000000059e-10 2.631133999999999862e+00 -1.292465999999999893e+00 -3.333307999999999969e-05
1.286069999999999958e+01 9.981670000000000265e-01 6.743102999999999625e+00 2.682370999999999801e-04 8.098687999999999221e+00 3.781198899999999696e+01 5.066268999999999806e-10 4.194647999999999932e+00 -2.225960000000000161e+00 -5.615595999999999961e-05
1.220066699999999926e+01 9.969440000000000524e-01 8.506797999999999860e+00 3.256369999999999859e-04 9.495022000000000517e+00 3.601142099999999857e+01 7.098090000000000456e-10 6.514295999999999864e+00 -3.688295999999999797e+00 -9.071593999999999936e-05
1.157206399999999924e+01 9.950949999999999518e-01 1.136830199999999991e+01 4.110286999999999903e-04 1.211570700000000045e+01 3.429659199999999686e+01 9.450115999999999175e-10 9.640045999999999893e+00 -5.900350999999999679e+00 -1.406485000000000070e-04
1.097339500000000001e+01 9.924030000000000351e-01 1.573694500000000041e+01 5.330085999999999505e-04 1.626785100000000028e+01 3.266342300000000165e+01 1.210023999999999957e-09 1.365775999999999968e+01 -9.194003000000000370e+00 -2.101449999999999878e-04
1.040323399999999943e+01 9.886099999999999888e-01 2.211502099999999871e+01 7.011079999999999830e-04 2.237308000000000163e+01 3.110802400000000034e+01 1.492163000000000072e-09 1.848244000000000042e+01 -1.395327999999999946e+01 -3.035501000000000128e-04
9.860224000000000544e+00 9.834279999999999688e-01 3.106326100000000068e+01 9.252715000000000332e-04 3.089681099999999958e+01 2.962668999999999997e+01 1.935981999999999984e-09 2.606971000000000060e+01 -2.057955000000000112e+01 -4.248564000000000138e-04
9.343071000000000126e+00 9.765409999999999924e-01 4.329119800000000140e+01 1.215333999999999989e-03 4.246203100000000319e+01 2.821589799999999926e+01 2.250129000000000058e-09 3.269528999999999996e+01 -2.972253999999999863e+01 -5.775160000000000319e-04
8.850543999999999301e+00 9.676240000000000396e-01 5.949181899999999956e+01 1.580840000000000023e-03 5.755668800000000118e+01 2.687228400000000050e+01 2.539422000000000126e-09 3.956092000000000297e+01 -4.183543000000000234e+01 -7.648778000000000174e-04
8.381470999999999449e+00 9.563460000000000294e-01 8.029259899999999561e+01 2.029753999999999933e-03 7.657386200000000542e+01 2.559265200000000107e+01 2.808787999999999958e-09 4.667761000000000138e+01 -5.732498999999999967e+01 -9.877818999999999489e-04
7.934733999999999732e+00 9.423880000000000035e-01 1.065467170000000010e+02 2.567912999999999793e-03 9.994846800000000542e+01 2.437395499999999871e+01 3.011340999999999972e-09 5.318614000000000175e+01 -7.727957000000000676e+01 -1.245496000000000016e-03
7.509272000000000169e+00 9.254539999999999988e-01 1.391635379999999884e+02 3.200006999999999938e-03 1.280095090000000084e+02 2.321329300000000018e+01 3.150916000000000082e-09 5.898409999999999798e+01 -1.026269999999999953e+02 -1.538819999999999988e-03
7.104068999999999967e+00 9.052810000000000024e-01 1.787381719999999916e+02 3.925617999999999642e-03 1.605797520000000134e+02 2.210790000000000077e+01 3.228492000000000105e-09 6.392159000000000191e+01 -1.335339999999999918e+02 -1.858461000000000054e-03
6.718161000000000271e+00 8.816479999999999873e-01 2.260881390000000124e+02 4.744085999999999789e-03 1.973550909999999874e+02 2.105514300000000105e+01 3.242747999999999978e-09 6.780079000000000633e+01 -1.714498000000000104e+02 -2.205336999999999922e-03
6.350629999999999775e+00 8.543859999999999788e-01 2.815671629999999936e+02 5.651632999999999657e-03 2.373272279999999910e+02 2.005251799999999918e+01 3.198845999999999936e-09 7.054554000000000258e+01 -2.162666000000000111e+02 -2.572429000000000208e-03
6.000600000000000378e+00 8.233780000000000543e-01 3.445005590000000097e+02 6.644866999999999614e-03 2.788018430000000194e+02 1.909763799999999989e+01 3.124920999999999905e-09 7.261997999999999820e+01 -2.660609999999999786e+02 -2.961117000000000089e-03
