3.402526900000000154e+01 1.000000000000000000e+00 2.491313999999999851e+01 2.140858000000000095e-04 2.491327899999999929e+01 9.554893300000000522e+01 1.293916000000000000e+10 4.783824000000000000e+19 0.000000000000000000e+00 0.000000000000000000e+00
3.235739900000000091e+01 1.000000000000000000e+00 2.250804199999999966e+01 2.113423999999999978e-04 8.172681400000000451e+01 9.099898399999999299e+01 4.377569000000000037e-15 1.692387000000000031e-05 -9.384396000000000198e-06 -2.467698999999999855e-10
3.076895299999999978e+01 1.000000000000000000e+00 2.032961399999999941e+01 2.087036000000000121e-04 7.941324899999999332e+01 8.666570500000000266e+01 1.127285999999999993e-14 4.728076000000000029e-05 -3.315239999999999789e-05 -7.440925999999999622e-10
2.925614699999999857e+01 1.000000000000000000e+00 1.835733499999999907e+01 2.061652000000000027e-04 7.697551300000000651e+01 8.253876999999999953e+01 3.348935000000000134e-14 1.467538000000000111e-04 -1.086896000000000037e-04 -2.282285999999999950e-09
2.781538000000000110e+01 1.000000000000000000e+00 1.657260899999999992e+01 2.037269000000000026e-04 7.437954000000000576e+01 7.860835699999999804e+01 1.068269999999999951e-13 4.807459000000000146e-04 -3.579879000000000221e-04 -7.421974999999999695e-09
2.644322000000000017e+01 1.000000000000000000e+00 1.495890400000000042e+01 2.013992999999999946e-04 7.151743000000000450e+01 7.486510499999999979e+01 3.391333999999999835e-13 1.562173999999999941e-03 -1.142259000000000069e-03 -2.458727000000000044e-08
2.513640200000000036e+01 9.999989999999999712e-01 1.350249099999999913e+01 1.992259999999999929e-04 6.805423199999999895e+01 7.130010500000000206e+01 1.031309999999999975e-12 4.884786000000000336e-03 -3.589418000000000036e-03 -8.077201000000000013e-08
2.389181299999999908e+01 9.999980000000000535e-01 1.219431499999999957e+01 1.973370999999999914e-04 6.312268399999999957e+01 6.790486699999999587e+01 2.951563000000000113e-12 1.441401999999999961e-02 -1.076019999999999928e-02 -2.522339999999999808e-07
2.270648999999999873e+01 9.999940000000000495e-01 1.103470899999999943e+01 1.960746999999999881e-04 5.539103200000000271e+01 6.467130400000000634e+01 7.712744999999999767e-12 3.893782999999999966e-02 -3.063861999999999836e-02 -7.368552000000000005e-07
2.157760999999999996e+01 9.999839999999999840e-01 1.004321000000000019e+01 1.962630999999999946e-04 4.417258499999999799e+01 6.159172000000000224e+01 1.859656000000000048e-11 9.726822000000000246e-02 -8.223221000000000003e-02 -2.014405000000000071e-06
2.050248699999999857e+01 9.999569999999999848e-01 9.276497000000000881e+00 1.996683999999999872e-04 3.173733700000000013e+01 5.865878500000000173e+01 4.135255000000000316e-11 2.248662999999999912e-01 -2.065778000000000059e-01 -5.091305000000000207e-06
1.947855900000000062e+01 9.998949999999999783e-01 8.860592000000000468e+00 2.098365000000000093e-04 2.168231899999999968e+01 5.586551000000000045e+01 8.698606999999999469e-11 4.947347000000000272e-01 -4.875316000000000094e-01 -1.199867000000000044e-05
1.850339100000000059e+01 9.997620000000000395e-01 9.046378999999999948e+00 2.333601000000000089e-04 1.611051300000000097e+01 5.320525099999999696e+01 1.677312999999999996e-10 1.010458000000000078e+00 -1.088675999999999977e+00 -2.647730000000000144e-05
1.757465900000000047e+01 9.994899999999999896e-01 1.028657800000000044e+01 2.814575999999999732e-04 1.429162700000000008e+01 5.067167100000000346e+01 3.026368999999999954e-10 1.967532999999999976e+00 -2.300584999999999880e+00 -5.471325000000000000e-05
1.669015299999999868e+01 9.989740000000000286e-01 1.336040299999999981e+01 3.722795999999999788e-04 1.572317999999999927e+01 4.825873800000000102e+01 5.184864999999999548e-10 3.709042000000000172e+00 -4.631377999999999773e+00 -1.067135999999999942e-04
1.584776500000000077e+01 9.980419999999999847e-01 1.955554000000000059e+01 5.328159000000000497e-04 2.088686900000000080e+01 4.596070300000000231e+01 8.305933999999999703e-10 6.608363999999999905e+00 -8.937851000000000212e+00 -1.966964000000000028e-04
1.504548999999999914e+01 9.964450000000000252e-01 3.095245999999999853e+01 8.005284999999999571e-04 3.124283000000000143e+01 4.377209700000000225e+01 1.259504999999999985e-09 1.112208000000000041e+01 -1.665228000000000108e+01 -3.436237999999999879e-04
1.428142000000000067e+01 9.938360000000000527e-01 5.084201000000000192e+01 1.227545999999999932e-03 4.948327100000000200e+01 4.168771300000000224e+01 1.818173000000000066e-09 1.764124999999999943e+01 -3.012221999999999866e+01 -5.754533999999999951e-04
1.355373400000000039e+01 9.897479999999999611e-01 8.393477099999999780e+01 1.874390000000000084e-03 7.959108899999999664e+01 3.970258599999999660e+01 2.662764999999999955e-09 2.804394999999999882e+01 -5.258413999999999788e+01 -9.166718000000000349e-04
1.286069999999999958e+01 9.835920000000000218e-01 1.368342120000000079e+02 2.814247000000000189e-03 1.266766669999999948e+02 3.781198899999999696e+01 3.538331999999999936e-09 4.005919999999999703e+01 -8.875673000000000457e+01 -1.401745000000000031e-03
1.220066699999999926e+01 9.746489999999999876e-01 2.194848369999999989e+02 4.125537000000000301e-03 1.982074550000000102e+02 3.601142099999999857e+01 4.552071999999999788e-09 5.500290999999999997e+01 -1.467059000000000140e+02 -2.059362999999999819e-03
1.157206399999999924e+01 9.620720000000000383e-01 3.451635979999999790e+02 5.882672999999999722e-03 3.026452479999999809e+02 3.429659199999999686e+01 5.601216000000000192e-09 7.187063000000000557e+01 -2.365307999999999993e+02 -2.906601999999999884e-03
1.097339500000000001e+01 9.449070000000000524e-01 5.294834019999999555e+02 8.158777000000000737e-03 4.480986459999999738e+02 3.266342300000000165e+01 6.665365000000000174e-09 9.050458000000000425e+01 -3.690887000000000171e+02 -3.965162000000000374e-03
1.040323399999999943e+01 9.221089999999999565e-01 7.902602630000000090e+02 1.102934000000000032e-02 6.403034020000000055e+02 3.110802400000000034e+01 7.680059999999999223e-09 1.100892000000000053e+02 -5.573482999999999947e+02 -5.264567000000000378e-03
9.860224000000000544e+00 8.925669999999999993e-01 1.149498475000000099e+03 1.455682999999999977e-02 9.006053130000000237e+02 2.962668999999999997e+01 9.470205000000000593e-09 1.430773000000000081e+02 -8.205828999999999951e+02 -6.808907000000000327e-03
9.343071000000000126e+00 8.551389999999999825e-01 1.623773159999999962e+03 1.880273999999999834e-02 1.199701555999999982e+03 2.821589799999999926e+01 1.037765999999999950e-08 1.650706999999999880e+02 -1.163751999999999953e+03 -8.621963999999999323e-03
8.850543999999999301e+00 8.086750000000000327e-01 2.240223617000000104e+03 2.379283000000000092e-02 1.541311222999999927e+03 2.687228400000000050e+01 1.108943000000000065e-08 1.855747000000000071e+02 -1.623194999999999936e+03 -1.066007000000000066e-02
8.381470999999999449e+00 7.520580000000000043e-01 3.031975358000000142e+03 2.952926000000000162e-02 1.918140294999999924e+03 2.559265200000000107e+01 1.165608999999999919e-08 2.051091999999999871e+02 -2.234460000000000036e+03 -1.288914000000000032e-02
7.934733999999999732e+00 6.842279999999999474e-01 4.024386199000000033e+03 3.602394999999999903e-02 2.299630367000000206e+03 2.437395499999999871e+01 1.192457999999999937e-08 2.205670000000000073e+02 -3.009875000000000000e+03 -1.533980000000000066e-02
7.509272000000000169e+00 6.041999999999999593e-01 5.252819899000000078e+03 4.324164999999999953e-02 2.661265463000000182e+03 2.321329300000000018e+01 1.194821999999999951e-08 2.322490999999999985e+02 -4.001795999999999822e+03 -1.791641000000000067e-02
7.104068999999999967e+00 5.111010000000000275e-01 6.769317162999999709e+03 5.114275000000000071e-02 2.979864364000000023e+03 2.210790000000000077e+01 1.176121999999999922e-08 2.402023000000000081e+02 -5.290756000000000313e+03 -2.060446999999999973e-02
6.718161000000000271e+00 4.041790000000000105e-01 8.581605869000000894e+03 5.975549000000000138e-02 3.223144538999999895e+03 2.105514300000000105e+01 1.138369000000000001e-08 2.442409000000000106e+02 -6.819717999999999847e+03 -2.357371000000000119e-02
6.350629999999999775e+00 2.827549999999999786e-01 1.066387776200000008e+04 6.919938999999999951e-02 3.369639924999999948e+03 2.005251799999999918e+01 1.085231999999999960e-08 2.445785999999999945e+02 -8.533154000000000451e+03 -2.710218000000000002e-02
6.000600000000000378e+00 1.461540000000000061e-01 1.296267138100000011e+04 7.916086999999999430e-02 3.430133784000000105e+03 1.909763799999999989e+01 1.026966999999999934e-08 2.430940999999999974e+02 -1.035494000000000051e+04 -3.002563000000000107e-02
