3.402526900000000154e+01 1.000000000000000000e+00 2.528416899999999856e+01 2.257197000000000066e-04 2.528430399999999878e+01 9.554893300000000522e+01 1.293916000000000000e+10 4.794926000000000000e+19 0.000000000000000000e+00 0.000000000000000000e+00
3.235739900000000091e+01 1.000000000000000000e+00 2.286229000000000156e+01 2.226965999999999982e-04 2.286239300000000085e+01 9.099898399999999299e+01 9.357449000000000000e+09 3.603640000000000000e+19 0.000000000000000000e+00 0.000000000000000000e+00
3.076895299999999978e+01 1.000000000000000000e+00 2.066826899999999867e+01 2.197927999999999872e-04 2.066839600000000132e+01 8.666570500000000266e+01 5.946286000000000000e+09 2.378665000000000000e+19 0.000000000000000000e+00 0.000000000000000000e+00
2.925614699999999857e+01 1.000000000000000000e+00 1.868151399999999995e+01 2.170015999999999926e-04 7.685469799999999907e+01 8.253876999999999953e+01 5.992610999999999667e-14 2.486691000000000075e-04 -7.786751999999999871e-08 -2.054912999999999889e-12
2.781538000000000110e+01 1.000000000000000000e+00 1.688318100000000044e+01 2.143170000000000014e-04 7.432012899999999433e+01 7.860835699999999804e+01 5.471508999999999981e-14 2.352959000000000116e-04 -2.390776000000000232e-07 -6.322255000000000105e-12
2.644322000000000017e+01 1.000000000000000000e+00 1.525604200000000077e+01 2.117335999999999882e-04 7.168896300000000110e+01 7.486510499999999979e+01 5.419563000000000300e-14 2.411137999999999953e-04 -7.572974999999999690e-07 -2.001038000000000021e-11
2.513640200000000036e+01 1.000000000000000000e+00 1.378436199999999978e+01 2.092461999999999957e-04 6.897338000000000591e+01 7.130010500000000206e+01 6.762941000000000334e-14 3.109966000000000032e-04 -2.542538000000000000e-06 -6.713457999999999928e-11
2.389181299999999908e+01 1.000000000000000000e+00 1.245377500000000026e+01 2.068503000000000073e-04 6.616237399999999980e+01 6.790486699999999587e+01 1.241545000000000038e-13 5.914581999999999609e-04 -8.599772999999999698e-06 -2.272756999999999889e-10
2.270648999999999873e+01 1.000000000000000000e+00 1.125119199999999964e+01 2.045421000000000012e-04 6.317885100000000165e+01 6.467130400000000634e+01 3.021236999999999943e-13 1.493888999999999981e-03 -2.839063000000000095e-05 -7.517803999999999861e-10
2.157760999999999996e+01 9.999980000000000535e-01 1.016471100000000050e+01 2.023186999999999913e-04 5.977568899999999985e+01 6.159172000000000224e+01 7.972804999999999974e-13 4.089149000000000256e-03 -8.915200000000000295e-05 -2.366867999999999896e-09
2.050248699999999857e+01 9.999949999999999672e-01 9.183559999999999945e+00 2.001793000000000029e-04 5.540403700000000242e+01 5.865878500000000173e+01 2.038457000000000065e-12 1.083322999999999925e-02 -2.608380999999999786e-04 -6.941172000000000151e-09
1.947855900000000062e+01 9.999860000000000415e-01 8.298085999999999629e+00 1.981277000000000038e-04 4.914041399999999982e+01 5.586551000000000045e+01 4.934696000000000080e-12 2.714698999999999932e-02 -7.093976999999999792e-04 -1.892558999999999854e-08
1.850339100000000059e+01 9.999620000000000175e-01 7.499821999999999989e+00 1.961761000000000071e-04 4.051290999999999798e+01 5.320525099999999696e+01 1.098799999999999963e-11 6.252604999999999968e-02 -1.797772999999999906e-03 -4.805828999999999907e-08
1.757465900000000047e+01 9.999080000000000190e-01 6.781640999999999586e+00 1.943520000000000122e-04 3.045813199999999910e+01 5.067167100000000346e+01 2.273060999999999860e-11 1.336845999999999868e-01 -4.234907999999999902e-03 -1.134205999999999985e-07
1.669015299999999868e+01 9.997899999999999565e-01 6.138058000000000014e+00 1.927100999999999966e-04 2.117359899999999939e+01 4.825873800000000102e+01 4.433432000000000288e-11 2.692805999999999811e-01 -9.351675000000000265e-03 -2.508804999999999945e-07
1.584776500000000077e+01 9.995500000000000496e-01 5.565623000000000431e+00 1.913461999999999943e-04 1.448944599999999916e+01 4.596070300000000231e+01 8.012911000000000207e-11 5.022988999999999926e-01 -1.937151000000000151e-02 -5.203425000000000287e-07
1.504548999999999914e+01 9.990919999999999801e-01 5.063513000000000375e+00 1.904185999999999932e-04 1.024725300000000061e+01 4.377209700000000225e+01 1.359945000000000002e-10 8.796848999999999918e-01 -3.791959000000000302e-02 -1.019598999999999917e-06
1.428142000000000067e+01 9.982630000000000114e-01 4.634177000000000213e+00 1.901723000000000020e-04 7.685681999999999903e+00 4.168771300000000224e+01 2.180740999999999914e-10 1.456661999999999901e+00 -7.047580999999999984e-02 -1.896044000000000087e-06
1.355373400000000039e+01 9.968390000000000306e-01 4.283693000000000417e+00 1.909550000000000039e-04 6.051406000000000063e+00 3.970258599999999660e+01 3.477703000000000228e-10 2.403242999999999796e+00 -1.244632999999999989e-01 -3.346762000000000094e-06
1.286069999999999958e+01 9.945019999999999971e-01 4.022648000000000224e+00 1.932503000000000020e-04 5.139683999999999919e+00 3.781198899999999696e+01 5.061366999999999527e-10 3.635711999999999833e+00 -2.104362999999999928e-01 -5.649888999999999804e-06
1.220066699999999926e+01 9.908320000000000460e-01 3.866544999999999899e+00 1.976919000000000105e-04 4.602624999999999744e+00 3.601142099999999857e+01 7.091618000000000150e-10 5.333261000000000251e+00 -3.421066999999999858e-01 -9.154441000000000466e-06
1.157206399999999924e+01 9.852880000000000527e-01 3.835892999999999997e+00 2.050675000000000013e-04 4.351215999999999973e+00 3.429659199999999686e+01 9.441934000000000743e-10 7.509507000000000154e+00 -5.364518000000000342e-01 -1.427237999999999937e-05
1.097339500000000001e+01 9.772140000000000271e-01 3.955115000000000158e+00 2.162805999999999973e-04 4.335524000000000377e+00 3.266342300000000165e+01 1.209029000000000003e-09 1.029090000000000060e+01 -8.121785999999999728e-01 -2.141832999999999996e-05
1.040323399999999943e+01 9.658419999999999783e-01 4.256512999999999991e+00 2.324309000000000043e-04 4.553124000000000393e+00 3.110802400000000034e+01 1.490996000000000090e-09 1.374630999999999936e+01 -1.198368000000000100e+00 -3.120819999999999709e-05
9.860224000000000544e+00 9.503059999999999841e-01 4.775154999999999816e+00 2.546790999999999855e-04 4.998281999999999670e+00 2.962668999999999997e+01 1.934655999999999983e-09 1.949171000000000120e+01 -1.720652000000000070e+00 -4.410636999999999967e-05
9.343071000000000126e+00 9.296710000000000251e-01 5.545066000000000273e+00 2.842419000000000000e-04 5.735380000000000145e+00 2.821589799999999926e+01 2.248665999999999812e-09 2.490457999999999927e+01 -2.401351000000000013e+00 -6.062656999999999779e-05
8.850543999999999301e+00 9.029620000000000424e-01 6.610884999999999678e+00 3.225548999999999973e-04 6.778954999999999842e+00 2.687228400000000050e+01 2.537851000000000194e-09 3.092940000000000111e+01 -3.288991000000000220e+00 -8.167714999999999437e-05
8.381470999999999449e+00 8.692020000000000302e-01 8.021876999999999924e+00 3.710157000000000060e-04 8.172005000000000408e+00 2.559265200000000107e+01 2.807142000000000107e-09 3.756015000000000015e+01 -4.429801000000000322e+00 -1.077535000000000043e-04
7.934733999999999732e+00 8.274510000000000476e-01 9.828982999999999137e+00 4.309119999999999834e-04 9.963103000000000264e+00 2.437395499999999871e+01 3.009660000000000131e-09 4.402223999999999648e+01 -5.871627000000000152e+00 -1.392259999999999982e-04
7.509272000000000169e+00 7.768410000000000037e-01 1.209185500000000069e+01 5.036058000000000158e-04 1.220613099999999918e+01 2.321329300000000018e+01 3.149234999999999827e-09 5.010269000000000261e+01 -7.686262000000000150e+00 -1.768999000000000103e-04
7.104068999999999967e+00 7.166090000000000515e-01 1.486751399999999990e+01 5.905223000000000026e-04 1.495166299999999993e+01 2.210790000000000077e+01 3.226847000000000158e-09 5.555572000000000088e+01 -9.931110999999999578e+00 -2.216436999999999867e-04
6.718161000000000271e+00 6.461289999999999534e-01 1.819426500000000146e+01 6.929195000000000189e-04 1.822999400000000136e+01 2.105514300000000105e+01 3.241169999999999882e-09 6.009801999999999822e+01 -1.262912999999999997e+01 -2.738245999999999736e-04
6.350629999999999775e+00 5.649279999999999857e-01 2.214424800000000104e+01 8.122468999999999566e-04 2.210103499999999954e+01 2.005251799999999918e+01 3.197357000000000088e-09 6.359031000000000233e+01 -1.594153999999999982e+01 -3.347703000000000159e-04
6.000600000000000378e+00 4.727009999999999823e-01 2.679066299999999856e+01 9.496539000000000456e-04 2.662085599999999985e+01 1.909763799999999989e+01 3.123533999999999897e-09 6.640600999999999487e+01 -1.997557000000000116e+01 -4.045686999999999743e-04
