3.402526900000000154e+01 1.000000000000000000e+00 5.498026500000000283e+01 1.270908000000000064e-03 5.498030500000000131e+01 9.554893300000000522e+01 1.293916000000000000e+10 5.279575000000000000e+19 0.000000000000000000e+00 0.000000000000000000e+00
3.235739900000000091e+01 1.000000000000000000e+00 5.107467599999999663e+01 1.211047999999999942e-03 8.263372099999999421e+01 9.099898399999999299e+01 6.191495000000000367e-12 2.641746999999999845e-02 -1.288962000000000025e-07 -2.383486000000000089e-12
3.076895299999999978e+01 1.000000000000000000e+00 4.748169500000000198e+01 1.158270999999999997e-03 7.931435999999999353e+01 8.666570500000000266e+01 5.285318000000000401e-12 2.358816999999999858e-02 -3.871162000000000211e-07 -7.307588000000000426e-12
2.925614699999999857e+01 1.000000000000000000e+00 4.417793799999999749e+01 1.111414000000000022e-03 7.611891099999999710e+01 8.253876999999999953e+01 4.575656000000000027e-12 2.135538000000000020e-02 -1.184425000000000099e-06 -2.267109999999999939e-11
2.781538000000000110e+01 1.000000000000000000e+00 4.114079499999999712e+01 1.069562999999999937e-03 7.299978099999999870e+01 7.860835699999999804e+01 4.184192999999999880e-12 2.041362000000000038e-02 -3.837454000000000105e-06 -7.411750000000000281e-11
2.644322000000000017e+01 1.000000000000000000e+00 3.834868199999999661e+01 1.031985999999999928e-03 6.983412500000000023e+01 7.486510499999999979e+01 4.521261000000000237e-12 2.305029000000000106e-02 -1.263004999999999946e-05 -2.449122000000000138e-10
2.513640200000000036e+01 9.999989999999999712e-01 3.578120899999999693e+01 9.980911000000000297e-04 6.629628099999999336e+01 7.130010500000000206e+01 6.764970000000000001e-12 3.605474000000000179e-02 -4.116569999999999789e-05 -8.009615999999999858e-10
2.389181299999999908e+01 9.999959999999999960e-01 3.341927299999999690e+01 9.673951999999999768e-04 6.163748199999999855e+01 6.790486699999999587e+01 1.395275999999999961e-11 7.781850999999999352e-02 -1.274578000000000115e-04 -2.490618000000000012e-09
2.270648999999999873e+01 9.999890000000000168e-01 3.124517399999999867e+01 9.394991999999999580e-04 5.494396400000000114e+01 6.467130400000000634e+01 3.247914000000000170e-11 1.896448000000000023e-01 -3.693376000000000059e-04 -7.259481000000000152e-09
2.157760999999999996e+01 9.999679999999999680e-01 2.924273799999999923e+01 9.140746999999999848e-04 4.628411799999999943e+01 6.159172000000000224e+01 7.537711000000000131e-11 4.607518999999999920e-01 -1.001616000000000095e-03 -1.981186000000000069e-08
2.050248699999999857e+01 9.999139999999999695e-01 2.739748099999999909e+01 8.908553999999999952e-04 3.775592499999999774e+01 5.865878500000000173e+01 1.655084999999999925e-10 1.059040999999999899e+00 -2.516343999999999786e-03 -5.006771999999999882e-08
1.947855900000000062e+01 9.997909999999999853e-01 2.569693399999999883e+01 8.696342999999999825e-04 3.120251400000000075e+01 5.586551000000000045e+01 3.466976000000000126e-10 2.322271000000000196e+00 -5.899060999999999715e-03 -1.180518000000000063e-07
1.850339100000000059e+01 9.995230000000000503e-01 2.413111299999999915e+01 8.502698000000000157e-04 2.697600100000000012e+01 5.320525099999999696e+01 6.676311999999999682e-10 4.681470000000000020e+00 -1.296877999999999920e-02 -2.608846000000000013e-07
1.757465900000000047e+01 9.989799999999999791e-01 2.269304999999999950e+01 8.326944999999999876e-04 2.418107799999999941e+01 5.067167100000000346e+01 1.204248999999999943e-09 8.840695000000000192e+00 -2.673661000000000093e-02 -5.404199999999999648e-07
1.669015299999999868e+01 9.979459999999999997e-01 2.137961800000000068e+01 8.169349999999999702e-04 2.217955500000000058e+01 4.825873800000000102e+01 2.063410999999999917e-09 1.586187999999999931e+01 -5.208556000000000297e-02 -1.057493000000000058e-06
1.584776500000000077e+01 9.960820000000000229e-01 2.019217700000000093e+01 8.031305000000000518e-04 2.064718600000000137e+01 4.596070300000000231e+01 3.306226999999999940e-09 2.662013999999999925e+01 -9.613520999999999872e-02 -1.959387999999999916e-06
1.504548999999999914e+01 9.928890000000000216e-01 1.913716600000000057e+01 7.915549999999999930e-04 1.940945699999999974e+01 4.377209700000000225e+01 5.014898999999999807e-09 4.230821999999999861e+01 -1.687462999999999880e-01 -3.451032999999999930e-06
1.428142000000000067e+01 9.876709999999999656e-01 1.822785500000000170e+01 7.826633999999999848e-04 1.839886999999999873e+01 4.168771300000000224e+01 7.241166000000000097e-09 6.405034999999999457e+01 -2.846987999999999741e-01 -5.838586000000000345e-06
1.355373400000000039e+01 9.795049999999999590e-01 1.748215899999999934e+01 7.770614999999999597e-04 1.758753300000000053e+01 3.970258599999999660e+01 1.061032999999999969e-08 9.848541000000000167e+01 -4.595901000000000014e-01 -9.443416999999999916e-06
1.286069999999999958e+01 9.672209999999999974e-01 1.692422399999999882e+01 7.755457000000000106e-04 1.699609399999999937e+01 3.781198899999999696e+01 1.410288000000000042e-08 1.375309000000000026e+02 -7.145795999999999815e-01 -1.469821000000000000e-05
1.220066699999999926e+01 9.494010000000000504e-01 1.658743399999999824e+01 7.791661000000000073e-04 1.663805299999999932e+01 3.601142099999999857e+01 1.814837000000000027e-08 1.862352999999999952e+02 -1.079701999999999940e+00 -2.220427000000000145e-05
1.157206399999999924e+01 9.243980000000000530e-01 1.650969600000000170e+01 7.891336000000000097e-04 1.654688900000000018e+01 3.429659199999999686e+01 2.233645000000000014e-08 2.416585000000000036e+02 -1.583657000000000092e+00 -3.251414999999999769e-05
1.097339500000000001e+01 8.903759999999999453e-01 1.673714199999999863e+01 8.068663999999999697e-04 1.676520899999999870e+01 3.266342300000000165e+01 2.658589999999999853e-08 3.039130999999999858e+02 -2.265178000000000136e+00 -4.633946999999999697e-05
1.040323399999999943e+01 8.453640000000000043e-01 1.732900599999999969e+01 8.340624999999999515e-04 1.735052299999999903e+01 3.110802400000000034e+01 3.063896999999999765e-08 3.709236000000000217e+02 -3.177465000000000206e+00 -6.462403999999999935e-05
9.860224000000000544e+00 7.873269999999999991e-01 1.836103100000000055e+01 8.727265999999999800e-04 1.837581700000000140e+01 2.962668999999999997e+01 3.779558999999999811e-08 4.856259999999999764e+02 -4.389181999999999917e+00 -8.850526999999999906e-05
9.343071000000000126e+00 7.142460000000000475e-01 1.993332799999999949e+01 9.252785000000000350e-04 1.994383900000000054e+01 2.821589799999999926e+01 4.142288999999999777e-08 5.660258999999999787e+02 -5.996814999999999785e+00 -1.194998999999999974e-04
8.850543999999999301e+00 6.241980000000000306e-01 2.217712399999999917e+01 9.946367999999999703e-04 2.218310599999999866e+01 2.687228400000000050e+01 4.426957000000000060e-08 6.442901000000000522e+02 -8.130527000000000726e+00 -1.595275000000000002e-04
8.381470999999999449e+00 5.154330000000000300e-01 2.527609599999999901e+01 1.084668000000000004e-03 2.527630600000000172e+01 2.559265200000000107e+01 4.653785000000000137e-08 7.220357000000000198e+02 -1.099455000000000027e+01 -2.117579000000000076e-04
7.934733999999999732e+00 3.864400000000000057e-01 2.944686499999999896e+01 1.200151999999999903e-03 2.943863100000000088e+01 2.437395499999999871e+01 4.761471000000000007e-08 7.876893000000000029e+02 -1.479813000000000045e+01 -2.798154000000000179e-04
7.509272000000000169e+00 2.359989999999999866e-01 3.496976899999999944e+01 1.346895000000000080e-03 3.494808700000000101e+01 2.321329300000000018e+01 4.771367999999999689e-08 8.412554000000000087e+02 -1.986646999999999963e+01 -3.681609000000000075e-04
7.104068999999999967e+00 6.322200000000000042e-02 4.205766799999999961e+01 1.528880999999999947e-03 4.201378299999999655e+01 2.210790000000000077e+01 4.697108999999999977e-08 8.816522999999999683e+02 -2.627561999999999998e+01 -4.749234000000000073e-04
6.718161000000000271e+00 0.000000000000000000e+00 5.021156500000000023e+01 1.737063000000000062e-03 5.013379799999999875e+01 2.105514300000000105e+01 4.546616999999999955e-08 9.065262000000000171e+02 -3.241581000000000046e+01 -5.684897999999999861e-04
6.350629999999999775e+00 0.000000000000000000e+00 5.817811600000000283e+01 1.949594999999999930e-03 5.805594500000000124e+01 2.005251799999999918e+01 4.334521999999999934e-08 9.154542999999999893e+02 -3.601854999999999762e+01 -6.110961999999999514e-04
6.000600000000000378e+00 0.000000000000000000e+00 6.580967400000000112e+01 2.163410000000000159e-03 6.563223700000000349e+01 1.909763799999999989e+01 4.102113999999999882e-08 9.159432000000000471e+02 -3.945602999999999838e+01 -6.476897000000000340e-04
