3.402526900000000154e+01 1.000000000000000000e+00 2.490359600000000029e+01 2.139869000000000027e-04 2.490373500000000107e+01 9.554893300000000522e+01 1.293916000000000000e+10 4.783535000000000000e+19 0.000000000000000000e+00 0.000000000000000000e+00
3.235739900000000091e+01 1.000000000000000000e+00 2.249928399999999939e+01 2.112453999999999883e-04 8.172736100000000192e+01 9.099898399999999299e+01 1.394862000000000064e-14 5.398078000000000191e-05 -9.383384000000000215e-06 -2.467713999999999984e-10
3.076895299999999978e+01 1.000000000000000000e+00 2.032156600000000068e+01 2.086085000000000001e-04 7.940638099999999611e+01 8.666570500000000266e+01 4.113103000000000129e-14 1.728819000000000091e-04 -3.315079000000000045e-05 -7.440954999999999561e-10
2.925614699999999857e+01 1.000000000000000000e+00 1.834992499999999893e+01 2.060718000000000012e-04 7.692986799999999903e+01 8.253876999999999953e+01 1.286504999999999979e-13 5.636719999999999795e-04 -1.086842999999999989e-04 -2.282294999999999924e-09
2.781538000000000110e+01 1.000000000000000000e+00 1.656577400000000111e+01 2.036351000000000046e-04 7.416370999999999469e+01 7.860835699999999804e+01 4.183178000000000212e-13 1.881010999999999924e-03 -3.579680000000000123e-04 -7.422006999999999969e-09
2.644322000000000017e+01 9.999989999999999712e-01 1.495258699999999941e+01 2.013091000000000002e-04 7.066216599999999914e+01 7.486510499999999979e+01 1.338279000000000057e-12 6.160099999999999951e-03 -1.142185999999999896e-03 -2.458738999999999899e-08
2.513640200000000036e+01 9.999970000000000248e-01 1.349663800000000080e+01 1.991371999999999880e-04 6.522903599999999358e+01 7.130010500000000206e+01 4.083723000000000006e-12 1.933112000000000025e-02 -3.589167999999999786e-03 -8.077248999999999432e-08
2.389181299999999908e+01 9.999890000000000168e-01 1.218887800000000077e+01 1.972497000000000031e-04 5.570050700000000177e+01 6.790486699999999587e+01 1.171008999999999943e-11 5.715681999999999707e-02 -1.075943000000000038e-02 -2.522364000000000047e-07
2.270648999999999873e+01 9.999660000000000215e-01 1.102964500000000037e+01 1.959886000000000093e-04 4.172950300000000112e+01 6.467130400000000634e+01 3.063390999999999705e-11 1.545644999999999936e-01 -3.063673999999999911e-02 -7.368722999999999854e-07
2.157760999999999996e+01 9.999029999999999863e-01 1.003847799999999957e+01 1.961784000000000054e-04 2.759617599999999982e+01 6.159172000000000224e+01 7.391828000000000399e-11 3.863036000000000247e-01 -8.222904000000000324e-02 -2.014504000000000050e-06
2.050248699999999857e+01 9.997430000000000483e-01 9.272073000000000675e+00 1.995854999999999884e-04 1.799079599999999957e+01 5.865878500000000173e+01 1.644647999999999985e-10 8.932423999999999920e-01 -2.065829000000000137e-01 -5.091901999999999957e-06
1.947855900000000062e+01 9.993720000000000381e-01 8.856533999999999907e+00 2.097582999999999869e-04 1.293922899999999920e+01 5.586551000000000045e+01 3.461517000000000135e-10 1.965804000000000107e+00 -4.876228000000000229e-01 -1.200214999999999994e-05
1.850339100000000059e+01 9.985690000000000399e-01 9.043134000000000228e+00 2.333000000000000059e-04 1.106587799999999966e+01 5.320525099999999696e+01 6.677323999999999678e-10 4.016983999999999888e+00 -1.089259999999999895e+00 -2.649473000000000103e-05
1.757465900000000047e+01 9.969430000000000236e-01 1.028681100000000015e+01 2.814851000000000267e-04 1.137413300000000049e+01 5.067167100000000346e+01 1.205214999999999958e-09 7.828388999999999598e+00 -2.304139000000000159e+00 -5.480683000000000055e-05
1.669015299999999868e+01 9.938420000000000032e-01 1.336792999999999942e+01 3.724867000000000195e-04 1.399144800000000011e+01 4.825873800000000102e+01 2.065529000000000095e-09 1.477072000000000074e+01 -4.639785999999999966e+00 -1.069173999999999938e-04
1.584776500000000077e+01 9.882509999999999906e-01 1.960040800000000161e+01 5.339071999999999828e-04 1.994233300000000142e+01 4.596070300000000231e+01 3.309837000000000096e-09 2.633794999999999931e+01 -8.983186999999999145e+00 -1.977503000000000030e-04
1.504548999999999914e+01 9.786730000000000151e-01 3.114576299999999875e+01 8.048514000000000102e-04 3.120229499999999945e+01 4.377209700000000225e+01 5.020352999999999652e-09 4.436097000000000179e+01 -1.684309999999999974e+01 -3.476748000000000208e-04
1.428142000000000067e+01 9.630140000000000366e-01 5.135258400000000023e+01 1.238116999999999950e-03 5.094736900000000190e+01 4.168771300000000224e+01 7.248804999999999971e-09 7.039046000000000447e+01 -3.056354999999999933e+01 -5.837286999999999598e-04
1.355373400000000039e+01 9.384879999999999889e-01 8.549498099999999567e+01 1.903835999999999896e-03 8.422797699999999566e+01 3.970258599999999660e+01 1.062046999999999941e-08 1.119758000000000067e+02 -5.410025999999999868e+01 -9.428718999999999469e-04
1.286069999999999958e+01 9.015520000000000200e-01 1.411573699999999860e+02 2.887386999999999940e-03 1.381382130000000075e+02 3.781198899999999696e+01 1.411573000000000043e-08 1.600192999999999870e+02 -9.298384000000000071e+01 -1.465574000000000087e-03
1.220066699999999926e+01 8.478809999999999958e-01 2.307707570000000032e+02 4.293401999999999982e-03 2.241950669999999946e+02 3.601142099999999857e+01 1.816405999999999900e-08 2.198009999999999877e+02 -1.579685000000000059e+02 -2.204925999999999848e-03
1.157206399999999924e+01 7.723940000000000250e-01 3.736699320000000171e+02 6.249723000000000431e-03 3.596459080000000199e+02 3.429659199999999686e+01 2.235504000000000018e-08 2.873142000000000280e+02 -2.659286000000000172e+02 -3.228311000000000201e-03
1.097339500000000001e+01 6.693219999999999725e-01 5.969808339999999589e+02 8.917868000000000669e-03 5.675128180000000384e+02 3.266342300000000165e+01 2.660746999999999890e-08 3.619209999999999923e+02 -4.396698999999999842e+02 -4.630655000000000014e-03
1.040323399999999943e+01 5.322949999999999626e-01 9.459321619999999484e+02 1.254550999999999930e-02 8.836871879999999919e+02 3.110802400000000034e+01 3.066385999999999755e-08 4.403781000000000176e+02 -7.259782999999999902e+02 -6.614364000000000181e-03
9.860224000000000544e+00 3.544129999999999781e-01 1.493032124999999951e+03 1.749318999999999874e-02 1.370486832000000049e+03 2.962668999999999997e+01 3.782439999999999689e-08 5.725958000000000538e+02 -1.201589999999999918e+03 -9.467220999999999623e-03
9.343071000000000126e+00 1.282359999999999889e-01 2.354866712000000007e+03 2.426802000000000126e-02 2.089124084999999923e+03 2.821589799999999926e+01 4.145633999999999997e-08 6.607848000000000184e+02 -1.997523999999999887e+03 -1.359344000000000004e-02
8.850543999999999301e+00 0.000000000000000000e+00 3.758213361000000077e+03 3.347407000000000160e-02 3.162451036999999815e+03 2.687228400000000050e+01 4.430800999999999866e-08 7.430438000000000329e+02 -3.416947999999999865e+03 -1.936591000000000007e-02
8.381470999999999449e+00 0.000000000000000000e+00 5.578808573999999680e+03 4.369938999999999768e-02 4.409567965000000186e+03 2.559265200000000107e+01 4.657424999999999765e-08 8.211231000000000222e+02 -4.856323999999999614e+03 -2.270016999999999868e-02
7.934733999999999732e+00 0.000000000000000000e+00 7.632511593000000175e+03 5.367137000000000296e-02 5.636372601000000031e+03 2.437395499999999871e+01 4.764509000000000302e-08 8.826843000000000075e+02 -6.135429000000000087e+03 -2.345262000000000041e-02
7.509272000000000169e+00 0.000000000000000000e+00 9.792914355999999316e+03 6.351524999999999532e-02 6.738836427000000185e+03 2.321329300000000018e+01 4.773940999999999986e-08 9.291259000000000015e+02 -7.307787999999999556e+03 -2.446453999999999990e-02
7.104068999999999967e+00 0.000000000000000000e+00 1.195850029299999915e+04 7.326984000000000274e-02 7.655306367000000137e+03 2.210790000000000077e+01 4.699293000000000018e-08 9.606667999999999665e+02 -8.368594999999999345e+03 -2.558594000000000146e-02
6.718161000000000271e+00 0.000000000000000000e+00 1.408942891199999940e+04 8.273650000000000448e-02 8.365357629000000088e+03 2.105514300000000105e+01 4.548432999999999817e-08 9.765712999999999511e+02 -9.412032999999999447e+03 -2.622367000000000101e-02
6.350629999999999775e+00 0.000000000000000000e+00 1.614402954200000022e+04 9.175998999999999961e-02 8.857931860000000597e+03 2.005251799999999918e+01 4.336007000000000162e-08 9.777037000000000262e+02 -1.040728000000000065e+04 -2.641160999999999856e-02
6.000600000000000378e+00 0.000000000000000000e+00 1.807813049799999862e+04 1.002350000000000046e-01 9.160164112000000387e+03 1.909763799999999989e+01 4.103311999999999944e-08 9.716458999999999833e+02 -1.131930999999999949e+04 -2.622181999999999985e-02
