3.402526900000000154e+01 1.000000000000000000e+00 2.491313999999999851e+01 2.140858000000000095e-04 2.491327899999999929e+01 9.554893300000000522e+01 1.293916000000000000e+10 4.783824000000000000e+19 0.000000000000000000e+00 0.000000000000000000e+00
3.235739900000000091e+01 1.000000000000000000e+00 2.250802600000000098e+01 2.113419999999999969e-04 2.250818500000000100e+01 9.099898399999999299e+01 9.357438000000000000e+09 3.594456000000000000e+19 0.000000000000000000e+00 0.000000000000000000e+00
3.076895299999999978e+01 1.000000000000000000e+00 2.032954700000000159e+01 2.087020999999999885e-04 2.032973000000000141e+01 8.666570500000000266e+01 5.946278000000000000e+09 2.371984000000000000e+19 0.000000000000000000e+00 0.000000000000000000e+00
2.925614699999999857e+01 1.000000000000000000e+00 1.835711299999999824e+01 2.061604999999999991e-04 7.699237899999999968e+01 8.253876999999999953e+01 8.610864000000000129e-16 3.528047999999999988e-06 -2.694765000000000109e-06 -7.196956999999999542e-11
2.781538000000000110e+01 1.000000000000000000e+00 1.657190500000000100e+01 2.037122000000000043e-04 7.445552700000000357e+01 7.860835699999999804e+01 1.278410000000000001e-15 5.518300000000000173e-06 -8.797725000000000543e-06 -2.204559999999999985e-10
2.644322000000000017e+01 1.000000000000000000e+00 1.495674299999999945e+01 2.013530000000000083e-04 7.181983300000000270e+01 7.486510499999999979e+01 2.737366000000000076e-15 1.246440999999999947e-05 -2.864003999999999964e-05 -6.956012000000000277e-10
2.513640200000000036e+01 1.000000000000000000e+00 1.349599000000000082e+01 1.990797000000000042e-04 6.910625699999999938e+01 7.130010500000000206e+01 7.682754999999999546e-15 3.638848999999999827e-05 -9.612961000000000270e-05 -2.331784999999999925e-09
2.389181299999999908e+01 1.000000000000000000e+00 1.217550499999999936e+01 1.968929999999999866e-04 6.633260500000000093e+01 6.790486699999999587e+01 2.366711000000000130e-14 1.155820999999999991e-04 -3.208942000000000218e-04 -7.898905999999999937e-09
2.270648999999999873e+01 1.000000000000000000e+00 1.098277799999999971e+01 1.948033000000000056e-04 6.350244099999999747e+01 6.467130400000000634e+01 7.091377999999999876e-14 3.571439999999999945e-04 -1.044687000000000089e-03 -2.615857000000000141e-08
2.157760999999999996e+01 9.999980000000000535e-01 9.907425999999999178e+00 1.928475000000000133e-04 6.057082100000000224e+01 6.159172000000000224e+01 1.996973000000000037e-13 1.037902000000000052e-03 -3.237461999999999979e-03 -8.247084999999999630e-08
2.050248699999999857e+01 9.999949999999999672e-01 8.942448000000000619e+00 1.911259000000000059e-04 5.739153699999999958e+01 5.865878500000000173e+01 5.198753000000000153e-13 2.792806000000000108e-03 -9.403299999999999853e-03 -2.420590000000000104e-07
1.947855900000000062e+01 9.999860000000000415e-01 8.086930000000000618e+00 1.898809000000000000e-04 5.363031000000000148e+01 5.586551000000000045e+01 1.263352999999999979e-12 7.019878000000000229e-03 -2.547084000000000154e-02 -6.603382000000000307e-07
1.850339100000000059e+01 9.999620000000000175e-01 7.351371999999999574e+00 1.896454000000000054e-04 4.882770399999999711e+01 5.320525099999999696e+01 2.813276000000000018e-12 1.619585000000000122e-02 -6.454645999999999995e-02 -1.676919000000000088e-06
1.757465900000000047e+01 9.999080000000000190e-01 6.766017999999999866e+00 1.914813000000000127e-04 4.259068599999999805e+01 5.067167100000000346e+01 5.813169999999999957e-12 3.476542999999999994e-02 -1.523832999999999993e-01 -3.957147000000000011e-06
1.669015299999999868e+01 9.997899999999999565e-01 6.395526000000000266e+00 1.973784000000000074e-04 3.510286700000000337e+01 4.825873800000000102e+01 1.132041999999999954e-11 7.072747000000000062e-02 -3.383199000000000067e-01 -8.749553999999999204e-06
1.584776500000000077e+01 9.995500000000000496e-01 6.358111000000000068e+00 2.107498999999999928e-04 2.781596199999999897e+01 4.596070300000000231e+01 2.043259999999999919e-11 1.348380000000000134e-01 -7.076149000000000466e-01 -1.813490000000000149e-05
1.504548999999999914e+01 9.990919999999999801e-01 6.857677999999999940e+00 2.371548000000000015e-04 2.222679000000000116e+01 4.377209700000000225e+01 3.463598000000000202e-11 2.455427000000000026e-01 -1.407864999999999922e+00 -3.549417000000000105e-05
1.428142000000000067e+01 9.982630000000000114e-01 8.225754000000000232e+00 2.850948999999999866e-04 1.918931100000000001e+01 4.168771300000000224e+01 5.547966000000000273e-11 4.308213000000000181e-01 -2.679694000000000020e+00 -6.589014000000000405e-05
1.355373400000000039e+01 9.968390000000000306e-01 1.095293999999999990e+01 3.665191000000000260e-04 1.855481899999999840e+01 3.970258599999999660e+01 8.831739999999999686e-11 7.610354999999999759e-01 -4.868081000000000103e+00 -1.160217000000000008e-04
1.286069999999999958e+01 9.945009999999999684e-01 1.578590600000000066e+01 4.977612999999999873e-04 2.097246000000000166e+01 3.781198899999999696e+01 1.284109000000000017e-10 1.233109000000000011e+00 -8.542365000000000208e+00 -1.951591999999999932e-04
1.220066699999999926e+01 9.908289999999999598e-01 2.383149699999999882e+01 6.997732999999999905e-04 2.631705799999999940e+01 3.601142099999999857e+01 1.797416000000000103e-10 1.912071000000000076e+00 -1.457072999999999929e+01 -3.145879999999999770e-04
1.157206399999999924e+01 9.852809999999999624e-01 3.657964400000000182e+01 9.979462000000000575e-04 3.506755900000000281e+01 3.429659199999999686e+01 2.391241000000000118e-10 2.788457999999999881e+00 -2.407102000000000075e+01 -4.872421999999999951e-04
1.097339500000000001e+01 9.771959999999999535e-01 5.602067100000000011e+01 1.420033000000000016e-03 4.774151200000000017e+01 3.266342300000000165e+01 3.059623000000000054e-10 3.869800999999999824e+00 -3.861697999999999809e+01 -7.247021999999999882e-04
1.040323399999999943e+01 9.658010000000000206e-01 8.467668100000000209e+01 1.999037999999999857e-03 6.478442300000000387e+01 3.110802400000000034e+01 3.770769999999999791e-10 5.127807999999999922e+00 -6.020143999999999807e+01 -1.045165000000000026e-03
9.860224000000000544e+00 9.502180000000000071e-01 1.257404619999999937e+02 2.767046999999999909e-03 8.809199999999999875e+01 2.962668999999999997e+01 4.885545000000000214e-10 7.095288000000000039e+00 -9.151439999999999486e+01 -1.458293999999999953e-03
9.343071000000000126e+00 9.294940000000000424e-01 1.834146450000000073e+02 3.753581000000000192e-03 1.154423230000000018e+02 2.821589799999999926e+01 5.675194000000000368e-10 8.762627999999999417e+00 -1.364930999999999983e+02 -1.971108999999999969e-03
8.850543999999999301e+00 9.026239999999999819e-01 2.630838519999999789e+02 4.989585000000000374e-03 1.470020330000000115e+02 2.687228400000000050e+01 6.401812000000000268e-10 1.047395000000000032e+01 -2.003228000000000009e+02 -2.598483999999999863e-03
8.381470999999999449e+00 8.685890000000000555e-01 3.708083560000000034e+02 6.501546999999999882e-03 1.818078299999999956e+02 2.559265200000000107e+01 7.077502000000000237e-10 1.224061000000000021e+01 -2.882653999999999996e+02 -3.344203999999999927e-03
7.934733999999999732e+00 8.263859999999999539e-01 5.112492179999999848e+02 8.314372999999999903e-03 2.163231739999999945e+02 2.437395499999999871e+01 7.585233000000000001e-10 1.384299999999999997e+01 -4.019621999999999957e+02 -4.217504000000000391e-03
7.509272000000000169e+00 7.750660000000000327e-01 6.911795720000000074e+02 1.044557999999999945e-02 2.482777619999999956e+02 2.321329300000000018e+01 7.934405999999999866e-10 1.526043999999999912e+01 -5.510144000000000233e+02 -5.214667000000000087e-03
7.104068999999999967e+00 7.137620000000000076e-01 9.177015649999999596e+02 1.290956000000000048e-02 2.755427230000000236e+02 2.210790000000000077e+01 8.127679000000000301e-10 1.645970000000000155e+01 -7.428537999999999784e+02 -6.339268000000000333e-03
6.718161000000000271e+00 6.417129999999999779e-01 1.193317547999999988e+03 1.573091000000000073e-02 2.958699639999999818e+02 2.105514300000000105e+01 8.162272999999999489e-10 1.739298000000000144e+01 -9.734506999999999834e+02 -7.628855999999999832e-03
6.350629999999999775e+00 5.582810000000000272e-01 1.523960141999999905e+03 1.891734999999999944e-02 3.084501060000000052e+02 2.005251799999999918e+01 8.050770999999999805e-10 1.804251999999999967e+01 -1.257961999999999989e+03 -9.054750999999999772e-03
6.000600000000000378e+00 4.629699999999999926e-01 1.919063881000000038e+03 2.246346999999999927e-02 3.149755589999999756e+02 1.909763799999999989e+01 7.863434000000000455e-10 1.852759000000000000e+01 -1.615601000000000113e+03 -1.058949000000000001e-02
