3.402526900000000154e+01 1.000000000000000000e+00 4.436831099999999850e+01 8.592765000000000255e-04 4.436837100000000333e+01 9.554893300000000522e+01 1.293916000000000000e+10 5.164018000000000000e+19 0.000000000000000000e+00 0.000000000000000000e+00
3.235739900000000091e+01 1.000000000000000000e+00 4.100518600000000191e+01 8.280937999999999624e-04 4.100521400000000227e+01 9.099898399999999299e+01 9.357449000000000000e+09 3.902627000000000000e+19 0.000000000000000000e+00 0.000000000000000000e+00
3.076895299999999978e+01 1.000000000000000000e+00 3.792772399999999777e+01 7.998846000000000428e-04 7.804960599999999715e+01 8.666570500000000266e+01 3.332770000000000146e-12 1.451962000000000044e-02 -4.492705999999999943e-06 -9.268986999999999468e-11
2.925614699999999857e+01 1.000000000000000000e+00 3.511375600000000219e+01 7.742610000000000464e-04 7.515793899999999894e+01 8.253876999999999953e+01 2.861704999999999871e-12 1.302794000000000001e-02 -1.383546999999999952e-05 -2.779122999999999834e-10
2.781538000000000110e+01 1.000000000000000000e+00 3.254205900000000184e+01 7.509031999999999903e-04 7.233823800000000404e+01 7.860835699999999804e+01 2.455129000000000090e-12 1.167963999999999981e-02 -4.453188999999999894e-05 -8.749347000000000475e-10
2.644322000000000017e+01 1.000000000000000000e+00 3.019252799999999937e+01 7.295452999999999487e-04 6.958151900000000012e+01 7.486510499999999979e+01 2.106340000000000090e-12 1.047136000000000074e-02 -1.467309000000000083e-04 -2.850461000000000007e-09
2.513640200000000036e+01 1.000000000000000000e+00 2.804641000000000162e+01 7.099677999999999892e-04 6.687984099999999899e+01 7.130010500000000206e+01 1.813534999999999906e-12 9.422283000000000047e-03 -4.925083000000000022e-04 -9.613448000000000322e-09
2.389181299999999908e+01 1.000000000000000000e+00 2.608669700000000091e+01 6.919973999999999960e-04 6.422234799999999666e+01 6.790486699999999587e+01 1.585879999999999903e-12 8.612455999999999237e-03 -1.603524000000000052e-03 -3.182000999999999960e-08
2.270648999999999873e+01 9.999989999999999712e-01 2.429912699999999859e+01 6.755214000000000271e-04 6.158911700000000167e+01 6.467130400000000634e+01 1.455213999999999902e-12 8.263476999999999975e-03 -4.980693999999999920e-03 -1.005306999999999990e-07
2.157760999999999996e+01 9.999970000000000248e-01 2.267443400000000153e+01 6.605346999999999694e-04 5.893598800000000182e+01 6.159172000000000224e+01 1.501423999999999965e-12 8.920387000000000108e-03 -1.459369999999999938e-02 -2.990033000000000236e-07
2.050248699999999857e+01 9.999909999999999632e-01 2.121283400000000086e+01 6.472373999999999706e-04 5.617428100000000057e+01 5.865878500000000173e+01 1.888107000000000004e-12 1.174695000000000079e-02 -3.985013999999999917e-02 -8.236460999999999812e-07
1.947855900000000062e+01 9.999770000000000048e-01 1.993256099999999975e+01 6.362340999999999873e-04 5.313350499999999954e+01 5.586551000000000045e+01 2.945811000000000119e-12 1.920430999999999874e-02 -1.014276000000000066e-01 -2.109648999999999967e-06
1.850339100000000059e+01 9.999430000000000263e-01 1.888482499999999931e+01 6.288805000000000176e-04 4.962492900000000162e+01 5.320525099999999696e+01 5.151172000000000096e-12 3.521871000000000029e-02 -2.416857000000000033e-01 -5.040904000000000416e-06
1.757465900000000047e+01 9.998690000000000078e-01 1.817457900000000137e+01 6.277923999999999831e-04 4.551313600000000292e+01 5.067167100000000346e+01 9.262782000000000587e-12 6.652945999999999860e-02 -5.381000000000000227e-01 -1.123121999999999985e-05
1.669015299999999868e+01 9.997169999999999668e-01 1.799497300000000166e+01 6.376468000000000153e-04 4.093391100000000193e+01 4.825873800000000102e+01 1.644580000000000087e-11 1.244928000000000007e-01 -1.129442999999999975e+00 -2.352245000000000041e-05
1.584776500000000077e+01 9.994239999999999791e-01 1.866636600000000001e+01 6.660563000000000421e-04 3.667850399999999667e+01 4.596070300000000231e+01 2.770040999999999950e-11 2.221806000000000059e-01 -2.238910000000000178e+00 -4.635196000000000335e-05
1.504548999999999914e+01 9.988909999999999734e-01 2.070301900000000117e+01 7.247971999999999661e-04 3.375709499999999963e+01 4.377209700000000225e+01 4.433434000000000151e-11 3.794114000000000098e-01 -4.228784000000000098e+00 -8.653452000000000442e-05
1.428142000000000067e+01 9.979689999999999950e-01 2.490231100000000097e+01 8.309488000000000291e-04 3.311998200000000026e+01 4.168771300000000224e+01 6.752208999999999466e-11 6.208418999999999466e-01 -7.662544999999999717e+00 -1.536580999999999917e-04
1.355373400000000039e+01 9.964480000000000004e-01 3.244157799999999980e+01 1.007173000000000096e-03 3.529234999999999900e+01 3.970258599999999660e+01 1.031730000000000040e-10 1.023338999999999999e+00 -1.336349000000000053e+01 -2.594588999999999901e-04
1.286069999999999958e+01 9.940459999999999852e-01 4.505140000000000100e+01 1.282900000000000013e-03 4.121254199999999912e+01 3.781198899999999696e+01 1.439085000000000103e-10 1.541353999999999891e+00 -2.259514000000000067e+01 -4.194488999999999813e-04
1.220066699999999926e+01 9.904030000000000333e-01 6.503503700000000265e+01 1.694189999999999932e-03 5.109839699999999851e+01 3.601142099999999857e+01 1.937967000000000004e-10 2.235008999999999801e+00 -3.696497000000000099e+01 -6.516128999999999628e-04
1.157206399999999924e+01 9.850740000000000052e-01 9.555127400000000648e+01 2.281977000000000137e-03 6.522205499999999745e+01 3.429659199999999686e+01 2.488263999999999980e-10 3.076008999999999993e+00 -5.891897000000000162e+01 -9.741335999999999528e-04
1.097339500000000001e+01 9.775369999999999893e-01 1.408380420000000015e+02 3.086758000000000210e-03 8.373490999999999929e+01 3.266342300000000165e+01 3.080188999999999981e-10 4.062914000000000136e+00 -9.186918000000000006e+01 -1.398937999999999961e-03
1.040323399999999943e+01 9.671969999999999734e-01 2.065785840000000064e+02 4.152651000000000259e-03 1.063566339999999997e+02 3.110802400000000034e+01 3.681490000000000074e-10 5.161291000000000295e+00 -1.406713000000000022e+02 -1.945897999999999942e-03
9.860224000000000544e+00 9.534040000000000292e-01 2.996879809999999793e+02 5.516099000000000002e-03 1.375373659999999916e+02 2.962668999999999997e+01 4.656439999999999897e-10 6.916439999999999699e+00 -2.109156000000000120e+02 -2.616458999999999799e-03
9.343071000000000126e+00 9.354719999999999702e-01 4.271785949999999730e+02 7.208540999999999734e-03 1.675743870000000015e+02 2.821589799999999926e+01 5.266986999999999485e-10 8.269553000000000154e+00 -3.071963000000000079e+02 -3.415267999999999950e-03
8.850543999999999301e+00 9.126969999999999805e-01 5.966340259999999489e+02 9.269569999999999546e-03 1.976294460000000015e+02 2.687228400000000050e+01 5.796940000000000250e-10 9.603654999999999831e+00 -4.357918000000000234e+02 -4.372899000000000404e-03
8.381470999999999449e+00 8.843860000000000054e-01 8.176848340000000235e+02 1.171704999999999969e-02 2.266557830000000138e+02 2.559265200000000107e+01 6.262764000000000233e-10 1.093393000000000015e+01 -6.072073000000000320e+02 -5.460984999999999798e-03
7.934733999999999732e+00 8.498729999999999896e-01 1.096061478999999963e+03 1.456329999999999951e-02 2.508530489999999986e+02 2.437395499999999871e+01 6.571500999999999805e-10 1.207931999999999917e+01 -8.209113999999999578e+02 -6.678205000000000426e-03
7.509272000000000169e+00 8.085459999999999869e-01 1.435678705999999920e+03 1.782544000000000142e-02 2.690755740000000173e+02 2.321329300000000018e+01 6.741332000000000146e-10 1.303749000000000002e+01 -1.079726000000000113e+03 -8.046777999999999223e-03
7.104068999999999967e+00 7.598589999999999511e-01 1.846191162999999960e+03 2.149502999999999830e-02 2.809528169999999818e+02 2.210790000000000077e+01 6.781790000000000214e-10 1.379294999999999938e+01 -1.404606999999999971e+03 -9.517259999999999609e-03
6.718161000000000271e+00 7.033530000000000060e-01 2.336637188000000151e+03 2.554421000000000122e-02 2.862066639999999893e+02 2.105514300000000105e+01 6.697002000000000362e-10 1.431892000000000031e+01 -1.805441000000000031e+03 -1.104213000000000069e-02
6.350629999999999775e+00 6.386720000000000175e-01 2.912275787999999920e+03 2.995818999999999913e-02 2.852020449999999983e+02 2.005251799999999918e+01 6.503698999999999670e-10 1.461489000000000082e+01 -2.284838999999999942e+03 -1.265193000000000047e-02
6.000600000000000378e+00 5.655529999999999724e-01 3.569978273000000172e+03 3.470356000000000135e-02 2.801749199999999860e+02 1.909763799999999989e+01 6.261122000000000002e-10 1.478444999999999965e+01 -2.830818999999999960e+03 -1.429467000000000064e-02
