3.402526900000000154e+01 1.000000000000000000e+00 2.491313999999999851e+01 2.140858000000000095e-04 2.491327899999999929e+01 9.554893300000000522e+01 1.293916000000000000e+10 4.783824000000000000e+19 0.000000000000000000e+00 0.000000000000000000e+00
3.235739900000000091e+01 1.000000000000000000e+00 2.250802600000000098e+01 2.113419999999999969e-04 2.250818500000000100e+01 9.099898399999999299e+01 9.357438000000000000e+09 3.594456000000000000e+19 0.000000000000000000e+00 0.000000000000000000e+00
3.076895299999999978e+01 1.000000000000000000e+00 2.032954700000000159e+01 2.087020999999999885e-04 2.032973000000000141e+01 8.666570500000000266e+01 5.946278000000000000e+09 2.371984000000000000e+19 0.000000000000000000e+00 0.000000000000000000e+00
2.925614699999999857e+01 1.000000000000000000e+00 1.835710900000000123e+01 2.061603999999999921e-04 7.699242599999999470e+01 8.253876999999999953e+01 6.909649999999999776e-16 2.836149000000000126e-06 -7.699326999999999338e-08 -2.056273999999999968e-12
2.781538000000000110e+01 1.000000000000000000e+00 1.657188899999999876e+01 2.037118000000000034e-04 7.445572799999999347e+01 7.860835699999999804e+01 7.961231000000000405e-16 3.360973999999999798e-06 -2.364895000000000081e-07 -6.326247999999999682e-12
2.644322000000000017e+01 1.000000000000000000e+00 1.495669000000000004e+01 2.013516999999999987e-04 7.182075299999999629e+01 7.486510499999999979e+01 1.298465999999999907e-15 5.657325000000000083e-06 -7.492610999999999938e-07 -2.002269000000000099e-11
2.513640200000000036e+01 1.000000000000000000e+00 1.349581899999999912e+01 1.990755000000000085e-04 6.911018199999999467e+01 7.130010500000000206e+01 3.135844999999999978e-15 1.421769000000000041e-05 -2.516803000000000067e-06 -6.717397000000000321e-11
2.389181299999999908e+01 1.000000000000000000e+00 1.217496000000000045e+01 1.968794999999999909e-04 6.634789399999999659e+01 6.790486699999999587e+01 9.236390000000000188e-15 4.366208000000000193e-05 -8.511399000000000127e-06 -2.274085000000000063e-10
2.270648999999999873e+01 1.000000000000000000e+00 1.098107700000000087e+01 1.947603000000000062e-04 6.355505600000000044e+01 6.467130400000000634e+01 2.745846000000000009e-14 1.349823000000000103e-04 -2.809860999999999964e-05 -7.522201999999999746e-10
2.157760999999999996e+01 9.999980000000000535e-01 9.902326000000000406e+00 1.927154999999999949e-04 6.073300600000000316e+01 6.159172000000000224e+01 7.741696000000000438e-14 3.947390000000000165e-04 -8.823636999999999897e-05 -2.368235000000000146e-09
2.050248699999999857e+01 9.999949999999999672e-01 8.927991999999999706e+00 1.907448999999999972e-04 5.783758199999999761e+01 5.865878500000000173e+01 2.020696999999999947e-13 1.067032000000000093e-03 -2.581718000000000207e-04 -6.945153000000000284e-09
1.947855900000000062e+01 9.999860000000000415e-01 8.048479000000000383e+00 1.888524999999999948e-04 5.473420399999999830e+01 5.586551000000000045e+01 4.924469000000000148e-13 2.689920000000000158e-03 -7.022207999999999836e-04 -1.893629000000000141e-08
1.850339100000000059e+01 9.999620000000000175e-01 7.255378000000000327e+00 1.870509000000000017e-04 5.118878699999999782e+01 5.320525099999999696e+01 1.098954999999999935e-12 6.204740999999999729e-03 -1.779785999999999998e-03 -4.808495000000000072e-08
1.757465900000000047e+01 9.999080000000000190e-01 6.541609000000000229e+00 1.853679999999999911e-04 4.685441600000000051e+01 5.067167100000000346e+01 2.275097000000000156e-12 1.326718999999999989e-02 -4.192979999999999798e-03 -1.134833000000000008e-07
1.669015299999999868e+01 9.997899999999999565e-01 5.901735999999999649e+00 1.838586000000000018e-04 4.136618099999999743e+01 4.825873800000000102e+01 4.438442999999999933e-12 2.671741000000000046e-02 -9.260300000000000822e-03 -2.510166999999999742e-07
1.584776500000000077e+01 9.995500000000000496e-01 5.332349999999999923e+00 1.826189999999999942e-04 3.486859799999999865e+01 4.596070300000000231e+01 8.022404000000000114e-12 4.982948000000000238e-02 -1.918430999999999956e-02 -5.206202000000000497e-07
1.504548999999999914e+01 9.990919999999999801e-01 4.832666999999999824e+00 1.818076999999999974e-04 2.796208400000000083e+01 4.377209700000000225e+01 1.361539999999999952e-11 8.727210999999999996e-02 -3.755765999999999966e-02 -1.020142999999999899e-06
1.428142000000000067e+01 9.982630000000000114e-01 4.405183000000000071e+00 1.816696999999999930e-04 2.156257400000000146e+01 4.168771300000000224e+01 2.183220999999999993e-11 1.445373000000000074e-01 -6.981184000000000001e-02 -1.897031000000000015e-06
1.355373400000000039e+01 9.968390000000000306e-01 4.056047999999999654e+00 1.825535999999999999e-04 1.594315899999999964e+01 3.970258599999999660e+01 3.481324000000000323e-11 2.384787999999999908e-01 -1.233044999999999974e-01 -3.348485000000000010e-06
1.286069999999999958e+01 9.945019999999999971e-01 3.795971000000000206e+00 1.849428999999999873e-04 1.215385299999999980e+01 3.781198899999999696e+01 5.066393000000000301e-11 3.607023999999999786e-01 -2.085046000000000121e-01 -5.652765999999999810e-06
1.220066699999999926e+01 9.908320000000000460e-01 3.640645000000000131e+00 1.894723000000000121e-04 9.550649999999999196e+00 3.601142099999999857e+01 7.098295999999999948e-11 5.288690999999999809e-01 -3.390159999999999840e-01 -9.159044000000000259e-06
1.157206399999999924e+01 9.852880000000000527e-01 3.610846000000000000e+00 1.969301999999999869e-04 7.937880999999999965e+00 3.429659199999999686e+01 9.450456000000000540e-11 7.443129000000000550e-01 -5.316929999999999712e-01 -1.427949000000000040e-05
1.097339500000000001e+01 9.772149999999999448e-01 3.731317999999999913e+00 2.082216000000000123e-04 7.022871000000000308e+00 3.266342300000000165e+01 1.210075000000000084e-10 1.019813999999999998e+00 -8.051544000000000478e-01 -2.142886000000000137e-05
1.040323399999999943e+01 9.658419999999999783e-01 4.034665000000000390e+00 2.244474999999999953e-04 6.654282000000000252e+00 3.110802400000000034e+01 1.492240999999999914e-10 1.362807000000000102e+00 -1.188465000000000105e+00 -3.122308000000000125e-05
9.860224000000000544e+00 9.503059999999999841e-01 4.556824999999999903e+00 2.467696000000000234e-04 6.569573000000000107e+00 2.962668999999999997e+01 1.936091999999999946e-10 1.933861000000000052e+00 -1.708612999999999937e+00 -4.412553999999999901e-05
9.343071000000000126e+00 9.296710000000000251e-01 5.333580000000000432e+00 2.764042000000000191e-04 7.067611999999999561e+00 2.821589799999999926e+01 2.250277999999999940e-10 2.474965000000000082e+00 -2.390512999999999888e+00 -6.064728999999999715e-05
8.850543999999999301e+00 9.029629999999999601e-01 6.407315999999999789e+00 3.147903000000000073e-04 7.948468000000000089e+00 2.687228400000000050e+01 2.539624999999999903e-10 3.078888000000000069e+00 -3.276085000000000136e+00 -8.170362000000000295e-05
8.381470999999999449e+00 8.692029999999999479e-01 7.825980000000000381e+00 3.633266000000000121e-04 9.207328000000000401e+00 2.559265200000000107e+01 2.809051999999999845e-10 3.744299999999999962e+00 -4.412937000000000332e+00 -1.077880999999999989e-04
7.934733999999999732e+00 8.274519999999999653e-01 9.639964000000000865e+00 4.233010999999999848e-04 1.087353899999999918e+01 2.437395499999999871e+01 3.011674000000000037e-10 4.393347999999999587e+00 -5.850184999999999746e+00 -1.392702000000000002e-04
7.509272000000000169e+00 7.768420000000000325e-01 1.190883499999999984e+01 4.960753000000000038e-04 1.295715500000000020e+01 2.321329300000000018e+01 3.151321000000000248e-10 5.004169000000000089e+00 -7.660413000000000139e+00 -1.769544000000000011e-04
7.104068999999999967e+00 7.166109999999999980e-01 1.469139299999999970e+01 5.830721999999999771e-04 1.546400000000000041e+01 2.210790000000000077e+01 3.228978999999999940e-10 5.552010000000000112e+00 -9.905438000000000187e+00 -2.217038999999999967e-04
6.718161000000000271e+00 6.461320000000000396e-01 1.802515400000000056e+01 6.855502000000000080e-04 1.836630399999999952e+01 2.105514300000000105e+01 3.243318000000000111e-10 6.008352999999999611e+00 -1.260256000000000043e+01 -2.738923000000000204e-04
6.350629999999999775e+00 5.649309999999999610e-01 2.198034399999999877e+01 8.049611000000000136e-04 2.164342999999999861e+01 2.005251799999999918e+01 3.199500000000000170e-10 6.359218000000000259e+00 -1.590935999999999950e+01 -3.348518999999999779e-04
6.000600000000000378e+00 4.727049999999999863e-01 2.663027200000000150e+01 9.424541000000000472e-04 2.525259600000000049e+01 1.909763799999999989e+01 3.125647000000000032e-10 6.642007000000000438e+00 -1.993738000000000099e+01 -4.046666000000000195e-04
